0 0.22742944329489562 0.27028070488149325 0.036810322188333355 0.03833645459715278
0 0.4258136983288887 0.2100192713702434 0.03401263050895835 0.05232621941479163
0 0.4991414423449651 0.25002798195131987 0.07994337955902786 0.07994337955902786
0 0.3875226501731591 0.7133072723201739 0.05755923328250008 0.05755923328249999
0 0.2750947321451383 0.7411757395507641 0.06653418977951393 0.040589938829583436
0 0.32890940995680495 0.7799486052420835 0.03219555737069442 0.04135235182361115
0 0.3724593882053119 0.7895606477951392 0.046039851823611144 0.03230466014423623
0 0.3311070363817007 0.8198650904244447 0.062028527735416714 0.04829333605604162
0 0.3754746322213882 0.8279328167730906 0.030814895326597203 0.04912848423243048
0 0.25332622207715205 0.8704268284565974 0.057377395326597205 0.049746733282500344
0 0.30118184061826314 0.8965542237831947 0.044622822188333355 0.03851829255305574
0 0.3211300114960756 0.9462639362641323 0.04327852773541672 0.04785692496187508