0 0.8828876602535198 0.620387375805836 0.08630568114108109 0.07644549756436803
0 0.6484998517336831 0.6998219111159092 0.06624573821317573 0.04799321509696384
0 0.7866784019813521 0.8005912986961631 0.027581344499482085 0.022338650162155815
0 0.7463423463569996 0.7725657102224046 0.06116013192686935 0.07288412094116267
0 0.5596471751407159 0.8536133384704632 0.04964043507002245 0.060193206168510115
0 0.6560832576484859 0.5274383965054125 0.06312073821317572 0.047938668019063255
0 0.6834120450758734 0.5778747731286179 0.024383569892376045 0.020721603084255236
0 0.6182258467712843 0.6196707609537533 0.0666823858558109 0.05736821509696384
0 0.62448877108794 0.8211787138758527 0.02252997146395259 0.014444329545304413
0 0.6854070004097755 0.8050685186643911 0.057525709677128486 0.0618920738632621
0 0.6446171805173994 0.7840605434211574 0.05062073821317572 0.047720479707460586
0 0.6633929133538917 0.9022611185022352 0.06108735731976367 0.07132162094116268
0 0.5914065973904569 0.8650963092494701 0.023112168320799497 0.02694432954530477
0 0.5096279044625515 0.8355667219935274 0.04934933664159917 0.05394320616851047
0 0.5322349586391619 0.9187065044609316 0.06177656203449331 0.05259889448011279
0 0.7198932005763913 0.5566543380634261 0.03895549214211709 0.0319045649348082
0 0.7998782611631425 0.6649947179330424 0.034267992142117266 0.031822744317957154
0 0.7834098910230974 0.5460538031603901 0.03902826674922295 0.0334670649348082
0 0.7699338959854961 0.6254412942319363 0.04698631596343468 0.036728432629559826
0 0.7001758217498938 0.7701986408233696 0.047350188998963996 0.044540932629559826
0 0.6280397642635144 0.9477003035674272 0.0877568651776464 0.04056254464226896