0 0.390583711250822 0.6193831151354724 0.025636346674090583 0.05541492570596276
0 0.5664195052514583 0.619810327130524 0.027107940006363407 0.04764788981258548
0 0.5528024479233217 0.5811199001709199 0.045876121339908774 0.049755959092057725
0 0.44767059993636654 0.48193459092057755 0.025345445337363513 0.03041492570596276
0 0.26749384595800196 0.31726302249903515 0.030378390674726852 0.060238818025830906
0 0.5890490305935943 0.5556030746232415 0.03159544533736351 0.030596782132453627
0 0.6034473379217309 0.5943162336361569 0.027035214672181597 0.04139788981258565
0 0.509524615253049 0.6064321372387961 0.025345445337363513 0.030414925705962936
0 0.529382581914413 0.646085670624891 0.025472714672181596 0.04135242570596294
0 0.4667018632638668 0.525471642253361 0.025654528007635947 0.05697742570596276
0 0.44191949192395796 0.5732044486007094 0.034793170671545325 0.03693771034569906
0 0.37414164592618515 0.5548205099626229 0.0255090773392725 0.044477425705962935
0 0.3773564579090042 0.6815194022824909 0.0317590773392725 0.044659282132453626
0 0.33456952124445866 0.6646441393503671 0.02712612133990877 0.04921038981258565
0 0.4040445852164599 0.8729854882550105 0.03333975867281787 0.04626724623907634
0 0.33534912921709625 0.8662975675636126 0.028688621339908772 0.04925585391920819
0 0.32076846121105107 0.9104196406040085 0.03815452800763604 0.057341138558944495