0 0.96367739320409 0.5449595336861901 0.07264521359182012 0.10401102076024671
0 0.7445654022355478 0.44575673524561454 0.09590330517696728 0.09431768577927464
0 0.6705741653897274 0.44663880292638086 0.06697466837349922 0.052610346843970035
0 0.6143619627447741 0.4583774575652856 0.06384966837349922 0.05248301285158128
0 0.6189353416557344 0.49675420805957715 0.037196163111827475 0.04983817391627667
0 0.6818826626883043 0.5203628044092556 0.06724768415851479 0.05729784684397003
0 0.6501622258283665 0.5377757974891735 0.060633663111827295 0.050793178859192524
0 0.7607503863093579 0.5898250702265864 0.09232327886860806 0.08637785178688588
0 0.6871308757860142 0.58370772140545 0.06853716837349921 0.052674013840164416
0 0.6854010467903493 0.6342979704168669 0.06733868942018653 0.058860346843970034
0 0.7280512783744978 0.6305800628122127 0.056310184158514784 0.05685217787060921
0 0.5893682099727637 0.6046648671471061 0.06651964206513998 0.044797846843970035
0 0.5831706888554893 0.6722197816718427 0.06430469468185844 0.06029551285158128
0 0.5380479046546223 0.6602490222803025 0.06577618942018652 0.05879667984777566
0 0.5502902994211852 0.6295720252460519 0.05107665258848364 0.04728617688202626
0 0.5490910914439728 0.7160361072612744 0.07789675782192056 0.07955484882113631
0 0.4972856677382147 0.7365276793906651 0.07873121572854594 0.06711851581733086
0 0.5027235966350576 0.7897481798849567 0.08065773677523325 0.07343218281352507
0 0.434558154584035 0.7300747495428894 0.09526626834526439 0.08338018577927464
0 0.3468467810053338 0.6158265657407811 0.045008663111827295 0.05015650889724856
0 0.3886093467762318 0.6370131576418353 0.060633663111827295 0.050793178859192524
0 0.4194267072713407 0.6710034970714316 0.04308214206513998 0.04384284190105418
0 0.40223223101945116 0.6032748276037792 0.03866765785015538 0.04833934091247087
0 0.42862042577189674 0.587982750037181 0.07211719468185844 0.06061384783255317
0 0.4793253520379038 0.64226834342111 0.05207771046687384 0.06447367688202625
0 0.47744506264595205 0.5564581774134988 0.07009966837349921 0.05273768083635879
0 0.5652180784309675 0.5647110292003846 0.09268729991529537 0.09262785178688589
0 0.5546152364222974 0.46295752821180153 0.0653211631118273 0.05098417984777566
0 0.5032949311041557 0.5185416833449978 0.08140118942018652 0.059433349809719614
0 0.41385299950588983 0.5351614975657231 0.11014781570031093 0.09801568874502423
0 0.5019151706513993 0.4413252673373866 0.05860072625188941 0.06941584486680377
0 0.45915154700211075 0.4029511754363324 0.09288472099021768 0.06925401878308027
0 0.40336427858625934 0.39522224707143155 0.06034523677523325 0.07260451186299814
0 0.4235633865211194 0.3539579185162502 0.0785492052052021 0.06399351581733077
0 0.4188311129141832 0.2727079185162502 0.0540196420651398 0.04428851087441492
0 0.4808305839749881 0.26666084836402587 0.1124537683452644 0.08408052273741298
0 0.34919969432892256 0.4421171517103362 0.05245714206513989 0.044224843878220454
0 0.44676493906725073 0.44453383897248566 0.07789675782192056 0.07955484882113631
0 0.5830818706655168 0.42982403463759217 0.06550317363517096 0.054109179847775656
0 0.5822290861117139 0.7898701966908707 0.07671368942018653 0.059242348821136305
0 0.5655567965785877 0.8515425257403436 0.06733868942018653 0.058860346843970034
0 0.5381598386719626 0.8628965198088444 0.06550317363517096 0.054109179847775836
0 0.49560831762527513 0.854927510911596 0.06274219468185845 0.060231845855386726
0 0.6351658283603804 0.641603793040549 0.0738617052052021 0.06380251482874755
0 0.5306324338761661 0.3723497742574688 0.07046368942018652 0.05898768083635879
0 0.3584690075395719 0.38715773767989137 0.0722992052052021 0.06373884783255326
0 0.42060571551678433 0.3031766685162502 0.05888915258848364 0.04760451186299815
0 0.4631418260118931 0.33764451041730437 0.07873121572854594 0.06711851581733078
0 0.5141245572431059 0.7044791833449977 0.07707771046687384 0.0654923488211363
0 0.8386331916274994 0.5353232540286947 0.07882222099021767 0.06868101581733085
0 0.43704684677623185 0.6389868345238614 0.06890118942018653 0.05892401384016459
0 0.7903153309206292 0.7227476581733079 0.08269067363517095 0.05480951680591382
0 0.5973220070454618 0.9151885316718428 0.07845819994353036 0.06243101581733086
0 0.9018157310900383 0.5495886838764704 0.09728379465362344 0.0912563527754692
0 0.8548189047252095 0.59911383999825 0.09114021046687384 0.06606535178688588