0 0.23201266116648195 0.08032531215333619 0.07828329117755661 0.10209134890464333
0 0.44783102097637445 0.2423636255603136 0.06205751387966067 0.09226170783841656
0 0.43418072871908375 0.32101982297388887 0.05783108883351815 0.07498327962517112
0 0.37846524753598987 0.5064655779884537 0.07758238433001133 0.0911538489046432
0 0.3358865237541516 0.4747011009497074 0.059794107032115386 0.08127874373179385
0 0.2793850023163518 0.4159194828447341 0.07598031153562221 0.06615384890464338
0 0.47697140114433256 0.4349746743858146 0.05777053207825791 0.09837531551854858
0 0.4747313733850113 0.6164974590255508 0.05689035009228505 0.03596624373179384
0 0.4131244424787727 0.6984545011871341 0.07658108883351815 0.0755288489046432
0 0.39580773211516973 0.7488265742275301 0.06171755243632351 0.06261967194503928
0 0.36805416949981345 0.7910678985215671 0.05646884793281668 0.07806281551854859
0 0.39807233652639146 0.7989856986007096 0.044630181985972864 0.06368206677218975
0 0.27842117057954757 0.8095929264973858 0.04216651603912895 0.04957410266556721
0 0.2372256716592817 0.8295273417785072 0.06019462523071262 0.08752874373179367
0 0.24490896129567882 0.8806268405248663 0.044129534237726274 0.055869566772189926
0 0.21713561228312792 0.9353908968722144 0.06307979333702489 0.05954013605166182
0 0.3096828601236596 0.8958175830030187 0.050118718383167414 0.07631845909205773
0 0.34201569633628404 0.9531132574553404 0.06518251387966068 0.09235263605166182
0 0.11267864976005666 0.9409612837818063 0.05486677513842757 0.05306281551854823
0 0.011071044882796983 0.8826366552519918 0.022142089765593967 0.06574467194503911
0 0.09840180598929305 0.7362594119159093 0.07950582973421945 0.07249477711788863
0 0.5765556007105939 0.17566552203681676 0.051080441085271565 0.06698892319868044
0 0.6444835803525283 0.14163751451496936 0.059794107032115386 0.08127874373179385
0 0.6921212415190101 0.21659806208682922 0.04911742288667433 0.06069345909205772
0 0.644085457281284 0.26998983504808277 0.051480959283868796 0.07323892319868044
0 0.6729428400701357 0.3326633312871591 0.0779223457733483 0.12079588479802066
0 0.8137168368309332 0.2733601906166437 0.056468847932816854 0.0780628155185485
0 0.7611623357511992 0.2506979289381612 0.06518251387966068 0.09235263605166191
0 0.7713266826042817 0.15315533920471788 0.08902053207825773 0.09928459765100213
0 0.8894549213455146 0.11745718309479627 0.07289488433001132 0.09101745658477531
0 0.9402757441399039 0.09388930245341073 0.06253957279438893 0.02677310015828458
0 0.5798191054909558 0.08809732587688274 0.06634449568106326 0.08614810015828456
0 0.32100770512181565 0.21832306881725377 0.07123225478036196 0.0894094924781526
0 0.3491548866463631 0.32872101121626407 0.08206962523071262 0.08816524122451135
0 0.3589921591638971 0.4072779202291795 0.012139054595791876 0.01906824874635884
0 0.26533419186046386 0.5008256802583094 0.059393588833518154 0.07502874373179384
0 0.23385604951088804 0.6134022366056578 0.0669452729789592 0.09552310015828454
0 0.1639872331949039 0.7632143685006847 0.06165699568106335 0.08601170783841638
0 0.3186444548172738 0.7559738330030188 0.05434514342930994 0.09359688730530316
0 0.41393357572904976 0.5881163947606435 0.10578652991878953 0.14188127461060632
0 0.41690387724252265 0.8715426602000498 0.04739423658176456 0.08247753087881264
0 0.5611032626522682 0.8076429477427798 0.06019462523071262 0.08752874373179367
0 0.6462337384366912 0.5173876722742436 0.049657643429310026 0.093460494985435
0 0.5850423218715385 0.3363673413162889 0.05067992288667433 0.06073892319868044
0 0.9741932618770758 0.2608100294921572 0.030586270819490835 0.1365739974927175
0 0.766757900987449 0.07788255456498179 0.07205427513842758 0.05356292069139799
0 0.6374604272056109 0.043594819608676574 0.06752746144333699 0.031596992478152605
0 0.5497799545035068 0.031651097584495094 0.10044009099298634 0.034114238717228906
0 0.4011922601790328 0.02967575745534039 0.0601154796419344 0.0376196719450392
0 0.27854798581579754 0.636618427751027 0.059593847932816676 0.07815374373179385
0 0.17436712138242655 0.9310156339400908 0.06049501387966063 0.09221624373179367
0 0.39550466224621605 0.10621552540202905 0.07601988433001132 0.09110838479802066
0 0.11625303516980212 0.8729698017284949 0.06997014342930993 0.09405152837152997
0 0.8188666093484672 0.35178070730969113 0.05626858883351815 0.0749378155185485
0 0.7147508058324096 0.3886692903792168 0.07323484577334831 0.12065949247815269