0 0.34268273211516975 0.7586433127871264 0.060716256939830335 0.04867969468185844
0 0.3354140453488349 0.9087798206796341 0.06317992288667425 0.06283319994353036
0 0.3298661497600567 0.9586433127871263 0.04967862739018099 0.04648015785015538
0 0.4658944848929469 0.9913963576525113 0.0398029796419344 0.017207284694977433
0 0.526048339765594 0.8830272047110921 0.054966904688076926 0.056128173635170954
0 0.6113733729235861 0.8119327256871921 0.04881703423772628 0.05732665258848364
0 0.7440449730158711 0.7851566650367916 0.07910531153562203 0.06843075256024882
0 0.7656183868032466 0.7299532255460178 0.04156573874123311 0.04133763154179633
0 0.8529762893318551 0.639372999152954 0.06141716378737527 0.05961719468185844
0 0.643195980878552 0.3887682414722077 0.06328005243632351 0.06439569994353037
0 0.41896673889811653 0.35139923116062555 0.07295544108527138 0.06962923151356133
0 0.3992969841177546 0.43808018380557884 0.07531897748246603 0.08222023677523324
0 0.5473012924141742 0.31888140472520937 0.04302810919158375 0.039866136803468066
0 0.46566936304909506 0.24668861533325764 0.053204145588778215 0.05291216837349921
0 0.45431036088962673 0.20368206797821103 0.07704216378737563 0.060527247298576906
0 0.5695942018826131 0.17902994944942008 0.06520349784053163 0.04582771046687393
0 0.5186522655777036 0.15410627318341313 0.039903109191583755 0.03968412628012441
0 0.5636958528700623 0.2343621915569123 0.07079216378737563 0.0601632262518895
0 0.38999753701550344 0.2038571022496652 0.05895349784053163 0.045463689420186526