0 0.6348998891985167 0.916552336252888 0.04281479139585791 0.0383946420651398
0 0.4099566160666034 0.7278483390954855 0.057013659090609535 0.04702618942018653
0 0.412528237007766 0.7857518443571575 0.0666068474022122 0.060072220990217674
0 0.24099415624464515 0.7952725155732541 0.06819662094116259 0.061725726251889414
0 0.14177540624464516 0.7894936814570916 0.06682503571381497 0.07257222099021768
0 0.12921513067709994 0.6958878946253886 0.047747753246410875 0.052730157850155376
0 0.10810992369781083 0.5151538341161623 0.044568206168510205 0.0494231473268119
0 0.5716933624164506 0.38060015472520936 0.03223184740221221 0.05807010523343692
0 0.5271524297868908 0.3327395073983975 0.07798072402541756 0.08570925782192056
0 0.4765194099013884 0.20413709428657026 0.06641593262955983 0.04913472099021767
0 0.6144830600635443 0.238708057313693 0.052407979707460584 0.05144067363517095