0 0.12857596615206882 0.3759846027250724 0.03950211575678066 0.035684528855940555
0 0.052203910975101575 0.4690922511811264 0.04124662628012436 0.03886409255827132
0 0.10532120569931229 0.4539831171530427 0.03739358418674961 0.02625496515360979
0 0.10903076364828981 0.5107688304925538 0.05907116311182734 0.05040179328391083
0 0.11983248477968181 0.5930356934692453 0.06293961575678067 0.03650298439090349
0 0.09066862954624483 0.6252405582600352 0.06899219468185842 0.06010417549789597
0 0.16396191637794777 0.6117658461016504 0.04731461575678066 0.03595734736759475
0 0.15382107692952635 0.6386284464644701 0.05687162628012436 0.039409729581580066
0 0.13192369012605826 0.6799354927436058 0.03921368942018653 0.05750496515360979
0 0.18187818749522236 0.6789707042690185 0.04685958944842143 0.02814484736759475
0 0.21287058226178535 0.7090748665200705 0.06274219468185845 0.05988592068857255
0 0.29066092427045553 0.6050024362128511 0.06045165258848364 0.0473313569862416
0 0.27502894801856603 0.6725991639803326 0.0707367052052021 0.06328373920022674