0 0.35926916327836816 0.18813804643304471 0.07616376291777786 0.05524451089576328
0 0.36410082722232645 0.12763758900769168 0.06969555737069441 0.04543246832111634
0 0.31667966014423615 0.06738315001967048 0.06351829255305556 0.048120425746469395
0 0.3707859318957292 0.07974639222600034 0.09077177678548613 0.07966535668871891
0 0.5198416809457986 0.11668865337386516 0.10141833605604181 0.06793018119435104
0 0.49395263459302097 0.1772765921097848 0.08877286569131951 0.060806096045057156
0 0.4744584053945835 0.21101245374218225 0.06351829255305556 0.048120425746469395
0 0.5651554873665626 0.18693545139639373 0.08601154160312507 0.07621257475773366
0 0.5913738016711113 0.2410273716949815 0.08136040919430557 0.07744729282674853
0 0.5328346030578821 0.23927384755766648 0.07009560087368065 0.06261996832111638
0 0.44747898451677104 0.25826451215627105 0.07354790919430557 0.07690098960843983
0 0.40574673261690997 0.30838484445557335 0.06667966014423606 0.049901447033792935
0 0.42938490757878495 0.35215662378866847 0.05926720364722229 0.06654264381548422
0 0.5152853867772225 0.3230643395118947 0.06239220364722229 0.06676116510280768
0 0.31194087480937516 0.23240721647953091 0.044986498100138925 0.056184298022528625
0 0.66396058254066 0.4106785900160979 0.07183993882958344 0.07054172896477802
0 0.4162692713702434 0.45887651735205115 0.07936149810013901 0.058588032183086725
0 0.27764579530593797 0.6020587987788332 0.052726262917777864 0.05360560124083733
0 0.20771515501333382 0.6135483198140552 0.0766001740119445 0.07399451089576328
0 0.5025165491056601 0.5117062224316157 0.09393314437666671 0.08144637797604233
0 0.6020613010055211 0.4656285339477976 0.062210365691319505 0.058948665102807676
0 0.6712119977188893 0.521162621947083 0.07507404160312507 0.07544775025210164
0 0.5557513050895837 0.5536477039942838 0.07827177678548622 0.07879127153942492
0 0.5857492360353824 0.636083145580195 0.07649107123840296 0.06930701089576327
0 0.4505195976426394 0.5899679802252858 0.07790810087368065 0.06316627153942492
0 0.4201768277910073 0.5262279083175437 0.06842399810013902 0.05782320767745475
0 0.36381903143822963 0.5846852645020595 0.04287848423243057 0.03263753737886681
0 0.4115486698309727 0.6246818338119116 0.06875130642076392 0.07188570767745475
0 0.4164368447928478 0.6671424854210659 0.06700696846486114 0.06396394703379293
0 0.3594796363959728 0.7333577112837508 0.0748922036472223 0.06763525025210164
0 0.368800738219584 0.7652086448238904 0.0687876740119445 0.07344820767745457
0 0.4743591007767714 0.7094117489147193 0.07961607123840278 0.06952553218308673
0 0.49979420545017417 0.6628316798569687 0.08423083605604162 0.0667283141140718
0 0.4952541354460423 0.7693712569604909 0.07801720364722228 0.0678537715394251
0 0.5656211868328131 0.776631735925269 0.057341027735416716 0.050808383171822416
0 0.6384768053739242 0.7567669861773705 0.08423083605604162 0.06672831411407198
0 0.4053759774860076 0.8621436289844485 0.08077852773541672 0.05244729282674854
0 0.34082382142583406 0.9036484319506556 0.08775587955902786 0.08413433540139544
0 0.3213581212939935 0.5364773574450236 0.10665134992375007 0.0916954631253363
0 0.4759527426848962 0.4427705521330279 0.08139677678548622 0.07900979282674854
0 0.5443020459715281 0.3968514007759751 0.07943423328249999 0.06171303218308673
0 0.6734304207809032 0.616475121947083 0.09291615824437507 0.10477461733238051
0 0.6084977114340978 0.7086519142696284 0.10200021751493064 0.09293018119435104
0 0.3463094488006604 0.8377338548471336 0.10029224715020835 0.08657092055068957
0 0.28949444471659785 0.7425034823189728 0.06849673328249999 0.06094820767745475
0 0.31191953105697995 0.9912091440675859 0.05396145459715278 0.017581711864828264
0 0.46872996266836875 0.8696936850527488 0.06558993882958344 0.07010468639013112
0 0.43177417011531316 0.823430690248529 0.07009560087368065 0.0626199683211162
0 0.5328093400431951 0.8078763820865417 0.04636716014423605 0.04848105866619044
0 0.5493798974138896 0.8495939885231591 0.05098192496187508 0.04568384059717552
0 0.5574112561713549 0.8930544114196369 0.06522626291777786 0.05447968639013112
0 0.17294403077263953 0.7951918037225117 0.060684233282500076 0.06040190445914586
0 0.6143268712939935 0.5569637281315989 0.07042290919430556 0.07668246832111639