0 0.63203125 0.006371407675694196 0.0765625 0.012742815351388392
0 0.16328125 0.31651208672163184 0.0671875 0.056251306420763925
0 0.02890625 0.43448344956315965 0.053125 0.03248649810013902
0 0.05546875 0.4651152005130902 0.0609375 0.03423083605604162
0 0.0453125 0.38410158985576387 0.075 0.04549564437666671
0 0.68046875 0.5497869140408674 0.0765625 0.07209451196784719
0 0.07578125 0.5841736718277429 0.0984375 0.052291158244375066
0 0.134375 0.5664036371584722 0.0859375 0.034812717514930466
0 0.9609375 0.2885714314239575 0.078125 0.06744337955902786
0 0.56875 0.3328559468102773 0.08125 0.07845361474138901
0 0.49921875 0.3235368046178121 0.128125 0.08110714247680573
0 0.39921875 0.4633643304533678 0.125 0.08103440729444458
0 0.234375 0.4617323613229165 0.10625 0.058722996200277856
0 0.2203125 0.5222159196435415 0.071875 0.07198540919430556
0 0.17578125 0.6154398959921874 0.0875 0.04422408510611113
0 0.15078125 0.7121155274510762 0.109375 0.079108231382639
0 0.2609375 0.700957862272847 0.103125 0.08052526101791671
0 0.28984375 0.6284100618360068 0.115625 0.0808162017473613
0 0.04140625 0.7740362588337153 0.0828125 0.0706774823325695
0 0.1671875 0.7859524177436804 0.1234375 0.07006053970326409
0 0.23046875 0.8344795303008679 0.115625 0.062066201747361306
0 0.28515625 0.8761754146095484 0.0984375 0.06322865824437507
0 0.3671875 0.8375473660725692 0.1046875 0.06493662860909737
0 0.3328125 0.7852224530785414 0.0703125 0.048511541603125076
0 0.3828125 0.7481211901607635 0.0921875 0.05058318787965277
0 0.478125 0.7716840170987496 0.0578125 0.05447060087368065
0 0.4578125 0.8252817957840968 0.1109375 0.07445709897381966
0 0.47890625 0.6599470833031593 0.0765625 0.07365701196784738
0 0.40625 0.6991381762930552 0.0953125 0.05534342306201392
0 0.48203125 0.5934680981207983 0.078125 0.06119337955902786
0 0.40234375 0.5968853452710066 0.109375 0.075983231382639
0 0.57578125 0.6186297926499649 0.065625 0.042152438829583264
0 0.55 0.655167357904444 0.096875 0.055379790653194406
0 0.53671875 0.7101639824294788 0.1109375 0.06976959897381967
0 0.65390625 0.7238426630909369 0.096875 0.05537979065319458
0 0.6046875 0.7765507422131245 0.109375 0.05098323138263901
0 0.71328125 0.41933569462607584 0.0765625 0.0783445119678472
0 0.659375 0.676840376521805 0.090625 0.05835932028847228
0 0.79140625 0.45501731506704796 0.0546875 0.0700228656913195
0 0.85390625 0.4574688614198257 0.090625 0.06148432028847228
0 0.84453125 0.359249566966909 0.06875 0.0609751740119445
0 0.89453125 0.3487108040491312 0.08125 0.06126611474138901
0 0.83828125 0.27033253733163126 0.09375 0.047494555470833436
0 0.92578125 0.45032720222552003 0.04375 0.051018292553055566
0 0.96328125 0.4385168800371867 0.065625 0.042152438829583264
0 0.88828125 0.5160437744138534 0.0828125 0.0784899823325695
0 0.94765625 0.5060680559489923 0.0515625 0.04495013050895835
0 0.96875 0.5352645934680547 0.0609375 0.035793336056041625
0 0.78828125 0.5722775502494091 0.0765625 0.059594511967847194
0 0.853125 0.600455795215416 0.065625 0.03277743882958326
0 0.77734375 0.627219623387673 0.103125 0.0680252610179167
0 0.74453125 0.6592333428024647 0.059375 0.04200696846486114
0 0.7953125 0.6893013960890966 0.0984375 0.05072865824437507