0 0.40503565519344764 0.3017824458601039 0.04358497925407558 0.042140878424238616
0 0.3501696338228234 0.24402822282980563 0.030469672615379827 0.053575285892771426
0 0.54299482863402 0.17474911702559118 0.033476273445216795 0.05224958423309749
0 0.30060122200461303 0.543210161417225 0.026989475104890737 0.04865098755244546
0 0.3172218821724382 0.6190389556083662 0.03551237012586883 0.05861798340326061
0 0.35095826474586167 0.6542194390116267 0.039963071785542856 0.055848180913749525
0 0.47230231371088766 0.7589563284335273 0.03359467261537983 0.05381208423309758
0 0.48498083508151196 0.813513773869424 0.030114475104890737 0.04888778589277152
0 0.3916792757435238 0.7303209203402947 0.03323947510489074 0.0491245842330974
0 0.3895257025080885 0.7736565232447241 0.049361382573423464 0.03636447510489056
0 0.3720906713892019 0.8305926848624416 0.04791728174358649 0.03780857593472788
0 0.448345518069854 0.8425850446153484 0.027249584233097403 0.03158188672260849
0 0.4373730518880329 0.8720474016689629 0.048390878424238615 0.04405857593472788