0 0.33515828825595695 0.24550777435302457 0.08357878742738745 0.051418224025417736
0 0.4302139230783105 0.2828793149381034 0.073912688998964 0.04500458279171564
0 0.6382832882559569 0.24021670779665855 0.07678513192686935 0.07315685633066593
0 0.27048570450984194 0.4105657585247119 0.06726458271265771 0.06986821509696402
0 0.38255121091998273 0.38441058725923777 0.06860875889134013 0.0652079886359143
0 0.45589881968748835 0.368298617698047 0.0852140620344933 0.053007997564368026
0 0.33279945988652543 0.4805140198887976 0.0794007096771284 0.06227390340856651
0 0.20560760546224593 0.6638368088490235 0.056797963606069854 0.046267073863261746
0 0.3490751232449263 0.5333117374213936 0.06853598428423435 0.06364548863591431
0 0.5002951749403373 0.48773836445163604 0.08928513192686935 0.0733750446422686
0 0.5540237965281246 0.4235707244357501 0.055817660462916766 0.05873980032431163
0 0.8276046916895604 0.44923933158049023 0.058724336641599 0.05410684740221221
0 0.8685357526905964 0.4922393092593559 0.05240156203449331 0.05243525324641087
0 0.9049227088530681 0.5657625840161222 0.06326628742738763 0.05106366801906326
0 0.8349184239068801 0.5771325064994123 0.05396406203449331 0.05246252678536116
0 0.7928379317647629 0.6090916185121211 0.06341183664159936 0.05418866801906326
0 0.6052053068672067 0.414090584419864 0.06243153349844608 0.06666139448011296
0 0.08837964164677911 0.16394767735455412 0.0825984842842343 0.06389095048646735
0 0.05034029425181299 0.18572326582831258 0.10068058850362598 0.06896028003177208
0 0.08546650330976888 0.2600141538156037 0.08913958271265772 0.0702500446422687
0 0.19546427977890155 0.4626152280859028 0.11308650496239876 0.08159664772652384
0 0.553396596156621 0.5711178802799488 0.08833906203449331 0.0530625446422686
0 0.48019872891206 0.8018963218379623 0.11970037799792799 0.089518241882325
0 0.03929147828837827 0.2601602041399153 0.07858295657675654 0.07342959172016936
0 0.17160736455847392 0.20386751948176057 0.11108735731976357 0.07219437418757346
0 0.33346508581753886 0.5835435625024715 0.08118153349844599 0.06698867694751698
0 0.30246333478408155 0.6793197126646273 0.0823073858558109 0.057640950486467446
0 0.279858434660247 0.7288930186709817 0.08750430810555185 0.06866027110331849
0 0.3073926215922964 0.8751680008140742 0.12387845574818694 0.07866256249917605
0 0.331660567415686 0.9574895771129681 0.0885573858558109 0.05775004464226861
0 0.47693464185617607 0.704376439532714 0.05643409057054054 0.03845457386326192
0 0.5074996294501792 0.9028997142894802 0.07983735731976367 0.07164890340856686
0 0.5652715498378935 0.6848803713514949 0.05156680810555194 0.06803297970746058
0 0.6259757634439633 0.6385451136408572 0.07514985731976367 0.07156708279171564
0 0.4161448451231637 0.6687486310907277 0.0827440334984459 0.06701595048646744
0 0.26937050661953776 0.5183100746773361 0.07235018899896399 0.04497730925276535
0 0.8461063269261988 0.6386057946488594 0.07344180810555159 0.06841480925276536
0 0.4281311147678709 0.7466008957012242 0.06290241439185813 0.04325116801906326
0 0.48548985049984716 0.7385741615295368 0.06639128742738727 0.051118215096964015
0 0.16914787469266832 0.5918760340922572 0.0838698858558109 0.057668224025417734
0 0.16646825434322618 0.1633652504070371 0.07718323821317571 0.04818412986961631
0 0.49438989309452114 0.21228439691904016 0.05523546360606986 0.04623980032431154
0 0.14468075992930665 0.7819925194817605 0.08194351282028159 0.049828450486467446
0 0.7299397096816376 0.8701342585280074 0.051819365177646404 0.039935253246410694
0 0.6511961255212378 0.8847791854755244 0.10116870181924557 0.09387845941492116
0 0.6738225661728316 0.49954111485867314 0.05977741439185813 0.04319662094116268
0 0.5421317262214636 0.29341562013367894 0.10163958271265763 0.07046823295387146
0 0.41707368259333244 0.9169679427791249 0.05843323821317572 0.04785684740221221
0 0.4602414857364856 0.9287042836885153 0.06319351282028159 0.049501168019063256
0 0.6731205529382654 0.3972928222449994 0.08259848428423418 0.06389095048646727
0 0.18268814392309068 0.51904250608908 0.051819365177646404 0.039935253246410875
0 0.2248756439230907 0.5183061205374208 0.055817660462916766 0.05873980032431163
0 0.23413932795965597 0.5540527057647684 0.05247433664159917 0.05399775324641087
0 0.42486918176476285 0.6155145369349262 0.06519266046291676 0.058903441558013546
0 0.4684565159251627 0.6014832646137919 0.06050516046291676 0.05882162094116268
0 0.4517528211352304 0.4237946412369974 0.07115156203449331 0.05276253571381488
0 0.413756323202145 0.23398784740550754 0.07932793507002263 0.06071140340856669
0 0.7508602551717958 0.4544819849890569 0.0682448858558109 0.0573954886359143