0 0.6508582246806836 0.32104282324159517 0.07867037427505359 0.04931020401018138
0 0.5337182688718246 0.3114780139242762 0.06063076929603195 0.058467028007635945
0 0.47825044148720436 0.26060640459900314 0.0486276767645645 0.044277258672817864
0 0.3505057950163338 0.17466999928391136 0.08321616431701004 0.06809656667727229
0 0.7254922943916339 0.26319341323205014 0.06389747925407559 0.039771572008272395
0 0.7121868109883733 0.29457068256686825 0.05187107593472771 0.045876121339908774
0 0.41569736160378457 0.5813643472708665 0.06389747925407559 0.039771572008272395
0 0.5648210232215021 0.6014848485837311 0.07121307178554268 0.05390679734245403
0 0.5769290142984325 0.6786195132479584 0.07876546265733601 0.07116702267663584
0 0.6463185543403888 0.6590786252387316 0.07206517676456467 0.044549978675999566
0 0.8028053526807148 0.6541354918841871 0.07649256763635784 0.061773841343090476
0 0.6134459321399275 0.7117587299093223 0.0678512734452168 0.0507454346753633
0 0.5738030916830527 0.7301729225811858 0.06015717261537965 0.052217028007635946
0 0.5023191779907425 0.7052461952578216 0.059091580083912555 0.03815452800763595
0 0.7019863686527544 0.7794178498965957 0.06617037427505376 0.04916475334181776
0 0.3786099134685955 0.67936604260823 0.07313076929603195 0.05861247867599957
0 0.42899915454552584 0.756055264600594 0.0673543659766839 0.06478975334181776
0 0.3606043520560149 0.7521677432765935 0.0744564709557058 0.05550566000954511
0 0.410862615953462 0.8717893526018667 0.06557837842423861 0.041352253341818114
0 0.502256287944142 0.9120956319223673 0.0845418659766839 0.064989748010818
0 0.4635167871189493 0.7228700472629124 0.06617037427505376 0.04916475334181776
0 0.5098584068438329 0.10100413792968506 0.05606166846619498 0.059974984006999674
0 0.45634232053614293 0.12738537193668473 0.061459563487172984 0.069404528007636
0 0.5763714006200555 0.08852177192077637 0.06519987012586874 0.05695907200827235