0 0.5192162475529293 0.19926852868217187 0.0888293762235353 0.08831962523071266
0 0.49963786833416907 0.2442107888612047 0.0551438569862416 0.061216904688076924
0 0.4633084987340556 0.275551623994095 0.041989092558271324 0.04166586829088237
0 0.37389876915247566 0.324631869213733 0.0703869110699257 0.051280700184570094
0 0.2825049320364999 0.22873028145994906 0.08592263103285883 0.09436936613141408
0 0.17887398974838095 0.14692147208379522 0.07756449400955026 0.07824371838316742
0 0.4466715810407081 0.3707942728220758 0.06844246515360979 0.04024307063492083
0 0.4672916158870983 0.40813358651716625 0.055198420688572544 0.06277940468807693
0 0.4146477655242786 0.413372996603914 0.07583830290255769 0.07345608883351815
0 0.36025787668687154 0.4686124066906617 0.07583830290255769 0.07345608883351815
0 0.5767658196079626 0.4347239697674434 0.0645188569862416 0.06181768198597286
0 0.5137648226031875 0.4674876025562952 0.06942461179556503 0.06836807063492074
0 0.556049037123825 0.5571101094961255 0.05692461179556503 0.06756703423772628
0 0.48148056834201824 0.6744792797619061 0.04042659255827132 0.04156573874123311
0 0.40598206053747 0.6391041818290893 0.10834326805616748 0.11139617982650449
0 0.28549348966356297 0.47948125308231904 0.0438244110699257 0.04957849784053181
0 0.28313487069642174 0.3900682996585464 0.04905754809323426 0.06550388648947969
0 0.640602564080849 0.8937368267995588 0.07583830290255769 0.07345608883351815
0 0.6190797389457728 0.9495164574289422 0.04297123920022692 0.06979086829088246
0 0.5520137792344586 0.8520418776947227 0.05934028366526398 0.04745479333702498
0 0.49657974556919465 0.8923374082318212 0.07433036660488845 0.0749184592838688
0 0.45065466507664087 0.7500206978682182 0.04549603847458741 0.052803627390180984
0 0.4122196476534457 0.7295487091269852 0.04760417549789597 0.06852875693983033
0 0.40502965182979694 0.8457547000276865 0.04845734736759475 0.04831638648947987
0 0.3195311506486706 0.7604098804725 0.08543155771188111 0.08030686613141391
0 0.38071418730915946 0.7572836829088235 0.04387897477225655 0.05114099784053163
0 0.16722460618363347 0.7271596846068664 0.08187004809323425 0.06760660703211538
0 0.533258833951115 0.7388712492248077 0.06155754809323426 0.06630492288667433
0 0.39517602450995326 0.5225279511074208 0.0806349303072194 0.07688147748246621
0 0.47112096561694583 0.5226967342654129 0.07104167549789597 0.0700307001845701
0 0.6503099578123975 0.5036427529254355 0.07147818511654283 0.0825307001845701
0 0.3013789284083028 0.3160695951550395 0.07572917549789597 0.07033108883351816
0 0.21491314955236226 0.34811253469915154 0.09965774881887368 0.08589553207825791
0 0.17736107505025822 0.27993423118309385 0.07325893992586621 0.08888082973421944
0 0.19437001497612444 0.19646039712993776 0.10371033175849816 0.11265829117755652