0 0.6364317285328474 0.17435180936746475 0.05890352773541672 0.04822060087368061
0 0.3746325109210075 0.7143280716196525 0.03833645459715278 0.036810322188333446
0 0.4148763044239937 0.7305881980445482 0.0542523953265972 0.04967399810013902
0 0.32944664427975756 0.6872395479682984 0.04113414627652778 0.022820557370694418
0 0.29741670070052145 0.7552089511786804 0.06733427678548623 0.07496493882958326
0 0.3753786997505909 0.7799712554152428 0.06271951196784728 0.07798083605604163
0 0.4283406988006604 0.8053154411106942 0.051381968464861136 0.06053876291777769
0 0.4733434210652437 0.7573675971708677 0.05621493882958326 0.0668978656913195
0 0.33055781544191043 0.8357315993550692 0.05603310087368056 0.05908536569131968
0 0.39694718806708407 0.9006285943210759 0.051018292553055566 0.04491376291777769
0 0.642186952884723 0.8917938825057288 0.062137630508958354 0.052980836056041626