0 0.6581777686982713 0.2824809518833885 0.052217028007635946 0.060157172615379825
0 0.6561254673774525 0.37443165354306246 0.09774770401018137 0.08234074855010753
0 0.7777010227164067 0.4250138392306969 0.06141021467218159 0.04524256763635783
0 0.6687992847310424 0.5244791977342037 0.056759077339272504 0.04801237012586892
0 0.5509310794079966 0.5912621108018138 0.05212612133990877 0.05234467261537965
0 0.7223520934118145 0.6323518199346649 0.08054202267663584 0.0794758576783142
0 0.5969617420830416 0.6564144367365415 0.08978975334181775 0.06924875269929238
0 0.5030577480903595 0.7031575369416785 0.10897610534690863 0.10816954274124875
0 0.5547844274347226 0.7882555099719768 0.0942954400063634 0.053978950209781475
0 0.5645599641151765 0.8904692054078736 0.08513861600890867 0.07201855518880329
0 0.22523799936345315 0.23874688174823094 0.09603975334181776 0.06972234937994451
0 0.23646114143058644 0.7336925288438014 0.08339430267345423 0.05627515601864026