0 0.7601418793715966 0.7934196702217131 0.03372168977951375 0.04135697351689647
0 0.7631025720009021 0.8343178218308676 0.04142508700597229 0.037215776735205
0 0.7964787696642007 0.8123935453477639 0.03837282218833345 0.04012225544788173
0 0.7290548803215271 0.8178515876703093 0.03521145459715278 0.0383412341605581
0 0.7186635473996175 0.7600008828428463 0.05723192496187508 0.04612088317182241
0 0.671824914990798 0.7551605635329943 0.04774782218833344 0.04077781930985207
0 0.663030490028923 0.7968017603146856 0.05723192496187508 0.04612088317182241
0 0.6754752854317702 0.8336679757858103 0.03815461664124999 0.030747255447881726
0 0.703581448425798 0.8700642976935524 0.05723192496187508 0.04612088317182241
0 0.2908561636596178 0.27935327229572965 0.025872822188333443 0.03924817029858776
0 0.2647105845374303 0.3268238519971419 0.04618532218833336 0.040668558666190256
0 0.39968369016076355 0.41138415831754377 0.06046602773541672 0.05102690445914604
0 0.34036258833715244 0.4385368841802286 0.03837282218833336 0.04012225544788173