0 0.43037311026420494 0.9294029728156042 0.0649193458553869 0.061193564264907255
0 0.39917218980796954 0.9105476727364621 0.0378475098858317 0.047920674452321774
0 0.28246750946590227 0.8423850429530063 0.060359179847775654 0.0641821719450391
0 0.2311596774506798 0.8471347274344577 0.05522601087441492 0.05310827962517095
0 0.16713166954201442 0.8078161631695506 0.0584146778706093 0.054761707838416385
0 0.0849081240671884 0.5900543501582846 0.07241351087441492 0.05360838479802066
0 0.08678234737544269 0.46369643863808657 0.07311384783255322 0.07079588479802049
0 0.12777080882069888 0.28229332594338974 0.07311384783255322 0.07079588479802065
0 0.05770363691876966 0.6501280321324536 0.06460101087441492 0.053381064264907255
0 0.7727304817483924 0.3307120378719343 0.07461268083635879 0.06927884890464338
0 0.7149869659310616 0.25412079414014055 0.04684050790866543 0.03881845909205772