0 0.49453125 0.23770840739135374 0.0484375 0.040189895326597294
0 0.37734375 0.6794984767298955 0.046875 0.057341027735416716
0 0.703125 0.6758220839687494 0.059375 0.04669446846486114
0 0.6953125 0.7385039219246522 0.0484375 0.06206489532659738
0 0.709375 0.5030203636040271 0.0453125 0.04480466014423605
0 0.61171875 0.8685745880528121 0.05625 0.04505923328250035
0 0.5765625 0.9084553588543745 0.028125 0.06784211664124981
0 0.60546875 0.9109075584175343 0.0296875 0.04287848423243048
0 0.63203125 0.9016955593674648 0.0234375 0.04273301386770854
0 0.60546875 0.9468450584175342 0.0359375 0.03208645459715278
0 0.69765625 0.9095431205378814 0.0515625 0.04963763050895835
0 0.73515625 0.864920298349548 0.015625 0.051926175911805574
0 0.696875 0.8376863043334716 0.0671875 0.04687630642076428
0 0.621875 0.6066194487101384 0.05625 0.05755923328249999
0 0.578125 0.646700241263194 0.0625 0.04832970364722229
0 0.56875 0.7336371968102773 0.0578125 0.06228310087368065
0 0.62578125 0.754966029732187 0.0546875 0.060647865691319504
0 0.56953125 0.786744013014687 0.0484375 0.0355023953265972
0 0.528125 0.8033327541809718 0.0359375 0.05708645459715278
0 0.4515625 0.823083516148819 0.059375 0.03888196846486132
0 0.52265625 0.8425225407501038 0.05625 0.06224673328250034
0 0.5765625 0.8334553588543745 0.046875 0.05265352773541672
0 0.61875 0.8254421838924995 0.0546875 0.05752286569131968
0 0.49609375 0.8931407898001732 0.0265625 0.055305749050069505
0 0.53828125 0.8913776148382982 0.05625 0.05599673328250034
0 0.40390625 0.23200522767982604 0.040625 0.049383057370694414
0 0.45859375 0.19791986198850656 0.034375 0.03986258700597225
0 0.4515625 0.11605226614881907 0.0296875 0.03819098423243057
0 0.58125 0.11694000608083285 0.0375 0.052435322188333355
0 0.6328125 0.08292737557187448 0.0515625 0.048075130508958376
0 0.53203125 0.1946480852030204 0.0609375 0.045168336056041716
0 0.55625 0.22299063753972176 0.0484375 0.03550239532659729
0 0.49921875 0.2946305546178121 0.0671875 0.048438806420763925
0 0.6453125 0.17716768484243 0.0421875 0.035356924961875036
0 0.46015625 0.072883494397326 0.034375 0.03986258700597225
0 0.390625 0.6112206022048607 0.0953125 0.06784342306201392
0 0.33046875 0.3852770044653122 0.0421875 0.04004442496187499
0 0.3015625 0.3195435549021525 0.0390625 0.03059668977951393
0 0.459375 0.7283704281929163 0.0390625 0.03372168977951393
0 0.3328125 0.7328787030785413 0.04375 0.04633079255305574
0 0.371875 0.8007195132990275 0.0359375 0.03833645459715278
0 0.4625 0.6314226930105551 0.05 0.04647626291777769
0 0.3796875 0.09819392534312468 0.0546875 0.0340853656913195
0 0.78671875 0.037938917840589614 0.0421875 0.03223192496187503
0 0.7078125 0.18899423119520772 0.05 0.048038762917777825
0 0.803125 0.21802580813319378 0.046875 0.04484102773541672
0 0.58125 0.056002506080832834 0.046875 0.040153527735416715
0 0.49921875 0.05400555461781208 0.0484375 0.04487739532659727
0 0.42734375 0.1517722138121177 0.0484375 0.03706489532659725
0 0.4765625 0.15375163468993017 0.0453125 0.04480466014423614
0 0.37578125 0.19750359432107606 0.0453125 0.033867160144236144
0 0.50546875 0.11401633425308985 0.05 0.03866376291777782
0 0.49375 0.340070341186944 0.040625 0.04625805737069451
0 0.6953125 0.016517912567517085 0.0671875 0.03303582513503417
0 0.55859375 0.0030834067257636626 0.0359375 0.006166813451527325
0 0.696875 0.05799880433347164 0.053125 0.04342399810013893
0 0.73046875 0.7220606511230897 0.04375 0.04633079255305557
0 0.76875 0.720388395139166 0.0578125 0.04822060087368065
0 0.81328125 0.8552894187905201 0.0421875 0.05254442496187508