0 0.38208335761921386 0.1585819845679203 0.013973219962933126 0.0429155420933748
0 0.4935466472749276 0.12234210572754715 0.04295139183263199 0.024332142065139895
0 0.6131870909138089 0.6116937610880411 0.04015377404661713 0.03352513154179633
0 0.7633235001696359 0.6068635059675435 0.04344246515360979 0.0383946420651398
0 0.7352009893698629 0.6758256085701446 0.05448909255827132 0.04215667889684287
0 0.7227208367374576 0.7219571559251913 0.04231647477225664 0.05080363680346807
0 0.7347322526167067 0.7744906217243243 0.036339293283910834 0.058252115756780756
0 0.6427406708582085 0.6733824190087837 0.050074411069925516 0.04969616311182747
0 0.6651538733979464 0.7323556006070497 0.06473711179556503 0.06770271046687384
0 0.5032119233052793 0.8474709083442657 0.06057540145127884 0.03783319994353036
0 0.42135428809606923 0.8796379372128736 0.0473313569862416 0.06045165258848364