0 0.22417323746347181 0.4732430990414825 0.06987739532659729 0.04883747579950324
0 0.2684680981207982 0.48365842427525163 0.058758057370694505 0.040961343285945875
0 0.29423051111482595 0.5181879603796051 0.06896951196784729 0.07695338544042354
0 0.30756761892236073 0.4487248880727022 0.0620648953265972 0.048792024004105095
0 0.43186432978777767 0.17753621018321336 0.030487587005972296 0.034547716822512745
0 0.4721081232907638 0.16058051433974357 0.05745013050895835 0.05188975292686626
0 0.5301212982526388 0.11872481244614966 0.05741376291777787 0.05032725292686626
0 0.5729991292746874 0.12288104732083913 0.06235583605604163 0.06129202400410509
0 0.5717626311745485 0.17600604732083913 0.0667523953265972 0.04881929508134393
0 0.5249226923449651 0.24136742690753019 0.07790810087368065 0.058257927594901206
0 0.5799550312507984 0.26044013465485666 0.035320557370694415 0.04082498789975162
0 0.6273748919081248 0.270873640606785 0.06558993882958344 0.06599770472226432
0 0.7350250441685763 0.211335535024199 0.057777438829583264 0.06595225292686627
0 0.8009383720564929 0.3336105108237022 0.040262630508958355 0.05178975897699045
0 0.22216975389663132 0.7271720749391815 0.03670121941479163 0.03302157825883114
0 0.28694076871427027 0.7306743248409857 0.03989895459715278 0.03616475897699054
0 0.26946167477444377 0.7766726260706497 0.0620648953265972 0.048792024004104914
0 0.3111224979127077 0.7659760205862595 0.06529899810013892 0.05349770472226432
0 0.33895721039364524 0.7450413518701529 0.051018292553055566 0.044040891490547907
0 0.39704246732749937 0.7336589451560986 0.05250805737069451 0.04092498184962743
0 0.3851412261612146 0.7750015626425414 0.031977351823611146 0.03143180718159222
0 0.33528604331555484 0.8020589663315334 0.03659211664124999 0.028334078258831143
0 0.3576331687905202 0.815472026538188 0.03982621941479163 0.033039758976990186
0 0.38773824287871456 0.8312742885402404 0.03662848423243057 0.02989657825883114
0 0.3921523327344784 0.876618604797019 0.043133057370694505 0.040870439695149585
0 0.4597782034597911 0.7574646046988232 0.06064786569131932 0.05503293364502539
0 0.5101782469627771 0.740567996189371 0.04829333605604162 0.06121021077238851
0 0.5762565354317701 0.7886151316297946 0.054288762917777865 0.05030907220870695
0 0.527546278497916 0.8000520804983264 0.05276263050895835 0.051862481849627426