0 0.0413068622785153 0.6252740633546181 0.0826137245570306 0.0722399823325695
0 0.18095588526208717 0.8390488886770836 0.1160836798265045 0.107233231382639
0 0.24657609500738129 0.5964626515948612 0.07365634793281668 0.07816267401194459
0 0.2921377213178281 0.5325826427611461 0.09513082973421945 0.07242182028847229
0 0.30856256015134614 0.4594178996950003 0.0887807001845701 0.07071384992375015
0 0.41435148519748866 0.44466702830409766 0.1155434592838688 0.07445709897381966
0 0.4089537839331845 0.49226872691732676 0.12209384793281686 0.0792900693385418
0 0.42309782464931567 0.5645801380114934 0.13595608883351815 0.07649237765916687
0 0.4274558551864141 0.6186682259673961 0.15364423658176474 0.08470492116215275
0 0.5409058883444061 0.545414523554445 0.060054922886674335 0.060684233282499986
0 0.252136877703948 0.6928291585287155 0.07437823874123302 0.04073540919430556
0 0.02933659084071552 0.5052882184648612 0.05867318168143104 0.06075696846486114
0 0.01608502043650737 0.4546154180280208 0.03217004087301474 0.035756968464861316
0 0.10089096005906113 0.489010561454757 0.0804675524363235 0.0627195119678472
0 0.15490783158914598 0.5129578609416668 0.08691781153562213 0.0659899823325695
0 0.18379309762827492 0.465120426196146 0.07850453423772623 0.05643314437666671
0 0.022825176204318457 0.3945864545971528 0.045650352408636914 0.04375130642076393
0 0.022007803054632367 0.29836541802802086 0.044015606109264735 0.06860583605604172
0 0.010930600710593905 0.3340847124809375 0.02186120142118781 0.03379442496187508
0 0.11259203269656677 0.09885768692972233 0.08914164558877831 0.05200021751493065
0 0.21336518584348418 0.19900511692559048 0.07099242288667415 0.06093880642076392
0 0.2538109107050566 0.251585909478646 0.07740310919158375 0.03924564437666671
0 0.2311756446659276 0.29956881458888907 0.0771422933370249 0.05952177678548622
0 0.26468095466039027 0.387196754368403 0.09493057063492075 0.06929682028847228
0 0.35153940700442876 0.3626162880877434 0.08545544108527156 0.06751611474138901
0 0.1282601981819853 0.2572702521842015 0.09180557063492083 0.06922408510611114
0 0.17006006709117652 0.4108141326931599 0.10626858883351811 0.07580139342673622
0 0.10387266502399324 0.3325969072944446 0.054265997840531675 0.04338763050895835
0 0.10305783004798648 0.6627571859797918 0.047815738741233016 0.04011716014423623
0 0.15012259716684961 0.6364680961240279 0.06842862739018099 0.04527743882958344
0 0.0972479210409729 0.631325348023889 0.06374112739018098 0.045168336056041626
0 0.027085472319120507 0.7532172253987153 0.054170944638241014 0.04981946846486114
0 0.05465300355296952 0.7954235624046876 0.07598031153562217 0.06573540919430573
0 0.1460079912144684 0.7373038975107988 0.09669332973421944 0.07245818787965277
0 0.12059817859911207 0.7797453174386807 0.07996690468807692 0.05490701196784738
0 0.3190249005260238 0.2351082307170489 0.06610466378737553 0.057704703647222286
0 0.1652070905315611 0.1446799864166321 0.07009125693983034 0.04687630642076392
0 0.08257626079734165 0.21317410685760424 0.08172966378737556 0.05806837955902786
0 0.4902433567275736 0.4691234740675352 0.05809190468807692 0.054397865691319505
0 0.2382209793373926 0.5070728432742364 0.05789164558877822 0.0512728656913195
0 0.07271709284791295 0.5501656137914583 0.0724547933370249 0.05941267401194459
0 0.07988684762827493 0.462701981382639 0.07009125693983032 0.04687630642076392
0 0.07364614204503397 0.4257832096311459 0.07235466378737557 0.05785017401194459
0 0.2959297570967138 0.32689568721406276 0.05622901603912896 0.04967399810013893
0 0.16071295034145364 0.30027602298576406 0.06500323874123301 0.04051720364722229
0 0.05957075493724551 0.2791439457634376 0.05749112739018099 0.045022865691319504
0 0.06112396052048645 0.31595361474138894 0.060916516039128954 0.04978310087368065
0 0.2649171938630487 0.17595012984336827 0.0655038864894796 0.04832970364722229
0 0.11123098935954187 0.15672473831649317 0.06872901603912895 0.049964938829583395
0 0.22802156385197403 0.34878756458888904 0.08475453423772628 0.05657861474138901
0 0.40191084438907243 0.40682153618788225 0.06374112739018098 0.045168336056041626
0 0.2310581238464367 0.4357063363403822 0.0655038864894796 0.04832970364722229
0 0.30682437770394805 0.6941020242200351 0.054265997840531634 0.04338763050895835
0 0.29534665716131225 0.7266963186729517 0.045952850092285044 0.035393292553055566
0 0.03128655228866524 0.8426070337193403 0.04977875693983032 0.046403527735416714