0 0.5914244953852976 0.5364488393275803 0.04255884059717552 0.05204717887824373
0 0.5229312215000841 0.5252490677308541 0.07126299480421991 0.03954053482570892
0 0.5379499341212173 0.566494865446862 0.05327781930985207 0.04949538896415202
0 0.5405232770641812 0.6076145104039079 0.06377827673520517 0.04381859905006032
0 0.5309244019381305 0.6447017526019918 0.04390281930985189 0.04900406603337348
0 0.4899880455015131 0.6624148750578005 0.03954310124083733 0.05344590456798422
0 0.4442931332486971 0.6702583525565633 0.041903276735205 0.042672178878243726
0 0.4038427318916443 0.6031018300553261 0.02951253737886681 0.04357958163720586
0 0.33866584612193174 0.6446585662605162 0.04012225544788164 0.03946529172311397
0 0.5437282206669047 0.009185812981155816 0.06566855866619044 0.018371625962311632
0 0.42136944945645594 0.7531903612629905 0.049355143815484226 0.06018722749876275