0 0.4248816427155795 0.17660761931147564 0.07838106426490725 0.066065955748187
0 0.17713577916295273 0.3765004956567738 0.077136813011266 0.07693068114108108
0 0.2065350888090065 0.636113090156256 0.07140363855894431 0.04077485731976367
0 0.19347279915470544 0.6698331186923031 0.05448892319868044 0.04934933664159917
0 0.2628054723533859 0.7198738141014079 0.054579851411925874 0.05247433664159917
0 0.22076873653915086 0.7499037624059969 0.0512729949854351 0.04607878742738745
0 0.14226330331134057 0.7868172574435981 0.04484113855894436 0.03953768899896417
0 0.35380019688484987 0.7904282167064418 0.07254024122451135 0.07983735731976367
0 0.29361285464412407 0.8133712570293132 0.07208560015828454 0.06421235731976367
0 0.2545790983759179 0.866166617244561 0.04475021034569897 0.036412688998964174
0 0.18233202533552206 0.8768450980141388 0.05761392319868044 0.04949488585581108
0 0.4161962114663262 0.9735392385227619 0.09851170783841656 0.05292152295447607