0 0.3117618400986116 0.17289896129059287 0.04125229139585782 0.03641021467218155
0 0.6135798900191813 0.4232416699156857 0.05884889448011279 0.06004770934118149
0 0.5656333137202875 0.39568029125559445 0.05092730032431163 0.05370680267345422
0 0.5153060312528834 0.41501209392904875 0.05418866801906326 0.06155566534054504
0 0.6230877090144745 0.6840155379137768 0.044595479707460584 0.048946577339272324
0 0.536478053170276 0.6787746019255488 0.05062729139585791 0.036519302673454136
0 0.5578757662386449 0.7058638132559126 0.03996252678536116 0.052017033338636054
0 0.5139212146965175 0.7180916405951852 0.05725912094116268 0.058467028007635945
0 0.4770757796313256 0.6810279926002758 0.03185001785690744 0.03473862667090888
0 0.4362189545502477 0.6947819572724574 0.02258411201270878 0.04087953866963616
0 0.34685249148187863 0.6684836339513204 0.04155230032431154 0.05359771467218159
0 0.31374966518298475 0.6407495326225475 0.05884889448011297 0.06004770934118149
0 0.2900297471639215 0.7019506619589564 0.06380912986961632 0.07572725334181776