0 0.5717957911725191 0.6247320873822828 0.048692030054229285 0.046571163111827296
0 0.49527419778837733 0.6362225952042035 0.02841589149054773 0.05163809471009344
0 0.5253020653730159 0.5586667426016024 0.05342498184962743 0.05465667889684287
0 0.4148508995837754 0.6487218661803038 0.07217498184962742 0.05574874203690498
0 0.26629574579658755 0.7714753686699652 0.06589771077238851 0.05069722099021767
0 0.05497190553570377 0.7173548289956649 0.034547716822512745 0.031689615756780753
0 0.04268552897407478 0.7548016210890397 0.03302157825883121 0.037848610495108834
0 0.08094859825591556 0.7494469921780794 0.04079771682251274 0.032053636803468066
0 0.0843508542078439 0.7969212316547357 0.042360216822512745 0.032144642065139985
0 0.14841737850653658 0.659550763295354 0.023673849336070064 0.04199007892507769
0 0.18177932435000632 0.6177504001694093 0.031377265027114645 0.02369510523343692
0 0.2008747579950318 0.676033337029347 0.0362011204133089 0.04740562101845249
0 0.2555486224564124 0.6705044028708324 0.006304542154477666 0.009739021046687312
0 0.23518158030193467 0.6623124712725664 0.03462043969514968 0.04418961575678075
0 0.20354576092189802 0.7321468291368392 0.03764544574527395 0.027184126280124232
0 0.5383964421310365 0.39144144524655583 0.04865566861791084 0.0403211631118273
0 0.49911070745273883 0.2210148241575161 0.029832945745273776 0.02672909997176518
0 0.5545158249391815 0.20684663736816544 0.01894998789975162 0.035467063140062115
0 0.571053885145836 0.228547332120611 0.021974993949875808 0.01846157366340595
0 0.5836811501729506 0.24969429002723623 0.03458407825883114 0.03793961575678066
0 0.6360885326865079 0.2575831137612293 0.04085225897699054 0.04142863680346807
0 0.5196641019683487 0.26123800575578204 0.040888620413308985 0.047678636803468066
0 0.16478778795106525 0.7867657106786355 0.04094316256778661 0.05705363680346807
0 0.13761220959403814 0.8172645527578929 0.06444429508134393 0.06935621572854558
0 0.4511076039132563 0.970157250423523 0.03441136143631844 0.008252115756780753