0 0.673458483960871 0.020303697422752107 0.04402940468807692 0.04060739484550421
0 0.48882506323366515 0.12387799751360914 0.06338018198597287 0.06561171189493056
0 0.44743050277777724 0.21091765208159347 0.05692992288667433 0.06215916327441153
0 0.34683092304355767 0.28626621212207315 0.048015997840531635 0.04456222749876275
0 0.33849679133444005 0.24621442220798145 0.059754534237726274 0.057635437584671045
0 0.31978185996677605 0.5018060029406761 0.060916516039128954 0.0514673247398008
0 0.41781884176817885 0.5028971121675017 0.08086807063492074 0.07119997060135788
0 0.3811012893318552 0.5655542424252264 0.047815738741233106 0.04143722749876275
0 0.3848177722129921 0.5926113873822724 0.03954216378737554 0.058133404567984215
0 0.4149057904115894 0.5848055314348071 0.047815738741233106 0.04143722749876275
0 0.3630336073458824 0.6287912268213942 0.053704793337024895 0.0604328889641522
0 0.2995928686046494 0.6710473258714545 0.046553627390180985 0.04604284034363317
0 0.24137985040605212 0.6803271506112554 0.045892293337024805 0.06002345318850324
0 0.3795109060815781 0.6754238873822723 0.043829145588778304 0.05212906603337366
0 0.3583880752676245 0.7255843396662645 0.05330427513842757 0.0541828889641522
0 0.26771420805647633 0.7918478267759658 0.05672966378737554 0.059034163274411536
0 0.4297915083333315 0.6805750548405554 0.04140505243632351 0.06290279172311415
0 0.47694591302140843 0.6251572144969224 0.06620479333702481 0.06108798620519007
0 0.4827558220284221 0.6559977787212736 0.06307979333702499 0.06092421189493073
0 0.4899384639165724 0.7140183186353654 0.05017927513842757 0.05401911465389251
0 0.5603196175249152 0.6363603081199158 0.061216904688076924 0.0561548247398008
0 0.5511739574381675 0.5846716553609538 0.05300388648947951 0.0494953889641522
0 0.7262716918604639 0.45247222976207035 0.06151729333702498 0.0608423247398008
0 0.5412821159837558 0.7876328810506943 0.030628238741233105 0.04053646879233561
0 0.5430064998523416 0.8700768888526103 0.05330427513842757 0.0541828889641522
0 0.6779124259782184 0.8668998999338868 0.05134125693983016 0.04785100180902262
0 0.750609446336284 0.8989068164876588 0.06862888648947951 0.050314260515449405
0 0.6293828932816516 0.7736722003634282 0.046753886489479514 0.049167840343633175
0 0.5994555613879639 0.8032711691557637 0.05400518198597286 0.0651203889641522
0 0.387673573412698 0.14708752544191328 0.06963018198597286 0.06593926051544959