0 0.7483648876345075 0.6729906525106417 0.07065949247815269 0.06602497579950324
0 0.9194058471887837 0.4037189986252579 0.048193459092057724 0.04558521077238851
0 0.8826787370013692 0.43006333000734714 0.05292642319868044 0.04717498184962743
0 0.9224352219576744 0.5615224082661783 0.05279003087881264 0.04248748184962743
0 0.9281934769722394 0.5178133148820365 0.05926735141192587 0.05033634328594587
0 0.9863252595669113 0.48382465514292033 0.027349480866177344 0.04398634933607006
0 0.8836719018202726 0.7058036733914888 0.07433006175762458 0.08479315651766228
0 0.8461742503292043 0.6251303903121974 0.07561977711788863 0.07542724687674215
0 0.8113877248606685 0.6913230168738264 0.05806856426490725 0.06282725292686617
0 0.6132621811162393 0.1371389900410509 0.07061402837152997 0.06446247579950315
0 0.452793694048363 0.17916688787631047 0.051136602665567035 0.03935339149054777
0 0.3958403150563301 0.36942827351312574 0.05940374373179384 0.055023843285945874
0 0.3402291610579795 0.3105209061248789 0.07593802586424747 0.08636474687674198