0 0.793005368897191 0.6067896947854231 0.051382717535011224 0.03201628742738745
0 0.7583585411469318 0.6160897661255412 0.05545378742738727 0.05247433664159917
0 0.8097241420565545 0.6644759162493757 0.05360018899896417 0.04615156203449331
0 0.8164664476809073 0.6920743773742462 0.07136988585581072 0.05945208271265763
0 0.7612160215022248 0.6941783788219883 0.05167381596343468 0.03826628742738745
0 0.7402699747692123 0.7298418970189534 0.0502568651776464 0.04131851282028158
0 0.8459763192686942 0.7565927956950459 0.06468323821317554 0.049785984284234176
0 0.7921792311793532 0.7564258217498938 0.056797963606069854 0.04785961124870504
0 0.8175816455712113 0.7997049408564816 0.05523546360606986 0.047786836641598995
0 0.7617319059102936 0.8056788050006707 0.048223484284234175 0.06461046360606985
0 0.6976179402373092 0.5672669683590715 0.06348461124870504 0.057525709677128486
0 0.4341740243977089 0.5682493097581818 0.05759848428423435 0.06504711124870503
0 0.3824809377561097 0.5128319096343472 0.04586046360606986 0.047350188998963996
0 0.5565413300220614 0.6012330918088857 0.05432793507002245 0.06177656203449331
0 0.526766092842343 0.6481787123632156 0.07173375889134022 0.06726458271265781
0 0.4842532611631425 0.6727035233642515 0.061849336641598994 0.05589043507002263
0 0.4352699516098486 0.65872876054397 0.05225601282028158 0.050766287427387445
0 0.3686624944139195 0.634578477045524 0.058578787427387445 0.05261988585581072
0 0.5101308645539647 0.7596598678637336 0.05977741439185813 0.04488016046291676
0 0.45785988916107045 0.7587844185256873 0.0639940334984459 0.06846320967712849
0 0.40313600185751763 0.7554560572769823 0.08281680810555177 0.07089900496239884
0 0.3616719398230243 0.7020741920993359 0.09389985731976366 0.07453342721213971
0 0.29948015487683627 0.6890433451186546 0.08608735731976358 0.07416955417661057
0 0.2790006809316842 0.6343001871369373 0.06155823821317572 0.04964043507002245
0 0.2954582808078497 0.5859547324222074 0.07122433664159918 0.05632708271265763
0 0.2917831631490039 0.5070484824222075 0.047131865177646406 0.041172963606069854
0 0.2348996164159915 0.5410381846557378 0.06704625889134012 0.06704625889134022
0 0.1491055115774273 0.5066396058720215 0.07976458271265771 0.07231595574818712
0 0.16815941852568733 0.4303510876750565 0.07544095574818703 0.07991013192686935
0 0.30296891211554655 0.41246372849326607 0.0541823858558109 0.05865156203449331
0 0.10400271918764112 0.3751327406943751 0.08506851282028158 0.05229455417661048
0 0.6821813389134015 0.6710083984666955 0.07253427956950453 0.08445208271265763
0 0.6122305578961549 0.6420250657540377 0.07969180810555195 0.07075345574818712
0 0.5834356238595897 0.6765434609154736 0.09397263192686936 0.07609592721213972
0 0.417254044042416 0.489505725597782 0.08608735731976366 0.07416955417661057
0 0.15546898159363795 0.5763164050862333 0.061849336641599174 0.05589043507002245
0 0.21010513171747247 0.6279731044242794 0.10156680810555185 0.07177230024766904
0 0.10602329156121663 0.4352526033908221 0.07151543507002259 0.06257708271265763
0 0.16065082547394743 0.35282540115729183 0.14179370181924558 0.09859166542531543
0 0.5927613122393811 0.47507300620074383 0.08288958271265763 0.07246150496239867
0 0.4880802743977089 0.5707600337033337 0.07285961124870503 0.057962357319763666
0 0.8370657380037787 0.6322284964808341 0.060577935070022446 0.062067660462916764
0 0.8665927262169545 0.6803770521051866 0.05040241439185813 0.04444351282028158
0 0.6376715136443419 0.7196064102535198 0.060359611248705036 0.05738016046291676
0 0.8485790884991168 0.8292126583914928 0.061194365177646405 0.04182793507002245
0 0.8017426298554456 0.8613316455712112 0.07151543507002245 0.06257708271265798
0 0.6884035678209524 0.8046021484666955 0.06660961124870504 0.05767125889134021
0 0.703735315339753 0.7655589191448599 0.06341183664159918 0.05596320967712849
0 0.5864408074818701 0.7912780490048148 0.061849336641599174 0.05589043507002245
0 0.6265221519813522 0.8149724141824611 0.06177656203449331 0.05432793507002245
0 0.6432708502859411 0.7728769594677314 0.06675516046291677 0.060796258891340035
0 0.5476094398230243 0.7107343703449329 0.06497433664159917 0.056035984284234175
0 0.5558991670779453 0.5037587783266503 0.0774015620344933 0.05505568114108108
0 0.18323657071643645 0.670376774192821 0.0744948858558109 0.05959763192686936
0 0.24385089309001198 0.7332256846557378 0.09339043507002254 0.06359592721213972