0 0.39579091737172156 0.721875 0.042995883171822416 0.05625
0 0.5310728535097512 0.7125 0.0377620799535137 0.0484375
0 0.5132572867977891 0.64765625 0.047792643815484225 0.0578125
0 0.4695126406365165 0.68125 0.03296531930985207 0.046875
0 0.48031338284284636 0.73515625 0.03474634059717552 0.05
0 0.45175669410692676 0.7625 0.02773151609154354 0.0390625
0 0.4108253275308507 0.8921875 0.03841764381548422 0.0578125
0 0.46685218036117176 0.63203125 0.040777819309851894 0.046875
0 0.4568880464330447 0.35546875 0.04077781930985207 0.046875
0 0.4472291871464358 0.284375 0.049245883171822415 0.05625
0 0.4212783283640299 0.36015625 0.0475741225281606 0.0546875
0 0.3894384664795309 0.30703125 0.04590236188449896 0.053125