0 0.4510119348775218 0.3765625 0.04404493094224939 0.0265625
0 0.302519804555691 0.37734375 0.047825494804219916 0.0359375
0 0.24740061581977138 0.35 0.05171531930985207 0.046875
0 0.4349823793134247 0.29296875 0.0524037341605581 0.034375
0 0.4393910098873571 0.21875 0.037543558666190434 0.0453125
0 0.1487292609726379 0.67734375 0.05127827673520509 0.040625
0 0.12788152940996972 0.7296875 0.040340776735205086 0.040625
0 0.0740245558930733 0.7625 0.05182457995351379 0.0484375
0 0.34907991417127604 0.98515625 0.04113845222957302 0.0296875
0 0.3872901083550773 0.975 0.047825494804219916 0.0359375
0 0.33995373860003364 0.221875 0.07591764381548423 0.0578125