0 0.39271619292790544 0.03267942405313392 0.0854323858558109 0.057213610677908575
0 0.5076498341603998 0.019181092735496834 0.0746746683207995 0.027417022676635906
0 0.45968752315936373 0.062349290062042595 0.07442211124870504 0.05552384134309048
0 0.5043172806029619 0.18233507340067873 0.07820208271265763 0.06962270401018134
0 0.3825215173683955 0.2832061353834977 0.0526198858558109 0.056831802673454224
0 0.427035650743007 0.3001214627227702 0.06497433664159917 0.05385225334181776
0 0.35638285649119406 0.37582034937936154 0.05872433664159917 0.05377952800763604
0 0.4138678707592177 0.36946180872054296 0.08074488585581072 0.05715906667727229
0 0.17327279590444283 0.26671642735518086 0.11384848428423426 0.06379087468172653
0 0.08610243568919512 0.3063050913430905 0.07129711124870501 0.05548747867599957
0 0.18883148345566475 0.36606244668999893 0.09913101282028158 0.049564742679817544
0 0.16855752481199365 0.40018290802036277 0.07293238585581086 0.05706816000954511
0 0.13047532795514677 0.38724655601527197 0.06028683664159917 0.053797709341181485
0 0.2514791867226524 0.4034902686982713 0.08096320967712849 0.061846566677272105
0 0.3596384431327932 0.42895444004613426 0.0885573858558109 0.05724997334499946
0 0.3439984805601807 0.4787453547103616 0.039537688998963996 0.04418635200509069
0 0.37806741955914464 0.5228680720480432 0.07220463978475226 0.041443160009544934
0 0.4130802743977089 0.5537277207192703 0.058360463606069855 0.04596702800763595
0 0.3057193846129566 0.5118754807049528 0.0835445541766104 0.08373974801081766
0 0.3247305578961549 0.6182891127068618 0.08089043507002262 0.06028406667727211
0 0.42636583250326077 0.6210333993873156 0.10461903349844608 0.06680678668045381
0 0.34240163151258474 0.226519783378407 0.060577935070022626 0.06004770934118149
0 0.26925738399378407 0.2654908293682257 0.11464900496239867 0.08097837468172653
0 0.30432589681406563 0.31431013737268004 0.10712760339082213 0.08713746801399935
0 0.1757964441662505 0.5220760893539081 0.05225601282028158 0.04901930267345413
0 0.19194582898860407 0.4832226746896808 0.05530823821317572 0.04749316534054522
0 0.24461706472058045 0.49086299936345323 0.05225601282028158 0.04901930267345413
0 0.1709504706353832 0.3174431333545445 0.05316354135632886 0.03497498400699968
0 0.04553524772368841 0.35736760467059075 0.028236315963434722 0.03624658267027261
0 0.49389135690547886 0.22672087273231517 0.06475601282028158 0.04916475334181776
0 0.15076436496824946 0.5881550753500902 0.06268409057054058 0.03820907200827239
0 0.24763721091547355 0.5557067493634531 0.04564213978475227 0.041134077339272504
0 0.04885941666366053 0.629914766669318 0.04080909057054057 0.037954533338636055
0 0.21669123366055257 0.7630465346912716 0.04720463978475227 0.04115225867281787
0 0.28554393341288353 0.6654635573679075 0.07940070967712849 0.06182838534372692
0 0.18477764598549612 0.6143181333545444 0.05352741439185817 0.04278748400699968
0 0.09170404218038919 0.6780437313414996 0.052037688998963993 0.04433180267345431
0 0.1268431755550007 0.6948499706794994 0.05523546360606986 0.04593066534054504
0 0.2840221288219883 0.7333777633672712 0.05948631596343468 0.03661020934118149
0 0.3027699747692124 0.700020370703362 0.061849336641599174 0.05381589067472703
0 0.36714068982302434 0.6906186460454979 0.04371576674922304 0.03330339600572696
0 0.4930653349844601 0.6616316747294517 0.058578787427387445 0.050654528007635945
0 0.12637217886476956 0.4332675806810903 0.056434090570540586 0.038136346674090583
0 0.27137215570540574 0.3779544667011348 0.06333906203449331 0.05227157200827239
0 0.4789149820079227 0.4248765620623608 0.0486943651776464 0.039607940006363404
0 0.48522494809519195 0.510060084062679 0.056797963606069854 0.045948846674090583
0 0.27334149399963475 0.7722948126989075 0.05955909057054054 0.038172709341181485
0 0.21080079859052997 0.7036351720241807 0.06482878742738744 0.050727253341817755
0 0.40387655644841286 0.6746487480505886 0.05367296360606986 0.045912484006999675
0 0.4365242365560366 0.6547271467218156 0.04840326674922295 0.033357940006363405
0 0.5010019594677314 0.6140936033974971 0.04720463978475227 0.04115225867281787
0 0.4725943614535928 0.45681690539463354 0.04542381596343468 0.0364465773392725
0 0.3979004224546288 0.4122214733847704 0.05992296360606986 0.045985209341181485
0 0.5293280508668415 0.3505038180696786 0.05360018899896417 0.044349984006999674
0 0.11680254962398728 0.7978022480108177 0.08208906203449332 0.05248974801081765
0 0.1365499693925289 0.7691414460136812 0.0486943651776464 0.039607940006363404
0 0.11263728039356491 0.725136907344045 0.0565068651776464 0.039698846674090585
0 0.20110477501688143 0.7972215400222717 0.05196491439185813 0.042769302673454135
0 0.11732681864952185 0.4737653113462722 0.06490156203449331 0.052289753341817756
0 0.20016289743323817 0.5590584686903171 0.06155823821317572 0.04756589067472703