0 0.6255171063599837 0.4564195522572204 0.08136967194503927 0.06013116943775678
0 0.5881020228947466 0.406683976709542 0.04368781551854841 0.05279003087881247
0 0.5400593279884538 0.3947893819615338 0.04364235141192587 0.05122753087881229
0 0.5240562432695753 0.35537754097444924 0.0516821719450391 0.05926735141192578
0 0.4864964072970558 0.32753969748008227 0.03698317445232178 0.03698317445232169
0 0.4631187432695755 0.35715064113273376 0.04239810015828453 0.06211956677218975
0 0.5372549252437444 0.32528086401484513 0.04318771034569906 0.03560253087881238
0 0.5763030533778476 0.29677777929596677 0.06644335391920819 0.030034492478152597
0 0.5642947983632827 0.34091422420225953 0.046585494985435 0.04506845909205772
0 0.5996556368430846 0.3469225318032492 0.04019910266556703 0.04019910266556703
0 0.5957637587089817 0.37440267412311723 0.04475021034569906 0.03564799498543501
0 0.6492524715619631 0.3853568944979461 0.05940374373179384 0.05636967194503928
0 0.6514227253228867 0.35245346628470076 0.041897994985435005 0.04493206677218975
0 0.6311724098043383 0.30143653556417294 0.059585600158284534 0.06261967194503919
0 0.5727772366056578 0.2562209754559007 0.041943459092057725 0.04649456677218975
0 0.5432715930321486 0.2633347934817317 0.05021060015828453 0.062346887305303154
0 0.43194764812585584 0.2532814950519421 0.041897994985435005 0.04493206677218975
0 0.48136262641824346 0.28546585774663896 0.07172188730530316 0.050483384798020656
0 0.490936203219563 0.2382726090002802 0.06092077962517113 0.05485263605166191
0 0.5080267633278351 0.18069578972080802 0.06859688730530315 0.05039245658477527
0 0.6206825053437693 0.5589906227903338 0.049528638558944495 0.038909387305303154
0 0.6216372515828457 0.5918031227903338 0.05922188730530316 0.0501196719450391
0 0.5240575579301942 0.5704031474009399 0.07235838479802048 0.07235838479802048
0 0.5148069268930971 0.46746000382743064 0.06123902837152997 0.06579013605166181
0 0.48796929374442916 0.5393948397999504 0.08306856426490725 0.0648641335443795
0 0.4689070566765528 0.5829546231860452 0.0671707796251713 0.05503449247815269
0 0.4254920257977404 0.5419946540648576 0.06859688730530315 0.050392456584775404
0 0.3864128054229116 0.5963017208370472 0.03376724623907634 0.03376724623907634
0 0.430458322115959 0.6051849758516121 0.024164925705962938 0.02568196159934022
0 0.4493818183550354 0.6374746386254514 0.07029577962517113 0.05512542069139794
0 0.4513905992338477 0.6796394065721401 0.08646634890464337 0.07433006175762476
0 0.4123652031530559 0.7089237412910184 0.08003449247815268 0.06789820533113407
0 0.43233437384445395 0.7771509040648575 0.016216033386094786 0.02076714106622681
0 0.5266299431239261 0.7931730576674967 0.07989810015828454 0.06321070533113407
0 0.5129251442984251 0.7521305205204781 0.06243781551854859 0.053335600158284535
0 0.5219531518202725 0.6861872717741193 0.043369566772189574 0.041852530878812466
0 0.5277879631821858 0.6179912012410059 0.06280152837152997 0.06583560015828453
0 0.5777652311288745 0.6157550998290802 0.07860838479802065 0.07254024122451135
0 0.5707399928073571 0.669911402415505 0.09289820533113406 0.08076191818411545
0 0.5564561839527261 0.7164597934817317 0.06739810015828454 0.06284699247815269
0 0.38914196648089117 0.9050773272635378 0.07677310015828454 0.06311977711788899
0 0.6162236405375013 0.7819651215366925 0.06275606426490725 0.06427310015828454
0 0.7649817377927921 0.7080465852476039 0.051182066772189574 0.04207985141192587
0 0.37236702579774045 0.5435404336900287 0.043915136051661904 0.06060253087881229
0 0.3933364068348374 0.6461425964638678 0.046585494985435 0.04506845909205772
0 0.7168146739235963 0.7993679187128409 0.04635817445232178 0.03725595909205772
0 0.5745422573888334 0.8543318665221277 0.049528638558944314 0.038909387305303154
0 0.4286076317620127 0.8640515104913483 0.03560253087881229 0.04318771034569906
0 0.45928097024181486 0.8701962104122061 0.04355142319868044 0.048102530878812645
0 0.4856388817620127 0.8623920705996204 0.043233174452321776 0.03716503087881229
0 0.6189789160060375 0.7154224792168244 0.030778638558944492 0.03836381802583091
0 0.5095905779884538 0.3956759320406761 0.04493206677218957 0.041897994985435005
0 0.5018018438900784 0.10112194998736472 0.05122753087881229 0.04364235141192578
0 0.47529476365703954 0.8024858731860451 0.043096782132453625 0.03247753087881229
0 0.45345921608517975 0.75073315657214 0.04203438730530316 0.04961956677218975
0 0.649782635127225 0.6723029650310595 0.04525031551854859 0.05283549498543501
0 0.6553590337152994 0.6220983765512574 0.04475021034569906 0.03564799498543501
0 0.5869068989172787 0.5537181010827213 0.043369566772189574 0.041852530878812286
0 0.6169798099752581 0.8616980856433152 0.04506845909205772 0.046585494985435