0 0.3987527796457721 0.9357939324548588 0.024598180913749525 0.037467149011264314
0 0.37197679209332674 0.957483262156271 0.0350620842330974 0.03198197351689629
0 0.4396621221772394 0.9245175788682329 0.03300267676456468 0.045825952229573017
0 0.32374204686721153 0.8685028896281104 0.04322978174358649 0.037215776735205
0 0.3517244142937881 0.9034459721795141 0.037950285892771426 0.029075494804219913
0 0.33721162840101665 0.9291343870302203 0.04334818091374952 0.038778276735204995
0 0.27126731968772844 0.9080299293527656 0.040578378424238615 0.04324725544788137
0 0.23000370226115194 0.8721581313302371 0.07495337842423862 0.04565098960843983
0 0.5069805993567226 0.8860285152583642 0.04394017676456467 0.046590776735204995
0 0.45896915184623344 0.8873835656266813 0.05210787427505377 0.05182457995351371
0 0.5643078472821301 0.8861102787520174 0.07085787427505359 0.05313570767745475
0 0.5927036891888974 0.9674202629125757 0.052604781743586494 0.03787134059717552
0 0.59710776927281 0.9300295235562374 0.02724958423309758 0.031435670298587584
0 0.5511440738369133 0.9354547148900471 0.05210787427505377 0.05182457995351371