0 0.9652145607495151 0.45583253200691054 0.06957087850096996 0.06588087955902786
0 0.905148901620915 0.7048863214258341 0.10494544954451328 0.09923889342673622
0 0.7680407381039185 0.48936781135784785 0.06506449400955035 0.0748922036472223
0 0.7047123588851582 0.4418375415062158 0.08973711179556502 0.06609908510611114
0 0.6665104652384277 0.37615733690906306 0.08187004809323425 0.06435474715020835
0 0.5625050115175634 0.39325195829996573 0.10843254809323426 0.06497299620027785
0 0.5827827951828274 0.4374383693941324 0.11640873920022692 0.06984233415618064
0 0.5923785391923776 0.5110395235544449 0.13025298439090333 0.06391964247680573
0 0.6059797369227921 0.5652185304882991 0.14765873920022693 0.07056968597979178
0 0.47665433547151326 0.5278613880114935 0.053526793283910835 0.05745013050895835
0 0.7932168420949353 0.5844082076343756 0.0714583377489479 0.03444904160312508
0 0.9445883360196674 0.33657338573038276 0.05821429328391083 0.05755923328249999
0 0.9511905108845913 0.2797421574818758 0.05879464664195524 0.02947060087368065
0 0.8698338726801562 0.341858991353716 0.07534722958157972 0.05639677678548614
0 0.8267485607919239 0.38222876500507014 0.08008929328391083 0.05806837955902786
0 0.7848413137871488 0.34456445763437565 0.07356647477225646 0.05011040919430556
0 0.9242807813030112 0.22447277602298685 0.06687996515360979 0.03746493882958344
0 0.8983779910143254 0.1309766959508688 0.0708779843909035 0.0625376740119445
0 0.9220982332097769 0.16197277602298688 0.05410714664195524 0.029361498100138928
0 0.6730952488188736 0.09528919661645889 0.06440972958158006 0.05614220364722229
0 0.6518948606144387 0.15880618274875052 0.07452877404661713 0.03295927678548614
0 0.6876339531727101 0.19866876975472278 0.07211310217691817 0.05319904160312507
0 0.6846850571637269 0.2930545493900006 0.08957342068857255 0.06141158510611113
0 0.5957862482707195 0.2956690966927088 0.08019842068857255 0.06119337955902786
0 0.7717882091631599 0.1272496710652437 0.08488592068857237 0.0613024823325695
0 0.9831870445498552 0.32420132550989667 0.02033234736759475 0.04574891109416672
0 0.7805332705032381 0.28825990624760484 0.10067461179556503 0.06635365824437507
0 0.818556570958725 0.19234864741388957 0.051309528855940555 0.038663762917777775
0 0.9218205025318887 0.5116818352935424 0.04338790145127902 0.03535692496187508
0 0.8699033384667383 0.500325454784584 0.06537202885594055 0.03899107123840295
0 0.9175496647829409 0.4787966001111813 0.060739092558271326 0.04044446846486114
0 0.9983383293962454 0.5745831852172925 0.003323341207509145 0.04113414627652787
0 0.986574939377712 0.6250734944878481 0.02685012124457593 0.05890352773541672
0 0.9052629743089204 0.5963834904037855 0.09124504809323426 0.0645729526972918
0 0.943881530206703 0.6292875625921188 0.07663691106992551 0.04862064437666671
0 0.5856523017214312 0.16194806012357688 0.059613102176918176 0.05290810087368061
0 0.7013268870233086 0.031935864644479756 0.06515377404661712 0.03274107123840283
0 0.8002381021769182 0.07014633909326455 0.07674603847458741 0.05174564437666673
0 0.5001067044386545 0.4394171370615629 0.05330853847458741 0.05120013050895835
0 0.7469891389222252 0.4006683340592715 0.05319941106992569 0.048075130508958355
0 0.9153299111547437 0.3928772839067716 0.06586310217691818 0.05305357123840278
0 0.8812425986335392 0.31089993208316047 0.06542659255827132 0.04055357123840277
0 0.8752728516287641 0.27407207930961874 0.0673710384745874 0.05152743882958344
0 0.6361185823914705 0.24352602165458387 0.05001984736759475 0.04643989532659729
0 0.7548388113400781 0.178375759971077 0.06057540145127884 0.035756968464861136
0 0.842046145460829 0.12732371266836875 0.05298115626060209 0.04182513050895835
0 0.8526488287632732 0.1626981682154521 0.05621528366526398 0.045022865691319504
0 0.6182167758607158 0.0885475809251394 0.060848219962933214 0.043569468464861164
0 0.7543973233209778 0.03160986274461869 0.06504464664195542 0.02961607123840283
0 0.707185050540305 0.24439949705329916 0.07981647477225647 0.05025587955902786
0 0.5626215734057958 0.35188207589114634 0.060739092558271326 0.04044446846486114
0 0.7312525223173366 0.3300467095342367 0.060848219962933034 0.043569468464861136
0 0.7415278565229055 0.601939893329827 0.051309528855940555 0.03866376291777769
0 0.7627952213136955 0.6297564220151741 0.04327877404661713 0.03223192496187508