0 0.5565528430321486 0.29486415142456107 0.09579588479802066 0.07304034639736087
0 0.7584312432695755 0.3920670750189529 0.11468227711788881 0.07827341567683303
0 0.7148881802583095 0.31742477619345183 0.10186402837152997 0.06697220282385156
0 0.28047607633910115 0.2766834866056579 0.12226745658477522 0.07068823620994644
0 0.7513952962517115 0.5526635942192828 0.09690374373179385 0.05746081050398359
0 0.42923680291562916 0.6408633100417651 0.07957985141192588 0.05227320533113407
0 0.3985694761143096 0.6868062958560002 0.09138116943775679 0.08227895407749272
0 0.48739028371529936 0.6542642319868043 0.05591503087881229 0.04377874373179384
0 0.4010556301126601 0.7454227779093114 0.07181281551854841 0.05360838479802066
0 0.4321214251772375 0.8204826138818311 0.08003449247815268 0.06789820533113407
0 0.3605897544858395 0.7497094611371218 0.10457985141192579 0.053000631037097
0 0.23443041976696116 0.7062285826073074 0.14790395407749282 0.09329066191590929
0 0.415717242873864 0.22988034593514245 0.1460686694377568 0.08387019780928666
0 0.4226779482049981 0.3081417382550105 0.11022209765100204 0.08594952335696497
0 0.6493457482841404 0.34518005166198795 0.10718802586424747 0.08898359514371963
0 0.46435463433580226 0.39912209092057754 0.08485838479802066 0.07272209765100213
0 0.36151913935036717 0.35241692399010327 0.09226170783841656 0.05888691818411553
0 0.34280624326957543 0.3799736226573197 0.10632420783841656 0.059296095143719627
0 0.3876246497752084 0.41796536764275477 0.07824467194503928 0.06004024122451135
0 0.3402866485215672 0.4275162123907631 0.08435827962517113 0.055534597651002215
0 0.24782636388183113 0.41545883010002493 0.09221624373179385 0.05732441818411545
0 0.49971312430667236 0.48757683715965383 0.036664925705962935 0.026045674452321598
0 0.6065397858268703 0.48365987846330755 0.10535274122451135 0.07956313103709682
0 0.7463871989964208 0.6219902557394807 0.10539820533113406 0.08112563103709683
0 0.6341767040109858 0.5750123041692704 0.07006845909205772 0.04731292069139794
0 0.5492250424907879 0.5795657603583342 0.07502874373179384 0.05682431301126591
0 0.5023955065974105 0.5797643371596538 0.10360838479802048 0.07326766693047429
0 0.5864642812080169 0.6790034707040332 0.1067788489046432 0.07492109514371954
0 0.6855981146732539 0.7326262273679508 0.11629024122451134 0.07988137978345566
0 0.5651946864600086 0.7260004911580044 0.11151181301126592 0.0766199874635877
0 0.18108880793019408 0.5899299811953815 0.0972219924781526 0.0683983105039836
0 0.30478603536465193 0.7902375212453939 0.07056856426490725 0.06450042069139794
0 0.18455009171200035 0.7625407670887588 0.07328438730530315 0.050528848904643375
0 0.7883450299543756 0.6958058404583591 0.05743206677218975 0.04226170783841656
0 0.33709946404011565 0.47894232007089493 0.06707985141192588 0.051909492478152686
0 0.2526395475053528 0.5272230442066476 0.06524456677218975 0.04248902837152997
0 0.1805131802583094 0.30187605172849497 0.06859688730530315 0.05039245658477522
0 0.08518630839241251 0.2717817232778227 0.07824467194503919 0.06004024122451135
0 0.15600492524374449 0.3448758939692207 0.08454013605166191 0.061784597651002124
0 0.5509597240692455 0.3977390988381363 0.09685827962517113 0.0558983105039836
0 0.46980666396097337 0.4523607511871342 0.07627299498543501 0.04593227711788863
0 0.6653250671013942 0.6797369080884786 0.07020485141192587 0.052000420691397944
0 0.4291398630239013 0.5838775241483878 0.08940949247815251 0.06817098997087019
0 0.27503607007089503 0.3311663981258558 0.08913670783841657 0.05879598997087019
0 0.24077369648913843 0.629134885193732 0.08435827962517113 0.055534597651002215
0 0.31778247736795084 0.673527394364932 0.07006845909205772 0.04731292069139794
0 0.4673923692921075 0.5303493588672662 0.057477530878812466 0.04382420783841638
0 0.5468298167056828 0.524074278305023 0.08610263605166182 0.06183006175762475
0 0.33456916059576114 0.6334252315910929 0.07511967194503918 0.059949313011265916
0 0.6863171801918024 0.7841659953146395 0.06703438730530316 0.05034699247815251
0 0.5828284673388209 0.7686653642775425 0.07631845909205773 0.04749477711788863