0 0.5578537430055557 0.802785138667771 0.04234400889724856 0.04360615626060245
0 0.504694250914221 0.767194868249351 0.04891234387822045 0.0516369110699257
0 0.6979295977581911 0.6964755965649866 0.047222509885831696 0.04845734736759475
0 0.7404752420169725 0.801088685495061 0.04435217787060921 0.054598219962933216
0 0.690061406541709 0.8129909739696484 0.029716674904859807 0.04004464664195524
0 0.43309907110362644 0.43735609002638265 0.04916701186299797 0.057886911069925696
0 0.4203244984799442 0.3870931951985258 0.04059050790866543 0.03886409255827141
0 0.4632760024342769 0.3668699752355927 0.03296900889724856 0.04327877404661713
0 0.5470726822820525 0.30153266271438817 0.039473676882026076 0.04974702885594055
0 0.468815031103189 0.2309324752355927 0.04891234387822045 0.0516369110699257
0 0.9028584727767817 0.4919443200712988 0.04059050790866543 0.03886409255827132