0 0.678129912166234 0.353794561286809 0.061502984390903494 0.06128293364502548
0 0.6500793232361597 0.3070922781093217 0.03762897477225664 0.04864657825883114
0 0.3816145215147284 0.45706150361423725 0.03730159255827141 0.03927157825883114
0 0.6724131031884086 0.6740752450300302 0.05034722958158007 0.05496930113146803
0 0.8764582516444624 0.6018088387087597 0.07115080290255768 0.06914997579950324
0 0.7538788687975051 0.7345264108192707 0.07540179328391083 0.056677246876741985
0 0.6220733080903992 0.7735667058024188 0.05492560217691818 0.05187157220870695
0 0.7642012659876147 0.9086497120489347 0.05034722958157989 0.05496930113146803
0 0.41585304602468165 0.95285527176461 0.047222229581579886 0.05495112041330898
0 0.48411197270370393 0.9665177959651068 0.05056548439090349 0.06121930113146803
0 0.2706769883976186 0.7037506721339521 0.056542665879249124 0.05344316256778647