0 0.6169989304448134 0.04837962446474553 0.045591904688076924 0.05582849784053168
0 0.68624957819306 0.0361614242801754 0.048777461443336986 0.032691386489479626
0 0.6908474406238462 0.06154215608157811 0.06530362739018099 0.04775518198597286
0 0.674863890346991 0.16526793337947404 0.07165375693983016 0.04971820018457014
0 0.7369633721483937 0.1675127513935012 0.05789164558877822 0.053504534237726234
0 0.6497754503414537 0.25323830275009057 0.0907437183831675 0.08050712523071261
0 0.5020586435861935 0.23936317474160074 0.06570414558877821 0.05400518198597286
0 0.5910536875415271 0.3682613278885182 0.05865310919158375 0.04110466378737554
0 0.6184184215023982 0.4147463016703564 0.07367733189368764 0.0327309592838688
0 0.6435593214101132 0.44736903455149324 0.04937823874123311 0.04206638648947969
0 0.7291439728589876 0.32595630706902723 0.06570414558877821 0.05400518198597286
0 0.7671853909652999 0.35152800355296954 0.09246690468807692 0.058832384330011325
0 0.7710322817737161 0.38862748535437225 0.07800388648947951 0.051681218383167415
0 0.7844556292451076 0.48268836598375575 0.07790375693983016 0.050118718383167504
0 0.6640942620339594 0.5518667674326302 0.05739099784053181 0.045692034237726276
0 0.6207447802325566 0.5484203948228112 0.048977720542635696 0.03581638648947951
0 0.587903199418603 0.5995416062661482 0.04382914558877822 0.052603368290882455
0 0.5392153755444797 0.6065518723052772 0.05572836829088228 0.04402940468807692
0 0.4659781346437783 0.6081329611387953 0.08515505243632351 0.06614423658176474
0 0.47808331817091065 0.39495184068844463 0.06610466378737563 0.060255181985972864
0 0.5228358112310805 0.43721038942414037 0.03481509099298634 0.033352720542635696
0 0.5598153770856392 0.45506971545773195 0.06762759099298635 0.03545544108527139
0 0.5032452020394966 0.47581181447028287 0.048477072794389106 0.02800388648947951
0 0.5717250917681788 0.4877622995108881 0.06277940468807693 0.05692992288667433
0 0.7001387908730148 0.39005837986341635 0.04907785009228505 0.03737888648947969
0 0.7450414782576583 0.42997317859911205 0.055628238741233106 0.04246690468807692
0 0.6948214327611651 0.4487522594130656 0.061317034237726276 0.05839229333702498
0 0.7667279087024718 0.516502161480249 0.05739099784053163 0.045692034237726276
0 0.7137333166297511 0.5300127513935011 0.05632914558877822 0.053404404688076924