0 0.21636217304355773 0.28897039280707804 0.04565246144333708 0.032746798022528625
0 0.2006475354743439 0.31573498860003363 0.04106509099298643 0.03398151609154336
0 0.17468581277223985 0.30821741954228316 0.03920220234403846 0.029184755447881638
0 0.5566646028700623 0.16095574538529758 0.04332849784053181 0.04502827673520508
0 0.6471510980897003 0.24173621580010085 0.061016645588778215 0.05404264381548422
0 0.7099493777039481 0.6332192394332129 0.038440738741233105 0.04157549480421992
0 0.45889351327057704 0.9463194450169805 0.038140350092285044 0.03688799480421991
0 0.5495685780454017 0.9392010776846 0.0349152205426357 0.03510697351689629
0 0.359353390660758 0.9097260171768241 0.04861677513842757 0.05473105866619008
0 0.27120135102436094 0.8653365148310357 0.05007914558877831 0.053277819309852245
0 0.22552790562015276 0.8498643341408878 0.038140350092285044 0.03688799480421991
0 0.1620964612956788 0.856633140209188 0.04545220234403846 0.029621798022528623
0 0.1358145635474322 0.8662484408296066 0.038340609191583705 0.040012994804219916
0 0.18286883868585982 0.811626642807078 0.0483163864894796 0.05004355866619044
0 0.20705611274455324 0.7376046347613063 0.038140350092285044 0.03688799480421991
0 0.26933726481173653 0.8094689270838517 0.0616779796419344 0.040089404459146036
0 0.34085131940752833 0.7858021981190737 0.056589961443337077 0.0335116225281606
0 0.356517089765594 0.8204832007169637 0.05306444324473976 0.02704310124083733
0 0.2586114273624944 0.37001294317539507 0.07445738433001133 0.0938699683211163
0 0.15009231878921953 0.6070373317950992 0.09190570018457014 0.07486859604505725
0 0.2175313402270193 0.6590972225084902 0.06504281153562222 0.06832366510280767
0 0.2719196491417478 0.7206249483711752 0.05713018198597286 0.06621486188449896
0 0.082009640660758 0.9291197814267822 0.041726425046142525 0.020028276735205