0 0.5527200804577169 0.1702052605484792 0.026966691585911206 0.029289393713693723
0 0.5949186521133575 0.12356354694240931 0.05557229282674854 0.08201628742738745
0 0.5511086679527992 0.09111707403071455 0.041979686390131124 0.06580909057054056
0 0.4610628221598437 0.08120272663574843 0.05658848960843983 0.07427656203449329
0 0.41404571052744615 0.10377123945602999 0.049901447033792935 0.06773546360606986
0 0.46768452673520516 0.022796356183862394 0.03954310124083733 0.04559271236772479
0 0.5320037528499916 0.033241550559509885 0.057932468321116384 0.06648310111901977
0 0.5567734319506557 0.29542358436979677 0.03852690445914604 0.060976041356328906
0 0.3230532678562542 0.539880021506734 0.03699725544788164 0.03910104135632882
0 0.2654592891435777 0.5456976819696507 0.049901447033792935 0.06773546360606986
0 0.24180862169498152 0.5773672129868974 0.03434214901126431 0.02340326674922295
0 0.2772208698533961 0.8147751677016271 0.03576253737886681 0.04371576674922295
0 0.26271025562310857 0.8538569383797914 0.05168246832111638 0.07093323821317554
0 0.233793297945654 0.7877974447899323 0.039980143815484225 0.05948631596343468
0 0.333907912428043 0.8184052818458161 0.039728771539425 0.078163541356329
0 0.24072745089219066 0.4049827907371563 0.05513525025210155 0.07576628742738745
0 0.2669182463168292 0.46568269623767433 0.048338947033792844 0.067662688998964
0 0.38467881872877435 0.6365516602580289 0.057932468321116384 0.07122433664159918
0 0.3500852974414509 0.6350277016143578 0.04157549480421992 0.037756865177646405
0 0.3454031512801782 0.6689489373463342 0.04302873416055819 0.03626713978475245
0 0.27993632442875754 0.7527289319696507 0.03326025025210155 0.07474744292790554
0 0.31839789088861803 0.7423158167920042 0.0414662341605581 0.036194365177646404
0 0.2661416221991846 0.7235872415229446 0.029075494804219913 0.0371746683207995
0 0.26197329224567084 0.6751861288264975 0.03576253737886681 0.04371576674922295
0 0.24227243346326496 0.7521317725401913 0.04012225544788164 0.03924659057054054
0 0.23387007157876596 0.6992250963615089 0.04368429802252862 0.04564213978475227
0 0.23833369645271518 0.6621788606295326 0.028201409654926034 0.0246746683207995
0 0.23785309521187795 0.6104708114153208 0.048918101240837245 0.05367296360606986
0 0.264016757464694 0.6147387803980742 0.02359031930985207 0.04782106989237604
0 0.2757244358090534 0.6588697700589918 0.028747712873234653 0.032487168320799495
0 0.3267899090738483 0.6157340461138399 0.029184755447881638 0.0387371683207995
0 0.3158306297407532 0.593514443756475 0.05091764381548423 0.05999573821317572
0 0.297342709694267 0.6429707882559569 0.04521394703379293 0.06751713978475245
0 0.39558918555695194 0.5796103014905233 0.033402361884498966 0.05450771753501123
0 0.6105693293724361 0.6275982295312326 0.048153276735204996 0.042735463606069855
0 0.5921524651421486 0.6668619367271615 0.029621798022528623 0.0449871683207995
0 0.37123404174146774 0.5227438713828996 0.029075494804219913 0.0371746683207995
0 0.516329112388702 0.17660296381546686 0.039980143815484225 0.05948631596343472
0 0.6259776279760423 0.06333236828252754 0.034527819309851895 0.048330492142117154
0 0.5871775719077421 0.013908276676275061 0.05349634059717552 0.027816553352550122
0 0.49113808825138705 0.11899167101139593 0.04590236188449896 0.05508991439185813
0 0.31515973231897276 0.25886546195344 0.05938570767745457 0.06973461124870503
0 0.21984078654568764 0.5658496701828264 0.04321440445914586 0.061194365177646405
0 0.2720959633005632 0.920826114558474 0.05516810124083724 0.05396406203449331
0 0.3168457345878867 0.9218770382559569 0.05426116510280767 0.06326628742738763
0 0.3267131354407364 0.7043063945422633 0.04768338317182241 0.05828768899896399
0 0.3466485770266476 0.7315944865605459 0.04633940445914595 0.06133991439185813
0 0.31242639633649966 0.7802160771310864 0.03798060124083724 0.05316354135632899
0 0.6363998558555397 0.5934757866033271 0.03630884059717552 0.05152826674922295
0 0.6033573989343897 0.7486384756022911 0.04499542574646931 0.06439213978475226
0 0.6291622481584146 0.2097536040145039 0.05135468639013112 0.06624573821317573
0 0.29415808951189476 0.4965495525239806 0.033293101240837245 0.052945217535011226
0 0.2859406699696116 0.6928808970234626 0.0377620799535137 0.05003854135632881
0 0.2905521242928716 0.5570696755595099 0.03798060124083724 0.05316354135632899
0 0.3687535339477976 0.5769412198113228 0.03798060124083733 0.053163541356328815
0 0.555560857192922 0.21083026054847923 0.042995883171822416 0.0580693651776464