0 0.75859375 0.2618945717498938 0.04375 0.052037688998963993
0 0.709375 0.23616467162605925 0.0359375 0.028236315963434677
0 0.17890625 0.5856764425136207 0.0390625 0.039319365177646406
0 0.18515625 0.3961237909420441 0.0671875 0.08750430810555195
0 0.24609375 0.7122432506191725 0.0640625 0.059233758891340214
0 0.425 0.7596384431327932 0.053125 0.046224336641599174
0 0.3296875 0.7481679420993359 0.0640625 0.06548375889134021
0 0.44609375 0.8848396503287222 0.0546875 0.043172111248705035
0 0.346875 0.6778747127775004 0.0375 0.04393409057054072
0 0.27734375 0.5988549927612896 0.0390625 0.0408818651776464
0 0.5375 0.15706571484441495 0.0578125 0.06675516046291671
0 0.40703125 0.31895778515107587 0.05 0.06170378742738745
0 0.72265625 0.32740825578645905 0.040625 0.042517139784752266
0 0.7953125 0.4229797750168814 0.0609375 0.049713209677128486
0 0.61484375 0.20363680789615488 0.0296875 0.037320217535011316
0 0.79375 0.26509450040977556 0.025 0.03241439371369372
0 0.81875 0.2678213941234692 0.0375 0.04237159057054054
0 0.83203125 0.3160962282838691 0.0828125 0.06635705417661039
0 0.5140625 0.27628659573782705 0.1078125 0.0987714478903042
0 0.48515625 0.3538465155063687 0.0953125 0.0778767510334573
0 0.20390625 0.5126220862273143 0.053125 0.069661836641599
0 0.153125 0.49150691149637404 0.046875 0.04280823821317572
0 0.296875 0.825545925350113 0.0515625 0.05083906203449331
0 0.44609375 0.6778084003287222 0.065625 0.059306533498445904
0 0.3890625 0.9681208771693586 0.0484375 0.05694351282028158