0 0.25396769529759256 0.26926371874920163 0.0867192973424542 0.06918771751493065
0 0.2500972606222293 0.3332534835668405 0.07398294000636332 0.04858427678548623
0 0.44635464262413826 0.32375511626000036 0.042678396005727134 0.04316942496187508
0 0.5850080626193659 0.3621480818750699 0.03339430267345413 0.05076371941479163
0 0.3155960859723194 0.2113070548052433 0.09135225334181776 0.06460932028847229
0 0.4018244873090466 0.18830727232017397 0.09302384134309047 0.07402068787965285
0 0.4019784813017287 0.24223170611576422 0.03323067067154532 0.03670121941479163
0 0.32215462130013794 0.25209570896555583 0.05986589600572696 0.043569468464861136
0 0.4701381353039559 0.22740744633211846 0.08975339067472685 0.061447952697291794
0 0.5042955066438647 0.17975184954250042 0.10872156667727229 0.08063436379145843
0 0.4647506539624563 0.2874545935585768 0.08361247867599957 0.0706774823325695
0 0.39580974996022905 0.3022606695466322 0.0442227146721816 0.041643292553055565
0 0.361861463956093 0.3319475163362503 0.09142497867599957 0.07085932028847228
0 0.38808760928550223 0.3614720153863198 0.08048747867599956 0.07060474715020834
0 0.40045979260822995 0.4399061399113545 0.08839088534372692 0.07859908510611113
0 0.4666842292727755 0.4570767625365281 0.09135225334181776 0.06460932028847247
0 0.4502421639481387 0.3926142190335421 0.05690452800763594 0.05755923328249999
0 0.48716090861713857 0.37628135742628516 0.08036020934118149 0.059667247150208436
0 0.5368427352800934 0.40478887034406297 0.07741702267663583 0.0752195119678472
0 0.5358534946292289 0.2883280689572921 0.041243165340545215 0.05407055737069442
0 0.5724909759707286 0.22900827355444492 0.07247498400699967 0.05323540919430565
0 0.5956017593093648 0.190473103626563 0.08350339067472685 0.0613024823325695
0 0.5904420919796373 0.16378331705743104 0.07256589067472703 0.061047909194305604
0 0.6548227653166826 0.1379306382958339 0.11791475334181775 0.06522756933854179
0 0.6324665073201825 0.1116220582237158 0.08054202267663584 0.0752922471502084
0 0.5961750186585004 0.07404866983097272 0.0867192973424542 0.06918771751493062
0 0.6044056893300456 0.038293007786875506 0.08493862133990877 0.05040134992375006
0 0.324124559277548 0.4185928779435072 0.09474997334499946 0.08811955547083343
0 0.5725995166295472 0.2868389573500352 0.05192612667090888 0.032450130508958355
0 0.5697290552991834 0.26489122216767413 0.04255112667090906 0.03223192496187508
0 0.3418580466263655 0.3049122376509031 0.04405908267027261 0.027580792553055566
0 0.061588196610457134 0.4156081226251736 0.05347044533736345 0.030923998100139016
0 0.026828485299978805 0.5116284842324306 0.05365697059995761 0.04044446846486114
0 0.2667575019494114 0.3789660270698266 0.04880112667090888 0.032377395326597204
0 0.20047906862668366 0.2992772206490627 0.05038180800445433 0.03397626291777787
0 0.2031319012969562 0.2727692720358335 0.03940794533736343 0.03059668977951393
0 0.3379710726448192 0.16884745108177113 0.05824885200509069 0.03884560087368061
0 0.40941935864895534 0.14003342648048647 0.040952264003817976 0.029070557370694507
0 0.6713188272995015 0.2649113655944103 0.04256930800445424 0.03379442496187499
0 0.5275046452896384 0.33423998100138935 0.04885567067154532 0.0370648953265972
0 0.6874341759627745 0.2902932253018061 0.07705339600572714 0.043969511967847284
0 0.654302955283275 0.3840789396826047 0.09278748400699968 0.053708187879652855
0 0.32562287726768485 0.49130367933027796 0.05830339600572705 0.043533100873680654
0 0.32750355060473013 0.46399629692145866 0.07229317067154524 0.03761040919430556
0 0.3968728106301835 0.2780601033422226 0.04725680800445433 0.033903527735416716
0 0.5280068213319546 0.02244849581902822 0.056486357336090795 0.021621733282500045
0 0.34941764998409164 0.12535202422003502 0.048837489337999786 0.03550239532659725
0 0.3838653753182734 0.11990211122600727 0.04725680800445433 0.033903527735416716
0 0.41527900732018247 0.1065669630496184 0.05196248933799978 0.03557513050895835
0 0.27308077462604735 0.30565581363895855 0.0833579400063634 0.048802482332569494
0 0.26645696260345747 0.4719529608654168 0.04565794533736343 0.03074216014423605
0 0.21032459392904873 0.5276931613785072 0.06929544000636341 0.04847517401194459
0 0.5353160506047301 0.4688331865484727 0.07552725867281787 0.04705814437666689
0 0.19246438458786724 0.585105617875521 0.051944308004454334 0.03401263050895835
0 0.021834258593276104 0.54127961664125 0.03622840133672712 0.02583645459715278
0 0.04938709392904872 0.5239472994869099 0.042514764003818 0.02910692496187508
0 0.061687099260048825 0.5414257402163543 0.042496582670272565 0.02754442496187508
0 0.20394841927913884 0.4040738234226044 0.05668635200509069 0.03880923328249999
0 0.6555034706397285 0.21374825588701443 0.05038180800445424 0.03397626291777787
0 0.5807932772915473 0.3214139791015283 0.0661704400063634 0.048402438829583436