0 0.3900927605500115 0.3119978954451854 0.038181838473758486 0.041904080083912554
0 0.1935855478853843 0.6310402029090738 0.047447744317957154 0.03636447510489056
0 0.18164465543386626 0.6621242595477697 0.04133411201270887 0.04370337842423862
0 0.27291453773911456 0.6612381110023066 0.050627291395857824 0.0397262734452168
0 0.2682094468297241 0.704573713906736 0.044568206168510205 0.05019017676456468
0 0.34426343221922745 0.7259410736596426 0.0541341209411625 0.06183807178554268
0 0.381128232543539 0.7817892545733922 0.07115797970746059 0.05376546265733619
0 0.34041745778677274 0.8184954265640719 0.05073638555165925 0.04597627344521697
0 0.47978569520487097 0.935945803538418 0.06671594155801372 0.06747276514684693
0 0.525856125805836 0.8934040286433088 0.053806838473758486 0.04308807178554268
0 0.6067515697994816 0.879248285491786 0.04432274431795698 0.03612767676456485