0 0.5124047405006033 0.6317531916850512 0.04735967887824373 0.041172963606069854
0 0.47907658412359666 0.5460318614535928 0.04448034034363317 0.04571491439185813
0 0.24262674977285742 0.43604246960192583 0.06339411465389251 0.049713209677128486
0 0.2017903878324983 0.4598588052100677 0.02564845318850333 0.04327911910658777
0 0.6005986227944929 0.2921706149682494 0.07194359905006031 0.06413958271265781
0 0.7217466044771272 0.2393624462331651 0.05434666327441171 0.05552656203449331
0 0.42560078131920615 0.6409590636871231 0.049570632066746965 0.08336046360606986
0 0.3750242492070305 0.6425001389561829 0.06305992198083885 0.07307793507002244
0 0.5013554551090673 0.7629475337033338 0.0530298247398008 0.060141287427387266
0 0.37940188998020485 0.7409012516526298 0.07350609905006031 0.06421235731976367
0 0.33881783355776973 0.7397903618678775 0.0456334045679843 0.037975188998963995
0 0.29385613636216024 0.6402783593866782 0.06535940637700666 0.08721320967712849
0 0.2540975955435574 0.6251777442090318 0.04497166327441153 0.05508991439185813
0 0.1998837290806425 0.5275728440851972 0.05245661465389255 0.049203787427387444
0 0.1761020703287867 0.5942680384608447 0.04735967887824381 0.041172963606069854
0 0.14447029002563339 0.6450107471045159 0.03683161465389255 0.04847604135632899
0 0.1833214280852743 0.6725385876750565 0.025648453188503284 0.04327911910658777
0 0.2189147693334185 0.7419992171207265 0.05154921189493056 0.061631012820281585
0 0.25884372851481563 0.7306101069054789 0.04053646879233552 0.029944365177646405
0 0.2610104160994867 0.7868237196019259 0.04036605042954129 0.05643409057054054
0 0.30927749773669244 0.8155694578151017 0.048922178878243815 0.041245738213175544
0 0.2538054257104251 0.8277933219592907 0.040945904567984304 0.037756865177646405
0 0.28147340230467677 0.8501242402800904 0.042508404567984305 0.03782963978475244
0 0.3392416367008445 0.866843013439454 0.060105340343633 0.046442660462916764
0 0.4764207321328602 0.8373824534718753 0.06775406603337367 0.043681533498445904
0 0.41481152476048544 0.8960810572769823 0.043409163274411536 0.05501713978475209
0 0.58852234169837 0.9688572394515209 0.06643722749876275 0.04829625889134022