0 0.489557446022517 0.22635819233250332 0.06766716378737563 0.05811402837152997
0 0.41360741286452496 0.30007082548117137 0.05306444324473993 0.02493781551854841
0 0.33221771052048643 0.3243146560434146 0.0665657387412331 0.04092652837152997
0 0.3866968545681052 0.4268690062016992 0.060155052436323506 0.06257420783841638
0 0.43848989204503397 0.43698580377355895 0.05779151603912887 0.05002874373179385
0 0.7863952683554809 0.38214415723054884 0.07205427513842758 0.05356292069139794
0 0.8785431955610917 0.4098720036279097 0.07235466378737528 0.05825042069139794
0 0.8700822486157239 0.5419032536279097 0.0460529796419344 0.03721049498543501
0 0.7738185178940554 0.5539736931239261 0.05174177513842757 0.05297188730530315
0 0.8460148905038745 0.5999059702418148 0.06454216378737562 0.05802310015828453
0 0.9226379472591347 0.6256166755729489 0.05330427513842757 0.05301735141192587
0 0.7287377529346607 0.6223228763517363 0.07407785009228504 0.036466348904643196
0 0.7705352267164989 0.6540646213371716 0.05805233189368782 0.029761707838416383
0 0.787112655001844 0.700726672669955 0.05662953423772628 0.05623327962517131
0 0.7500341571613123 0.741913962324256 0.08016716378737562 0.05847774122451135
0 0.7892282626522682 0.8142807073096912 0.07059190468807693 0.0550799565847754
0 0.6773173504060521 0.7163169172596786 0.08309190468807692 0.05544366943775678
0 0.4393913440845306 0.9481195320659467 0.04861677513842757 0.05288095909205772
0 0.48144963372092775 0.9918311134861197 0.06606509099298634 0.016337773027760606
0 0.5762998612033938 0.9247084272888084 0.07013082973421944 0.07222199247815268
0 0.520480657779621 0.9285632015037034 0.04266716378737563 0.05738660266556721
0 0.3451428053709842 0.5501102779093114 0.08126858883351815 0.07566524122451135
0 0.42084610734588235 0.6634573755603136 0.0858559592838688 0.0742391335443795
0 0.5323750902270193 0.694097273290458 0.09290699568106327 0.0869209899708702
0 0.6115130752676244 0.7660608529947714 0.04186612739018099 0.04488660266556703
0 0.7202489227390159 0.8647149648315384 0.03910207279438911 0.026091138558944495
0 0.7380686759782185 0.9286327123242561 0.04585272054263569 0.03408549498543536
0 0.8275466903193044 0.6682467932822107 0.054666516039128865 0.04993781551854859
0 0.8500038787836821 0.7330821830947963 0.053504534237726276 0.056142351411925875
0 0.7647603863418213 0.8785334239235961 0.054065738741233105 0.040562815518548234