0 0.2851311674161239 0.781182221593081 0.04167284684397003 0.06474433847375849
0 0.3448947810660079 0.6364912844992943 0.05028384288963732 0.046157979707460585
0 0.3443071906478285 0.6700713977298192 0.04470500494291585 0.024201159090609537
0 0.3537485162372603 0.7065992329571668 0.03140650889724857 0.04270569724005639
0 0.3946414771882249 0.8909100032497062 0.03628500988583179 0.04747501785690744
0 0.28948969806220226 0.6358969951320314 0.04154551285158128 0.061619338473758486
0 0.37540334034381734 0.7499401298729117 0.03172484387822054 0.05051819724005639
0 0.34410691939329024 0.7707844638824433 0.036412343878220545 0.050600017856907445
0 0.21782430920344736 0.9002419131510946 0.024774506920082297 0.03322160308425524
0 0.2720979737281838 0.9094435892878326 0.03778384288963732 0.04593979139585791
0 0.22496298855693145 0.8400038425342438 0.0347225098858317 0.04744774431795733