0 0.49959823983319895 0.17549982436054412 0.04689484736759475 0.04663095909205772
0 0.3594618239539499 0.12639839779665138 0.05470734736759475 0.046858279625171174
0 0.2225595685964723 0.326674845605938 0.05498016587924912 0.054670779625171126
0 0.21347723447572137 0.38011809435229676 0.05034722958157998 0.056096887305303156
0 0.12864836668970653 0.391970888163233 0.055833337748947984 0.03440374373179385
0 0.7097694250345598 0.5729190789793976 0.06279266587924895 0.05489810015828454
0 0.2694718072485449 0.5951149570469937 0.06758929328391083 0.058159492478152684
0 0.23922380125809511 0.66950720328607 0.05706845553496276 0.025074207838416386
0 0.2673041612395617 0.6898053314201731 0.04651290145127884 0.03569345909205772
0 0.3643007015282477 0.7800462350228121 0.05363592068857255 0.06087531551854859
0 0.32907004045832194 0.7341487133151998 0.05448909255827141 0.04060827962517113
0 0.3065427652305785 0.7832909069678514 0.05599702885594056 0.039091243731793665
0 0.2997396937236993 0.8124244775009648 0.05723214664195542 0.029761707838416383
0 0.3405482321982867 0.8612878748353978 0.060848219962933034 0.04391513605166182
0 0.32879476586355066 0.9054243197416906 0.059176592558271415 0.0407446719450391
0 0.2849976366447904 0.8605581006205029 0.04209821996293304 0.04336956677218993
0 0.24596241849595585 0.8624759532860701 0.05498016587924912 0.05467077962517095
0 0.20126747738896328 0.8590841803248164 0.0360119110699257 0.04787521034569906
0 0.1657466396400153 0.8272718906705154 0.03234127404661713 0.03215928213245363
0 0.12958096114689446 0.7993885830695258 0.06284722958157998 0.05646060015828454
0 0.2700670626908405 0.7241348673135504 0.041825401451278846 0.03555706677218975
0 0.2606474226723071 0.7455241340065978 0.05270833774894799 0.03431281551854859
0 0.20601448637463796 0.7486778777383917 0.04484127404661713 0.032522994985435004
0 0.24982897376076618 0.771646364806268 0.02738095553496276 0.024210389812585477
0 0.21313750561193162 0.773496021311901 0.030451391832631992 0.022738818025830908
0 0.19001002965854874 0.8054507149645526 0.07162202885594056 0.03954588479802048