0 0.6108449513049103 0.17365543479379925 0.0737465826702726 0.030839747298576903
0 0.7777955466263655 0.25137236916407546 0.0661340773392725 0.04757222099021767
0 0.8454370326225474 0.27553864028135006 0.09911020934118149 0.06354583148532651
0 0.7965353612746846 0.38534555076234145 0.06295453333863606 0.042702710466873926
0 0.8732160399427299 0.37073004294042083 0.09440452800763595 0.061710315700310936
0 0.8014223086012302 0.43502703234648993 0.06622498400699968 0.05538472099021767
0 0.6933729039226855 0.5287608927710117 0.1038704346753633 0.07006884727034209
0 0.7825530352482767 0.5805593402248803 0.0841215560152719 0.11732327886860787
0 0.5814519698838689 0.821023258457205 0.09258748933799979 0.03974431043863902
0 0.5171531125477782 0.845066974185751 0.03517497867599957 0.07075211575678039
0 0.6612571012094602 0.8733677374811049 0.07723520934118148 0.06227175782192092
0 0.5880832305458692 0.8549887347796818 0.08208634134309048 0.07660727360693613
0 0.596850250557005 0.7725024584713225 0.051871582670272434 0.02956567363517095
0 0.8078332038908685 0.7563104981456229 0.0455852200031817 0.02607665258848364
0 0.4824701245624139 0.7393475952042035 0.03310340133672707 0.026911110495108838
0 0.7517019299013682 0.6822884401966454 0.04093408267027261 0.028928636803468067
0 0.7814547065961396 0.4736645981173881 0.04255112667090906 0.033707142065139806
0 0.5526104492361863 0.6829541110598061 0.05036362667090888 0.03416216837349921
0 0.375369980625411 0.2818374740445766 0.031922709341181486 0.05963260523343701
0 0.604372396562732 0.7299054347937992 0.04098862667090888 0.03361613680346807
0 0.8423745726050484 0.4045358955430219 0.041006808004454595 0.03517863680346807