0 0.7889614642884301 0.3458474801024901 0.07225679508134383 0.07107136182749904
0 0.6663370305452087 0.33108439524469274 0.06293633723582168 0.07973596680652095
0 0.7384796752572103 0.42487120665727335 0.10213519262201594 0.10613344606059663
0 0.5050581211988758 0.5119172303029828 0.05354315651766246 0.07590057178554285
0 0.41554616930528193 0.44807802801860885 0.09275110226293641 0.10386055103961844
0 0.2694968293389857 0.6980636047785291 0.11921360831306052 0.08868583693238978
0 0.06575420580241884 0.6544875130722545 0.07070338544042357 0.07251546265733602
0 0.09217632611753188 0.5462848493799445 0.08329428903121974 0.08908765601864026
0 0.49801882260149044 0.24407853486708614 0.08787270472226431 0.07069285352912935
0 0.7981279069104459 0.2480611755383868 0.1191045240041051 0.06993583693238978
0 0.47559892193756054 0.20173674689972235 0.03300339754067192 0.035298882573423465
0 0.47671197004396665 0.1447646964848038 0.07857042759490121 0.08248245850815117
0 0.38792113905466086 0.3600093429556745 0.0550511143631847 0.06664397095570589
0 0.2275421752572102 0.3861546780139645 0.09132495764913058 0.1271796518694554
0 0.32235977156821816 0.3440990778088275 0.06136474687674198 0.07805506763635801
0 0.32775073263519433 0.4922289244894795 0.08641019867214013 0.08776195435896632
0 0.3331735099589491 0.6348900211701316 0.0440136204133089 0.04862767676456468
0 0.43549907924078984 0.6457701668158098 0.11145565046753828 0.0974688410815748
0 0.20279916696759087 0.8774658396316821 0.0802147408266178 0.0966633576783142
0 0.05989404948114815 0.8556948155617654 0.11309087334017513 0.11008724025173748
0 0.4173661818965096 0.8069677759440165 0.10685905405833437 0.11273864357108572
0 0.48512585363767846 0.8480556398461079 0.09416815651766228 0.07897895020978112
0 0.5121388472929665 0.638290476153798 0.06769656010845856 0.09259116431700995
0 0.46155408177487267 0.3319803539533366 0.05346134328594587 0.06183807178554286
0 0.5794677687395479 0.48472869088572634 0.07391019867214013 0.08681476099766208
0 0.21073945287555257 0.7217486358974158 0.09585792154477701 0.10097234937994451