0 0.4380822036109529 0.5751396440563156 0.05133700692008229 0.03339430267345413
0 0.43267977920038464 0.538375440722452 0.03682883794672165 0.022293170671545327
0 0.43203118037924826 0.4649652127227702 0.024265170950527094 0.020585220003181703
0 0.40235826783167816 0.484141926718634 0.04295150395433271 0.01924089600572696
0 0.3981310242574688 0.5145470420512249 0.05309050790866543 0.038099984006999675
0 0.32853215418179416 0.3396010387094071 0.047893671939110226 0.025545440006363405
0 0.3270532258168933 0.2841413793761799 0.04502333992388783 0.0317590773392725
0 0.33444923174839236 0.31233910471036164 0.032523339923887826 0.031613626670908876
0 0.7470473212151696 0.7411577320973592 0.036157675893442945 0.04414998933799978
0 0.7895385687437116 0.729938968769859 0.07266817885919252 0.05863066000954511
0 0.7751205830781677 0.797707724100859 0.06147601087441501 0.052253390674726855
0 0.8954994086675996 0.7624071181174037 0.06115767589344294 0.04444089067472703
0 0.6560549066904331 0.7502503740849507 0.03708350593149916 0.028543170671545326
0 0.6351813325838761 0.7937367447485417 0.04715884288963732 0.045839758672817865
0 0.5928174190477229 0.8080805080760418 0.05914950692008212 0.03348520934118149
0 0.6717210104544854 0.8472617340865416 0.031342841901054186 0.04097044533736351
0 0.6094120114430686 0.8512219807447237 0.05309050790866543 0.038099984006999675
0 0.570254010948777 0.8484236974060876 0.03721083992388792 0.03166817067154533
0 0.521498175967805 0.8400475760661787 0.039346342889637495 0.045748852005090865
0 0.634377519351734 0.8889947007479055 0.05583350593149898 0.02876134667409076
0 0.628173940302261 0.9092253847469507 0.05726867193911023 0.025654528007635947
0 0.5903012085910497 0.9921169640356347 0.050891337946721474 0.015766071928730696
0 0.575283703648134 0.9718611974060876 0.046713173916276676 0.03490225867281786
0 0.7169592090853414 0.995206148710998 0.047575336958138335 0.009587702578004098
0 0.6607092090853414 0.99487888470718 0.047575336958138335 0.010242230585640045
0 0.9029511058155807 0.9069565494509492 0.03121550790866543 0.03784544533736352