0 0.29050630445111786 0.1682599642252424 0.029969301131468118 0.04982021753501131
0 0.2635983708060924 0.22639779590444284 0.04560339149054773 0.05211046360606986
0 0.5970562863007453 0.13096128721799044 0.04726588544042354 0.06937073821317571
0 0.5358778917851353 0.16952932754086203 0.04566702400410509 0.06304796360606986
0 0.49080576541989807 0.2604240012383451 0.04566702400410509 0.06304796360606986
0 0.45307396126336785 0.29852116066780454 0.047302246876741984 0.07562073821317572
0 0.5697205848981306 0.39694800620074383 0.03952610831306043 0.08150686517764641
0 0.4015154855620605 0.42974973593686416 0.05497839149054773 0.052547111248705036
0 0.4574155067374953 0.49252587179267504 0.03945338544042372 0.0690068651776464
0 0.23699794672723257 0.634644789494302 0.04261474687674198 0.07540241439185813
0 0.2516422297083281 0.5352997609582548 0.03479315651766246 0.07347604135632899
0 0.20377742233034396 0.43460624813797316 0.047302246876741984 0.07562073821317572
0 0.2542349228213233 0.7612629474760194 0.042542024004105096 0.06290241439185813
0 0.5948377178044714 0.6466226745215434 0.039489746876741984 0.0752568651776464
0 0.5866161516458887 0.7165713014860141 0.031668156517662284 0.07333049214211709
0 0.6527224197962612 0.7712267222880131 0.08162270472226432 0.06784677956950454
0 0.8454735220591975 0.6833029989620335 0.0394897468767418 0.0752568651776464
0 0.8567877510801545 0.7533800585153274 0.04563975292686635 0.058360463606069855
0 0.8516911849215717 0.8234742346940098 0.05032725292686635 0.05857878742738727
0 0.8551929139425287 0.8931874212117744 0.042614746876741806 0.07540241439185813
0 0.8059605284039092 0.89323877108794 0.05674996974937905 0.08855738585581108
0 0.6113955213718265 0.2183713959854961 0.05511474687674216 0.07598461124870504
0 0.610268837726801 0.2777100086819432 0.042478391490547905 0.05196491439185813
0 0.6247944251590143 0.3330888674494488 0.06292724687674216 0.07634848428423427
0 0.7270705183467643 0.21516296691132958 0.04740224082661779 0.09280823821317571
0 0.6789784519917899 0.15353195409104797 0.039489746876741984 0.07525686517764645
0 0.6410699067140542 0.08768647621695447 0.05202610831306061 0.08208906203449332
0 0.6911779492613153 0.3400880382514478 0.07238406010845858 0.09084763192686936
0 0.7748353317748726 0.3330439797316111 0.056786331185697494 0.0948073858558109
0 0.7345007023845733 0.4155632272504118 0.05505111436318479 0.06504711124870503
0 0.7136427808397963 0.5083671573580355 0.07408291549465282 0.1143579065339754
0 0.6983126966290367 0.5912695485905299 0.052062469749379045 0.08833906203449331
0 0.6546990520152309 0.565794359591566 0.056713608313060604 0.0823073858558109
0 0.6395280490883647 0.6213530008240603 0.03785452400410509 0.06268409057054054
0 0.6507741004162246 0.7031488103773542 0.03945338544042354 0.0690068651776464
0 0.4782461572050335 0.40440944168505116 0.04726588544042354 0.06937073821317571
0 0.5193746303722581 0.5884056060769092 0.07071247579950324 0.07202485731976367
0 0.49011385636815297 0.647996775845451 0.026917024004105096 0.0621746683207995
0 0.451759883495516 0.6587137979713574 0.055014752926866174 0.058797111248705035
0 0.40925422092772934 0.7114363835794993 0.07061248184962743 0.05483735731976367
0 0.390131516205465 0.774625588294229 0.0628636143631848 0.06541098428423435
0 0.3273002389799061 0.6943344667064417 0.05508747579950315 0.07129711124870504
0 0.29002295277735674 0.6543066261359012 0.056713608313060514 0.08230738585581072
0 0.37391668462698413 0.6066375676160646 0.05987496974937896 0.08870293507002262
0 0.3390831423743106 0.5495313889561828 0.03779089149054773 0.05174659057054072
0 0.2982626996540988 0.5812329991714305 0.04566702400410509 0.06304796360606986
0 0.2724865157144857 0.44483958085063086 0.059838608313060516 0.08245293507002245
0 0.22394499746591726 0.3261409307267964 0.04257838544042354 0.06915241439185812
0 0.3299495577707675 0.3732771040099947 0.04563975292686626 0.058360463606069855
0 0.39156883470173887 0.25892781368712314 0.047402240826617884 0.09280823821317571
0 0.34753300927157804 0.17169748738460616 0.05039997579950315 0.07107878742738745
0 0.32516258470173887 0.2558348928851242 0.03785452400410509 0.06268409057054054
0 0.4218199369646752 0.16343553122213442 0.02990566861791084 0.03888271753501131
0 0.4799596898915414 0.10987819168505115 0.02990566861791084 0.03888271753501127
0 0.4582614310127468 0.2128019844891221 0.03945338544042354 0.0690068651776464
0 0.7110348895456402 0.6879818827509298 0.04560339149054773 0.05211046360606986
0 0.7890689859548441 0.7072456131062227 0.029969301131468208 0.04982021753501122
0 0.74986558538911 0.7296449979285762 0.04251475292686635 0.05821491439185813