0 0.3268458231692957 0.537969977959911 0.034814615756780666 0.03475680800445424
0 0.11043884414539593 0.6210113866565914 0.08296368942018657 0.05717724801081765
0 0.051913712603599706 0.5826034146642274 0.03957771046687395 0.06291817067154533
0 0.07020171004335095 0.5073397853278184 0.041701652588483615 0.045767033338636055
0 0.04862284165573434 0.4724108019971364 0.04482665258848363 0.04580339600572714
0 0.06124466802056332 0.4206664886616821 0.06817314732681176 0.044513616008908664
0 0.04618881541796226 0.3903522799968183 0.03508763154179623 0.03944430800445433
0 0.060812757539571924 0.3729829666613639 0.06412268415851471 0.055396572008272395
0 0.047835344427744605 0.3246636453294093 0.03196263154179622 0.03940794533736351
0 0.10680852602601057 0.30365116398790964 0.06155912628012437 0.03819089067472685
0 0.0492088576525114 0.2542875106620002 0.027275131541796227 0.039353401336727156
0 0.08777082871331623 0.24523922732336406 0.06614021046687397 0.06322725334181775
0 0.4438248656861935 0.10350297660727548 0.05107665258848364 0.045876121339908774
0 0.4813087261107151 0.21017059993636655 0.07991428413027997 0.08524770401018138
0 0.3591695596621802 0.9050302086250929 0.0481336631118273 0.04896475867281787
0 0.18769929415951334 0.6052585699793191 0.07496917889684288 0.053961341343090476
0 0.29737740202378626 0.6360353079646834 0.05418624203690507 0.07245680267345414
0 0.14433164185337843 0.2633437899825008 0.06879477360693613 0.08199543467536322
0 0.44588862364928844 0.03155525127309368 0.04280912628012441 0.037972714672181565