0 0.25523701495939477 0.07244935403404389 0.054466256939830336 0.045912484006999675
0 0.6762303493170927 0.5996145747533141 0.09719397748246603 0.07919769867918128
0 0.5260465700166119 0.266083364735815 0.05759125693983034 0.045948846674090583
0 0.5927169424695474 0.5877134640754056 0.08399307063492074 0.06811474801081766
0 0.637580057059802 0.5203174260820871 0.0778432001845701 0.06960452267663583
0 0.5662731608527148 0.6623498374044967 0.023176684145441228 0.020567038669636162
0 0.5947788926541175 0.6564361920750874 0.0429279796419344 0.0364102146721816
0 0.5932652598652657 0.7180913074076785 0.06826794108527139 0.0663704346753633
0 0.5924117635658936 0.826594150739951 0.0460529796419344 0.036446577339272326
0 0.6072648079826527 0.8634583514083147 0.06207849784053181 0.04287839067472703
0 0.5250671699520135 0.6649930320655424 0.06454216378737562 0.056959072008272396
0 0.4713204086932466 0.7034010040579064 0.06484255243632368 0.06164657200827221
0 0.42071033697859156 0.6567527233847704 0.07059190468807693 0.05390679734245403
0 0.4442560633813235 0.7561714680537703 0.07275518198597268 0.06329997867599957
0 0.4536835232835011 0.6352777127227702 0.07109255243632351 0.06171929734245403
0 0.1167705020025848 0.32377440201304486 0.06514294108527148 0.06633407200827239
0 0.0923433960502036 0.22278406667727224 0.06338018198597284 0.06319089067472694
0 0.6994511104189762 0.9254230967536323 0.06746690468807692 0.0538704346753633
0 0.673226462827613 0.5527395747533143 0.05809190468807692 0.053761346674090583
0 0.5301342041897398 0.7196987133990879 0.07588018198597286 0.06333634134309048