0 0.35257319615939803 0.13782569028432484 0.027708505931499074 0.028279536104353475
0 0.36940786908709144 0.1674222866935287 0.051400673916276673 0.03466589149054773
0 0.33316662155854937 0.17935466013189968 0.03501166996194396 0.01582498789975162
0 0.3042431255128821 0.19827737695441244 0.028825336958138336 0.01735112646343313
0 0.4657416996194391 0.1535774344305924 0.07515650889724856 0.04261474687674203
0 0.3668239689339921 0.6409870517206434 0.03383117193911023 0.025190897540672098
0 0.4901951433445603 0.6769967537124332 0.06660917984777566 0.06287270472226432
0 0.7056264837627397 0.7093451245185255 0.04964717292769336 0.029969301131468208
0 0.607524564789379 0.6989757719610017 0.04377917490485981 0.039307939695149584
0 0.5331864565767024 0.5814115429400446 0.07735567885919252 0.05824883723582168
0 0.7350354580595772 0.5872701366187739 0.06447367688202607 0.048801114363184794
0 0.6879840445234239 0.6023911425707023 0.041580004942915846 0.023673849336070064
0 0.7253368058921305 0.6560928594914108 0.05152800790866543 0.03779089149054773
0 0.6100898547898165 0.4934433894474443 0.05934050790866543 0.03783634328594587
0 0.6032641932308296 0.5177075912428425 0.06734400889724856 0.04256929508134384
0 0.8066027574515549 0.42587811866479297 0.057205004942915846 0.02376475292686635
0 0.5291967045623551 0.17665132006740766 0.04808467292769336 0.02996021077238851
0 0.4458257890490354 0.1826064042781672 0.04476867193911023 0.025254530054229285
0 0.4657045489348672 0.22937686514875164 0.059276840912470874 0.03627384328594587
0 0.46048780832640723 0.2739490217646099 0.0424713428896375 0.04554884933607006
0 0.4025652203796858 0.25240581987101596 0.04884867688202625 0.048710210772388504
0 0.6217463019006166 0.24253487442032967 0.043588173916276673 0.03462043969514976
0 0.5630278765014654 0.2014604225267357 0.07196784190105418 0.04103406615858276
0 0.5199609674139363 0.23765699776050483 0.033767504942915846 0.02362839754067192
0 0.5827766438016708 0.2833962237563997 0.08303267589344294 0.044222698672140126
0 0.51778299657714 0.3759836995559029 0.06954317885919252 0.05820338544042354
0 0.5048572322426839 0.3080740368899204 0.08564833992388791 0.03174087939029935
0 0.6306212361970166 0.326096808163551 0.0565975098858317 0.04719316256778665
0 0.5917470785923624 0.36930190749962105 0.04865767589344294 0.04402271077238851
0 0.5688706526989193 0.3256746273471959 0.06552684091247088 0.036310204722264317
0 0.7407920736494465 0.34499173302797775 0.043906508897248564 0.04243293969514968
0 0.6990157505314726 0.3936837630822071 0.06973417984777566 0.06289088544042354
0 0.6663650766151961 0.3594905702637994 0.07990767589344294 0.04420451795398091
0 0.6736138439154016 0.4414990943661003 0.05647017589344294 0.04406816256778647
0 0.6994242688202614 0.4804206938003663 0.07828150889724857 0.042632927594901206
0 0.7682724279077904 0.44407412764178356 0.09817751482874755 0.07086701190385654
0 0.8329198597327323 0.5155900584581385 0.07923651384016459 0.0660704275949012
0 0.893947543040549 0.5941599651721927 0.07678267589344294 0.04418633723582168
0 0.5227317762346353 0.5166132447354427 0.07247717787060921 0.05353406615858276
0 0.5947778725843136 0.5779274737563997 0.06641817885919252 0.058185204722264315
0 0.6763727238769079 0.6626292058024188 0.04859400889724856 0.042460210772388506
0 0.8436093034206724 0.64368324220136 0.08542284684397003 0.06454428903121964
0 0.7922059709111584 0.6478894740509873 0.07729201186299797 0.056686337235821685
0 0.8850765618236295 0.6832951880448297 0.08924818380210837 0.08174996974937905
0 0.969740109466996 0.6585355616795925 0.06051978106600799 0.04261474687674198
0 0.9697844842570312 0.7101526038340701 0.05528967787060921 0.053434072208706954
0 0.9497876606447658 0.7563736188611847 0.05608817391627667 0.03469316256778665
0 0.9275014837627398 0.7080542935292199 0.04990184091247087 0.036219301131468026
0 0.828010819732295 0.7211360765103153 0.06766234387822045 0.05038179508134384
0 0.7669778192380032 0.7191468505144204 0.07241351087441501 0.05197156615858276
0 0.8433148261580854 0.7515230132785987 0.06415534190105418 0.040988614363184794
0 0.7265504318993041 0.8584775161072692 0.0644100098858317 0.04723861436318479
0 0.6862928464240405 0.8485530702637994 0.04377917490485981 0.03930793969514994
0 0.6481097555115696 0.8128291937021703 0.07853617688202626 0.048882927594901204
0 0.5745740964240406 0.8492030309379921 0.0774193458553869 0.05981133723582168
0 0.6076067723174836 0.8927712237563998 0.09266234387822045 0.05052724082661797
0 0.6611601952451769 0.9221541967272326 0.10254667984777566 0.06308178298109582
0 0.4909431957394686 0.9254887958669109 0.09505251482874755 0.07084883118569749
0 0.5040905000743621 0.7878797115579554 0.07515650889724856 0.04261474687674198
0 0.44560683802108353 0.8101001452029809 0.08810217787060921 0.053624969749379046