0 0.6248458944842143 0.28335600158284563 0.06973564732681173 0.045704956584775226
0 0.48556504465362355 0.10148021278647446 0.06357665258848363 0.04708560015828454
0 0.8321101758424838 0.5210248008040581 0.059344178896842695 0.054761707838416385
0 0.8670458889401939 0.5852153329365117 0.06650423151356151 0.07056856426490725
0 0.8721120915145602 0.6454170470431344 0.03537605787839056 0.01818771034569906
0 0.8556372230563563 0.6839339777636623 0.04529708944842135 0.027835494985435007
0 0.8569567993505981 0.7065902277636622 0.041246626280124585 0.03863660266556703
0 0.8240378835373476 0.7305900174179631 0.03912268415851479 0.055733174452321774
0 0.795283551981434 0.7055756455520663 0.039866136803468066 0.041716138558944495
0 0.755773730948864 0.6833680249398106 0.04951415258848364 0.04667642319868044
0 0.780114307313693 0.6326011468057076 0.0496961631118273 0.04980142319868044
0 0.7265350100292335 0.5429105095004043 0.05218412628012441 0.038954851411925874
0 0.5856894731269435 0.6019863296378064 0.05383763154179633 0.040562815518548415
0 0.7260176124906602 0.7214985107540457 0.061286110495108834 0.03454013605166182
0 0.7436370229716516 0.7695866697669611 0.04575211575678075 0.03564799498543501
0 0.7219132123918381 0.8251092440609982 0.0494231473268119 0.04511392319868044
0 0.6802416518826119 0.8059584272888085 0.06541216837349921 0.05181856426490725
0 0.653163941415738 0.7427764656894683 0.03517863680346807 0.04157974623907634
0 0.6130702914580903 0.6971540771305239 0.04362817363517095 0.05274456677218957
0 0.4525801124906602 0.7135422920950765 0.04547909997176518 0.030960494985435006
0 0.5476706175405706 0.9401479076927671 0.05034861049510884 0.0342218873053028
0 0.5555055043440387 0.9788651063932372 0.04013915258848364 0.04226978721352559
0 0.5095559675123357 0.9686760729738889 0.05180469468185844 0.0592218873053028