0 0.646473203300045 0.7071702943560074 0.057144114653892686 0.0481478656913195
0 0.671866028944357 0.789692506836945 0.07055151741285463 0.03597517401194459
0 0.7780717633405246 0.8062098192416325 0.05245661465389251 0.048038762917777686
0 0.761593592264197 0.7597887609210077 0.034450243102595125 0.03201371941479181
0 0.8536649055840371 0.729939566391841 0.05245661465389269 0.048038762917777866
0 0.7038862336031982 0.6562266966164589 0.05130355042954129 0.05581489532659738
0 0.8977667876507841 0.8121169399669451 0.06388543758467122 0.05766833605604162
0 0.6971227357509049 0.9291732341355214 0.04472600180902227 0.04941942496187508
0 0.7778847348463938 0.9068637826725006 0.057389776119281775 0.05283536569131968
0 0.555272750450226 0.8876370847248616 0.06215916327441153 0.05450696846486096
0 0.4758209458368131 0.9349465361878823 0.08625176051544958 0.0675524823325695