0 0.1714174995090207 0.31632270512901445 0.04262383723582164 0.07696491439185812
0 0.16074764422102228 0.22851449007520258 0.05495112041330889 0.04785961124870504
0 0.24071694535249044 0.2732404851128038 0.06134656615858276 0.07315070967712849
0 0.21052038524403183 0.1871232026478151 0.05498748184962743 0.05410961124870499
0 0.10724189090137257 0.4341866013239075 0.05973861436318471 0.06526543507002244
0 0.15487086982413373 0.42727947580717884 0.05030907220870704 0.05545378742738745
0 0.1270413064942213 0.4793706687350843 0.06288179508134392 0.06853598428423417
0 0.11172083352338849 0.5324421648061429 0.07383747579950314 0.0721704065339754
0 0.19030892095560187 0.4740795471472971 0.06908634328594587 0.061014582712657625
0 0.22955322813719423 0.5035101819696507 0.05813066256778665 0.05738016046291676
0 0.17913559250037894 0.568375356700591 0.04884656615858276 0.07256851282028158
0 0.2150367310640605 0.5604515407371563 0.04403180113146821 0.05047518899896399
0 0.2435344357863248 0.6232040978092509 0.051935204722264317 0.06646406203449332
0 0.2887878484523073 0.610937384203181 0.05189884328594587 0.06021406203449331
0 0.34742705024770537 0.6160208364367113 0.06280907220870695 0.056035984284234175
0 0.34932589353365123 0.6737605618296054 0.0675420240041051 0.06406680810555195
0 0.29460657727687256 0.6708389230783105 0.045521578258831144 0.03804796360606986
0 0.2642105501495095 0.6847580279168748 0.06592498184962743 0.05461903349844608
0 0.29725030912649997 0.7222922611676518 0.06272725897699036 0.041973484284234176
0 0.27246393256487095 0.7601754048813454 0.05813975292686626 0.05894266046291676
0 0.3297769836963391 0.8059566317219817 0.058076120413308896 0.048005160462916766
0 0.33244344144366555 0.861316219811323 0.039317030054229284 0.045569365177646405
0 0.34904967934341713 0.8949270864367115 0.017332945745273953 0.025800520678164674
0 0.2805718692349585 0.8105927818458163 0.05645907825883123 0.038557385855811074
0 0.24710083908253339 0.833251185898592 0.0440136204133089 0.04735018899896417
0 0.18385595051885187 0.8424485574863795 0.04399543969514967 0.044225188998964174
0 0.12739232708048082 0.8083496933421902 0.06279998184962739 0.054473484284234173
0 0.12077871271729612 0.7461407917706137 0.056513620413308895 0.0479323858558109
0 0.6354764960911752 0.5627501714256807 0.04407725292686635 0.05828768899896399
0 0.6903548936318471 0.5930155601769757 0.06599770472226432 0.06711903349844608