0 0.3821190283057134 0.7771204836731131 0.05805793969514968 0.044206356986241604
0 0.42025431167959243 0.9351313911148418 0.056577252926866176 0.05821429328391083
0 0.4301696671639825 0.9761829770496913 0.04384999394987581 0.018715283665263628
0 0.5848435316253632 0.9731249205189364 0.03598295179539797 0.009067465153609788
0 0.6113792814289714 0.8425371194304774 0.04873748184962743 0.05325397477225664
0 0.679929814410067 0.7401635983790851 0.04405907220870695 0.05465278366526398
0 0.8107985402095702 0.6668575292344586 0.07378293364502539 0.061939494009550344
0 0.8150729497522946 0.6034398699786315 0.03771816861791066 0.03880952885594056
0 0.879058702580965 0.4801362900342319 0.05655907220870695 0.05508929328391084
0 0.5833290878249968 0.29362839347709446 0.056595433645025395 0.061339293283910835
0 0.33784387100248414 0.3318823947430388 0.0675420240041051 0.06328373920022674
0 0.3443160639190876 0.42773060808255003 0.06606133723582168 0.07729167549789598
0 0.4617131630587659 0.2533531122589013 0.03927157825883114 0.037301592558271326
0 0.35418246419023414 0.2086805077197303 0.048719301131468204 0.05012897477225655
0 0.3302091538853838 0.16733874510585856 0.07373748184962743 0.054126994009550254
0 0.4415011778894888 0.10252722224036778 0.06427157825883115 0.03817461179556512
0 0.3806227652235064 0.09449895663127118 0.03614657825883114 0.037192465153609675
0 0.4536557442444634 0.16146571262172096 0.06748748184962743 0.053908739200226784
0 0.2613409792173488 0.1900520480084162 0.05647725897699045 0.04102679328391079