0 0.6901798660391293 0.29947205054108295 0.06632222099021767 0.06890048620519007
0 0.5592329739034023 0.26048039235505405 0.06045165258848364 0.0483423247398008
0 0.612472094992442 0.30166863636216024 0.05520271046687384 0.06520227611928178
0 0.6482962029273021 0.3458623716628392 0.03599768415851479 0.0564071302577247
0 0.5545462029273021 0.340949142355054 0.052168715728545936 0.06660100180902226
0 0.6093632345679203 0.40886366067241975 0.046176320961982854 0.09744156603337366
0 0.6790842003670533 0.4227048326532586 0.05013577886860805 0.08518722749876276
0 0.5553667083301482 0.4883154652858326 0.055657736775233245 0.07301477611928178
0 0.5989802004376404 0.49295205562946565 0.04637374203690499 0.07408595318850324
0 0.6512938583583832 0.5231209124814421 0.05987479991529536 0.09192855042954129
0 0.6121788794756576 0.5892472014910226 0.06216534200867017 0.10451043758467105
0 0.5500814269012915 0.646332683173657 0.044902247298576906 0.07556656603337367
0 0.543331626985996 0.7353132960185272 0.04132222099021767 0.06759029172311415
0 0.6326902585983796 0.7752599445936177 0.053913226251889414 0.0698078889641522
0 0.7310940213996233 0.4042724151949755 0.07833637357870131 0.1147043091359686