0 0.9869339585389726 0.4282975206078934 0.026132082922054777 0.03688799480421991
0 0.9523931774170276 0.42248991702126765 0.05196491439185813 0.04568384059717552
0 0.8881530490048147 0.4904693746987222 0.06261131596343468 0.04019866510280749
0 0.9468067650920841 0.5718015021705616 0.04451628742738763 0.05295003737886681
0 0.8610169683590716 0.6146388482156186 0.05269266046291676 0.06130884059717552
0 0.8214621627347192 0.5899719839853311 0.03953768899896417 0.046372255447881726
0 0.7097754919327202 0.5311593487198218 0.05047518899896399 0.047137079953513704
0 0.6927549658778722 0.5864313567655934 0.059850188998963993 0.047792643815484225
0 0.777442489037236 0.6377264229733524 0.03590326674922295 0.0352162341605581
0 0.8104561962331651 0.6565803297782868 0.06319351282028159 0.05269866510280767
0 0.7670336819651414 0.6666708778008154 0.03917381596343468 0.038559755447881726
0 0.7437610018575176 0.6886769177775723 0.047131865177646406 0.04223105866619026
0 0.7082729580199894 0.6166980109726379 0.056142992142117085 0.03507412252816078
0 0.605058066787495 0.6388075937761433 0.05189213978475245 0.04412134059717552
0 0.6972712996239873 0.750712378052917 0.06548375889134021 0.06843292574646931
0 0.6617275978047417 0.6607100909261516 0.0627568651776464 0.043323665102807676
0 0.8746790922231703 0.3189767869515383 0.049058238213175544 0.05015281930985207
0 0.8294586375084407 0.3409499759395595 0.04727741439185813 0.045356058666190344
0 0.787191900743007 0.24122848138744116 0.05189213978475227 0.04412134059717552
0 0.7600322413135476 0.2807498032951833 0.05069351282028158 0.05182457995351379
0 0.7484805810555187 0.6217243645592636 0.04564213978475227 0.04368429802252862