0 0.2929757262518895 0.052038376300995906 0.05134966837349921 0.05253850180902231
0 0.2743237077654509 0.1219757400503773 0.053928636803468065 0.04332727611928182
0 0.5688010208349259 0.1997953663513732 0.04400760523343692 0.033460953188503284
0 0.6134695077513335 0.11909092096478605 0.056128173635170954 0.05434666327441153
0 0.8878967152344355 0.5388424197215906 0.11614021046687384 0.06839587516934209
0 0.7949650335655825 0.638532560494765 0.06595819994353036 0.06265048620519006
0 0.4103261811041558 0.4792382841483406 0.12267863680346806 0.04693031094499087
0 0.5931078600009986 0.5229462613084191 0.06081567363517095 0.0545923247398008
0 0.398818804682857 0.5911174864323326 0.07653167889684287 0.056973696291098365
0 0.4359856047393268 0.5296134203989592 0.053928636803468065 0.04332727611928178
0 0.3140566678088018 0.6292559735420339 0.0840711631118273 0.05269563206674697
0 0.4146937046405047 0.6349526956137298 0.0472992052052021 0.06323034034363317
0 0.49582187827567575 0.6824208378572422 0.05649219468185844 0.06059666327441153
0 0.5951323625612475 0.5980690920411137 0.06486613680346806 0.04390048620519007
0 0.4758348729434168 0.7563463387617533 0.08407116311182747 0.05269563206674697
0 0.40450590451344787 0.7694881478977219 0.0519867052052021 0.06347600180902227
0 0.4645935360552441 0.8055208231579212 0.06753611049510884 0.036251760515449406
0 0.5203885097468849 0.7947603855732501 0.06568518415851479 0.057962986205189894
0 0.6248415203408157 0.7179754782917322 0.056128173635170954 0.05434666327441153
0 0.6503259097045324 0.8326178324301754 0.08627069994353036 0.0637150192218769
0 0.4566214123353685 0.8435530896662644 0.056310184158514784 0.057471663274411354
0 0.3425357965080006 0.8894974327234311 0.06788472099021767 0.06898237336031983
0 0.49238387806391426 0.9059369029861045 0.0700086631118273 0.05195864767057934
0 0.5015915490682493 0.9563906043655855 0.053928636803468065 0.04332727611928178
0 0.8032655680487981 0.350503616012689 0.1071292315135615 0.07415455223856364
0 0.8021342495058897 0.4790789953659026 0.08158319994353036 0.06346935775648763
0 0.6673713836079347 0.6005522829051451 0.09123121572854594 0.068648180687266
0 0.694570191415738 0.6908121127333287 0.08158319994353018 0.06346935775648746
0 0.610127301981434 0.6537049383776405 0.07019067363517095 0.05508364767057934
0 0.5167119599727638 0.5567281190649067 0.08140118942018652 0.06034435775648763
0 0.49163563623877077 0.6105458378572421 0.08608868942018652 0.0605900192218769
0 0.37366615721487095 0.6974427295349277 0.12551521046687403 0.06888719810012063
0 0.581902862420073 0.7476530122129302 0.07320925782192056 0.0801655348257091
0 0.3829864912604462 0.8709211731124926 0.10879814732681173 0.049318326548823066
0 0.3793980306523979 0.9573090524657063 0.07019067363517095 0.05508364767057934
0 0.7417468412322114 0.8818974581653443 0.07099431043863902 0.09562676051544941
0 0.12348560473932679 0.5459908514249096 0.0869077367752332 0.0746525192218769
0 0.20828626799232844 0.4412413964273839 0.06973564732681173 0.04727114767057934
0 0.7496209834385257 0.7749104737691765 0.060178636803468064 0.0436548247398008
0 0.7856340781486189 0.801233956356322 0.06788472099021767 0.06898237336031983
0 0.7525037887566672 0.7167704251486575 0.06081567363517095 0.0545923247398008
0 0.6628721413592682 0.752029573723748 0.060542657850155376 0.049904824739800804
0 0.5866274307512199 0.8422252057904952 0.044462631541796326 0.041273453188503596
0 0.5744228333397036 0.8883156337642276 0.03775760523343692 0.03313340456798457
0 0.5553389043722735 0.9104739167809145 0.043825594710093264 0.03033595318850324
0 0.8460956230845911 0.5880512036427886 0.10898015785015538 0.05244332654882307
0 0.7640041889260764 0.537499004976841 0.07037268415851479 0.05820864767057934
0 0.5250943363940624 0.4450126910911741 0.06486613680346806 0.04390048620519007
0 0.5336040573842802 0.5103920296257847 0.05429265785015538 0.049577276119281775
0 0.32982661000099867 0.5367442469477822 0.08121917889684287 0.057219357756487454
0 0.29431112813450144 0.8418721602221938 0.06955363680346807 0.04414614767057934
0 0.3649953544569781 0.8311150446637899 0.06550317363517104 0.054837986205190245
0 0.290352399251776 0.7739034102221938 0.07019067363517095 0.05508364767057934