0 0.27890625 0.44302887909571176 0.05 0.05029089149054773
0 0.22109375 0.4809737858097659 0.0609375 0.058167024004105096
0 0.5421875 0.14065435460062736 0.0625 0.03786361436318471
0 0.5703125 0.2431617310640605 0.0765625 0.0848204275949012
0 0.2984375 0.7212675085842071 0.0640625 0.044122704722264317
0 0.3 0.7587765989432865 0.053125 0.03937157220870695
0 0.35546875 0.745818056690613 0.0625 0.050363614363184796
0 0.36796875 0.7826095295632499 0.05625 0.040952252926866176
0 0.39921875 0.8187288367448422 0.0859375 0.06924996974937905
0 0.41484375 0.7336634903356385 0.0359375 0.05177157825883114
0 0.48515625 0.7457913064942213 0.0390625 0.05491475897699054
0 0.51796875 0.7194197040348933 0.0578125 0.05189884328594587
0 0.54140625 0.7703373094210876 0.05 0.06435339149054772