0 0.38436170703381295 0.17606250391715167 0.05765067391627658 0.0366670118629981
0 0.38401419714798124 0.12912383692095725 0.10136618182494192 0.07588602076024667
0 0.592231192736538 0.49547971289094994 0.06916117688202608 0.05117518083635879
0 0.6161753701128557 0.5453696249442285 0.0534725098858317 0.04897601087441501
0 0.45606819965662015 0.5338949085560564 0.059531508897248564 0.044543178859192525
0 0.7809793804557981 0.1919860038799706 0.04585101087441501 0.05334517589344294
0 0.8997704842198502 0.28418147965968277 0.039346342889637495 0.04684050790866543
0 0.7831997495428894 0.3617082548685538 0.08060801285158128 0.06412084980971962
0 0.7494388562726912 0.47420559627531633 0.05522601087441501 0.05372717787060921
0 0.8164910465005903 0.5833776664275406 0.07403967787060921 0.0560536818249421
0 0.6668558024320893 0.6176465315602995 0.05841467787060921 0.05541701186299797
0 0.6875423286295435 0.7412286115983555 0.053536176882026075 0.05053851087441501
0 0.702982939313678 0.8705022761230922 0.07285917984777565 0.06536501482874754
0 0.8947964131162237 0.7382614846025988 0.0582236768820259 0.05072951186299797
0 0.9018900356261753 0.5282498146406548 0.06322951186299833 0.05873301285158128
0 0.3313587238397269 0.25804201578014974 0.05653384288963732 0.047540844866803676
0 0.4377373523183586 0.4681253285180003 0.06354784684397004 0.06654551285158128
0 0.6988247495428894 0.3651462726630509 0.05015650889724856 0.044161176882026074
0 0.7709941571847247 0.7151343438038584 0.08430601581733085 0.07831068380210837
0 0.7871046354358949 0.6111816728533312 0.06772601087441502 0.05423651384016459
0 0.42346796939110265 0.23316007950658343 0.060040844866803764 0.05704317885919252