0 0.2524229853862081 0.5068070514063251 0.04465002678536125 0.05334517589344294
0 0.27135817166921594 0.4287284723568522 0.04306025324641087 0.051719008897248744
0 0.21225986119863466 0.39743470999956243 0.05577844155801363 0.06472834486680368
0 0.3291882625786064 0.38736598471414185 0.05388865909060954 0.04591467787060939
0 0.5526961262161684 0.2215976991623286 0.03511138555165925 0.04358817391627658
0 0.5024097540571898 0.20315410528410807 0.06485343262955982 0.04792284684397004
0 0.4921950028393738 0.24411468631074734 0.025463650162155814 0.02758117193911023
0 0.5238813794625792 0.27038802623463515 0.03648297077900686 0.03271434091247105
0 0.513514849430807 0.16847535775556605 0.03966251785690744 0.03596667490485981
0 0.20797137621287307 0.6884589580223961 0.0492557061685102 0.04884867688202608
0 0.28294410267392267 0.6899524738397269 0.0428420649348082 0.03921900889724857
0 0.3038157102224047 0.722811394790254 0.07899775324641087 0.053183349809719616
0 0.4797232398471397 0.9955684624710205 0.056713650162155814 0.00886307505795898
0 0.5302181176881611 0.9802127179082278 0.05572389448011279 0.039574564183544325
0 0.5928272118439625 0.9893940583264073 0.04602161201270878 0.021211883347185535
0 0.6602095807565302 0.9691995524320894 0.042951159090609536 0.045469008897248385
0 0.6794232309186861 0.9915673592198502 0.04418637662320535 0.01686528156029965
0 0.3341265474783472 0.8044579842198502 0.06068412986961631 0.07741934585538672