0 0.28603415907942253 0.4583478827089901 0.02842652837152997 0.06452615016215582
0 0.31795174881286575 0.4628132402574721 0.04179034639736088 0.0944318384737585
0 0.363520313077773 0.40107689934808166 0.03173338479802066 0.07083069724005639
0 0.3574534841648824 0.17976496103647888 0.02480142319868044 0.047284103084255055
0 0.23050087608903902 0.3252802382288772 0.04625052586424747 0.08670115909060953
0 0.27746680430228443 0.3229734443973874 0.03343227711788863 0.07554547077900678
0 0.32893940993735227 0.6224609756469756 0.03660274122451135 0.07716251785690745
0 0.3756098214575502 0.6303104318154856 0.03825616943775678 0.08031479139585791
0 0.43168632521847394 0.6641184159871731 0.044915346397360875 0.09448638555165907
0 0.5049108765512574 0.6458553855483639 0.0472674565847754 0.06797843262955983
0 0.5675927329777481 0.6406963271063775 0.030443669437756782 0.0801784237011061
0 0.5265070802330388 0.709545738632619 0.03664820533113407 0.07872501785690744
0 0.4823335314075378 0.7502019663114846 0.04377874373179384 0.055423885551659245
0 0.4382676311701109 0.8408854675293007 0.04336956677218975 0.04136138555165943
0 0.40642659778401613 0.8606524967502939 0.039182171945039104 0.05846706493480802
0 0.4016003569552161 0.7847485158250173 0.04386967194503928 0.05854888555165907
0 0.35396449049959555 0.7026257625786064 0.0374378155185485 0.05218979139585791
0 0.34887852223633775 0.8236922390396562 0.031324207838416565 0.0567681972400564
0 0.2481440510035791 0.6054177516215578 0.026954956584775314 0.06762387662320535
0 0.25759795585985945 0.7103234399331605 0.05626202335696497 0.10873980032431163
0 0.29677176761748425 0.6265893680984935 0.025847097651002036 0.08322160308425505
0 0.47092833313603266 0.5780405941525061 0.04083560015828454 0.061619338473758486