0 0.38984375 0.1296875 0.0640625 0.0359375
0 0.43671875 0.11484375 0.05390625 0.03515625
0 0.4046875 0.159375 0.059375 0.03125
0 0.39296875 0.20625 0.05625 0.0421875
0 0.31796875 0.2296875 0.0546875 0.0578125
0 0.44609375 0.1796875 0.04921875 0.0421875
0 0.525 0.17890625 0.0296875 0.04921875
0 0.584375 0.165625 0.059375 0.03984375
0 0.803125 0.33515625 0.04453125 0.05546875
0 0.790625 0.42578125 0.04921875 0.05546875
0 0.81171875 0.584375 0.04140625 0.0359375
0 0.8109375 0.63046875 0.04453125 0.0375
0 0.803125 0.6765625 0.04921875 0.046875
0 0.746875 0.67890625 0.04453125 0.05078125
0 0.68671875 0.61875 0.05625 0.046875
0 0.671875 0.6703125 0.06171875 0.06875
0 0.61640625 0.6421875 0.0546875 0.053125
0 0.5375 0.64921875 0.0640625 0.0578125
0 0.57890625 0.70859375 0.0546875 0.03984375
0 0.59921875 0.76953125 0.06875 0.0515625
0 0.63515625 0.22578125 0.0578125 0.04296875