0 0.4276046426241383 0.3157901891059745 0.04306020401018138 0.07524543969514967
0 0.3767035719287305 0.5272271379745064 0.04907384667409058 0.05496930113146803
0 0.44254674793127596 0.5088589330558503 0.04127952800763594 0.056486349336070066
0 0.6383154232972744 0.2693565924021831 0.050654528007635945 0.05654089149054773
0 0.4825626732575035 0.5614390323919203 0.03337612133990877 0.048628397540672094
0 0.5276109965786404 0.651550947984769 0.03499316534054522 0.05332498789975162
0 0.37660247990932233 0.6702049783335859 0.04302384134309047 0.07212043969514959
0 0.5144008298854598 0.8467998154712116 0.042842028007635945 0.05649543969514994
0 0.4256165233131828 0.15092371320827544 0.030287484006999675 0.05173521682251274
0 0.4016864852800934 0.39455099336070065 0.044259077339272326 0.04400453005422929
0 0.37232570194145725 0.4334453217177277 0.04135225334181776 0.06273634933607006
0 0.5929307453055468 0.20815092680933436 0.031849984006999676 0.05174430718159231
0 0.4147484645926397 0.547762351771957 0.03655566534054522 0.053334078258831144
0 0.41453883191441304 0.6329231469514968 0.03168635200509069 0.03768180718159222
0 0.5186001705920035 0.5530543606507516 0.04783861067790855 0.08308521077238851
0 0.5383581399188674 0.6008287853187866 0.028652258672817864 0.04547612646343317
0 0.4413922332511401 0.6080776830558503 0.03012385200509051 0.0376727168225127
0 0.48834850190964046 0.6685111890077786 0.03797271467218159 0.04084316861791084
0 0.5011752185710044 0.7076509570599553 0.02543635200509069 0.03764544574527377
0 0.505480363224096 0.807682773316734 0.02845226400381797 0.028288626463433175
0 0.5404917098981865 0.7531952612164856 0.0444954346753633 0.06431703005422928
0 0.5332973752387316 0.7000248094210876 0.02856135200509069 0.03766362646343317
0 0.5527484512651395 0.5055935533709632 0.03975339067472703 0.05960225897699054
0 0.5308156232097784 0.9133060594210874 0.033521572008272396 0.0611283975406721
0 0.572784947207233 0.9323014991162373 0.03957157733927232 0.04397725897699054
0 0.4228405858927776 0.7923572342855143 0.04275112133990877 0.048682939695149585
0 0.44640535522759583 0.7815560896717086 0.045912484006999675 0.05182612041330899
0 0.3945888639004137 0.7359390626425414 0.036355670671545146 0.03614657825883114
0 0.3081979252466858 0.6401175025340828 0.02892497867599957 0.06891362646343317
0 0.3602449672979107 0.2630510084860111 0.039735209341181486 0.05803975897699045
0 0.45151595198122807 0.14091745413308915 0.020785214672181595 0.04074317466803503
0 0.4791506033179552 0.11607653541698244 0.030160214672181596 0.04079771682251274
0 0.3856673025541416 0.8312061108471432 0.03493862133990877 0.04863748789975162
0 0.3968866132240959 0.8070509933607006 0.03186816534054513 0.05330680718159222
0 0.41216562054427835 0.9040214421310366 0.02705339600572696 0.042342036104353296
0 0.3929525438813236 0.8765640626425413 0.03330339600572696 0.042378397540672096
0 0.4402366238860962 0.8416805234149299 0.03166817067154533 0.03611930718159222
0 0.4337700899109132 0.658818026439992 0.02538180800445442 0.032957945745273956
0 0.43715926658977633 0.5689879119786114 0.03175907733927232 0.04393180718159222
0 0.36757347258913997 0.5732708909995685 0.03017839600572696 0.042360216822512696
0 0.39390980060473013 0.45857258674484236 0.030178396005727047 0.042360216822512696
0 0.3787580626193658 0.35066463797450637 0.03166817067154524 0.0361193071815924
0 0.3720171666136388 0.39281577653818783 0.03170453333863614 0.0392443071815924
0 0.5913506113144554 0.14251229127071494 0.03958975867281787 0.04553975897699045
0 0.6557761906429102 0.17882704117251907 0.030214758672817865 0.0454852168225127
0 0.45156994863941036 0.203421999312629 0.02861589600572696 0.04235112646343318
0 0.35291208326704854 0.4903674874087723 0.036355670671545146 0.03614657825883114
0 0.4841417125636866 0.7614617582896195 0.036428396005727136 0.04239657825883114
0 0.5549547465786404 0.6517100292686624 0.03174089600572714 0.04236930718159222
0 0.5863849178867324 0.8378429719888743 0.026980670671545325 0.0360920361043533
0 0.5821150412158236 0.8690702460911751 0.02848862667090888 0.031413626463433174
0 0.5857122085455511 0.8956554719888743 0.05512385200509069 0.03781816256778683
0 0.6186610685471419 0.884127619529546 0.027107940006363407 0.0470295361043533
0 0.6221855105426876 0.9169628454272452 0.036282945337363516 0.02989657825883114
0 0.5720689739020045 0.725252068398078 0.03808180267345414 0.05021816861791084
0 0.4469893472708665 0.4627879089535494 0.047474984006999676 0.05183521077238851
0 0.39709153397518293 0.18513508674484233 0.02545453333863614 0.039207945745273864
0 0.4231358659691377 0.2298208728491958 0.03166817067154533 0.0361193071815924
0 0.4577417498806874 0.8816288125443454 0.04585794000636341 0.04713862041330898
0 0.4310519805458692 0.892411776439992 0.025545440006363405 0.047020445745273774
0 0.4837599045592322 0.7942742582896194 0.028579533338636054 0.039226126463433174
0 0.4599235099061406 0.6941288125443454 0.03648294000636341 0.04708407825883114
0 0.4793916725811858 0.6325191468533009 0.033321577339272324 0.04394089754067192
0 0.5108780299172765 0.6123884540348932 0.030051126670908878 0.0314227168225127