0 0.7012813157036 0.11641509780474169 0.0763661818249421 0.0752954065339753
0 0.7006884080989458 0.0733371858940829 0.0758568458553869 0.06279540653397528
0 0.7596668186693496 0.10504525826765843 0.04183467292769336 0.03157963978475227
0 0.7835645750951402 0.07563174007069334 0.0659088428896375 0.04829625889134015
0 0.5967184911027514 0.07006017452154338 0.07209517589344294 0.04702485731976358
0 0.6284194772625871 0.13728621587787226 0.06753500988583169 0.04993153349844599
0 0.5601549555137572 0.2374274569865321 0.06967051285158128 0.06406680810555185
0 0.6503104288220115 0.3684292080199894 0.04741351087441501 0.05367296360606986
0 0.6039938443353311 0.37175110711036663 0.0597225098858317 0.04956766046291676
0 0.6527085755522508 0.46325155644841287 0.0534725098858317 0.04927656203449331
0 0.6011606630046806 0.4412823571103665 0.07384867688202626 0.05178513192686936
0 0.8480648379095405 0.41364547042598615 0.10672484387822045 0.054875898676092306
0 0.9206136585560565 0.47729490156706744 0.0659725098858317 0.04985875889134021
0 0.8115278186321685 0.5035234536767632 0.09371550790866542 0.04179370181924558
0 0.8224998107235031 0.5416056505336101 0.06609984387822046 0.052983758891340216
0 0.8609083947158919 0.5402636284077036 0.055035009885831696 0.04934933664159917
0 0.7442938976816414 0.5207430328747643 0.07560217787060922 0.0565454065339754
0 0.6381393981759331 0.513450609591566 0.08316000988583169 0.050659279569504535
0 0.6399446373015181 0.5651950461093306 0.03446784190105419 0.04215326674922295
0 0.5987638803814359 0.5961517936281313 0.06696200692008211 0.035869033498445904
0 0.5595912924347144 0.6162438157540377 0.053217841901054184 0.04302656203449331
0 0.6695392954004639 0.6072755382514478 0.07493101581733086 0.07834763192686936
0 0.6273106916364117 0.7023675603773543 0.07397601087441501 0.05491013192686935
0 0.5313270295831332 0.6759805347367911 0.09597834486680376 0.05905397642635144
0 0.7005306047154545 0.326935220840271 0.05372717787060921 0.05552656203449331
0 0.7592079263505536 0.3852421805173994 0.10586268083635879 0.07199062406898663
0 0.7163055019399852 0.4200324034290942 0.09686968281352507 0.08092897642635144
0 0.7873515365032153 0.6550302956950459 0.04709517589344294 0.04586046360606986
0 0.7819756284042695 0.6140778099630695 0.05015650889724874 0.04444351282028158
0 0.7306677963890471 0.6054262479285761 0.04703150889724857 0.04429796360606986
0 0.8390280775294171 0.46253673469400985 0.04964717292769336 0.031943512820281586
0 0.9580698961987666 0.5377444040482667 0.045150673916276675 0.036412688998963993
0 0.559121696122217 0.281995094290085 0.059531508897248564 0.04488016046291676
0 0.7954876886706621 0.7242897179447869 0.059022172927693364 0.032380160462916766
0 0.7133410335374658 0.6656723891610705 0.04052684091247105 0.037756865177646405
0 0.8857187578343033 0.7958073070675853 0.04658583992388756 0.033360463606069854
0 0.9161755789751108 0.8551480738168085 0.05627917490485999 0.04160961124870468
0 0.6947807400398062 0.8714493542148827 0.04208934091247105 0.03782963978475209
0 0.6524260967696079 0.7583286160017068 0.07247717787060921 0.05639985731976367
0 0.7572873517125238 0.7397306273742463 0.04996550790866543 0.039756012820281586
0 0.8304436674161237 0.8268903331224333 0.046904174904859985 0.041172963606069854
0 0.7934384159332492 0.8322113798554456 0.05009284190105419 0.04288101282028158
0 0.6372520829294436 0.8233714191448598 0.05433467292769336 0.032161836641598995
0 0.6285920073400117 0.7861796341986718 0.0565975098858317 0.049422111248705033
0 0.5709850957810249 0.7592318364322022 0.04027217292769336 0.031506865177646406
0 0.46012319163641163 0.6945806774170276 0.05340884288963732 0.04771406203449331
0 0.8535933018262545 0.585321417282833 0.05127333992388792 0.033578787427387444
0 0.7322223206093349 0.49043694871436444 0.05809634288963732 0.0479323858558109
0 0.5277576550960152 0.47543472518349716 0.043588173916276673 0.03633991439185813
0 0.5011049717881985 0.5532493560769093 0.05165534190105418 0.042953787427387445
0 0.9397523418266921 0.7951930310127374 0.029334672927693362 0.03099744292790536
0 0.6395029910283894 0.8641783556626244 0.054398339923887915 0.033724336641599
0 0.7134471684047071 0.816744737589494 0.059595175893442945 0.046442660462916764
0 0.5399406842220379 0.7335212069865321 0.048466674904859806 0.04124573821317572
0 0.5137111066554396 0.7049039013621796 0.046394838935304605 0.028672963606069857
0 0.46281445152224343 0.6477420647205804 0.04208934091247087 0.03782963978475244
0 0.5264843151721275 0.5066847251834972 0.04189833992388792 0.033142139784752264
0 0.6055643201150434 0.48688595553879005 0.054716674904859805 0.04153683664159917
0 0.4975700893924152 0.3902763211307212 0.048466674904859806 0.04124573821317572
0 0.7791438111806137 0.9333008449092576 0.07678267589344294 0.04724318114108108
0 0.7663864846025987 0.9006146234453049 0.045150673916276675 0.036412688998964174
0 0.7998820755150697 0.866169002890975 0.05133700692008212 0.035141287427387626
0 0.700315815629238 0.908495589946859 0.04833934091247087 0.03812073821317554
0 0.8535004599252005 0.6260191918899389 0.0596588428896375 0.048005160462916766
0 0.7564861970736192 0.6825538281600345 0.05634284190105419 0.043172111248705035