0 0.5262330466263655 0.3184581117098987 0.035102253341817755 0.06390067391627667
0 0.5756865119350939 0.5018091225843136 0.03346702800763594 0.05758700692008212
0 0.5299820185789585 0.6679951966908707 0.03017839600572696 0.043397172927693364
0 0.3366678232415951 0.6898198226608633 0.03181362133990877 0.04971083992388792
0 0.3675081958943685 0.7934687460828483 0.027144302673454225 0.0510823389353046
0 0.3894286492282321 0.7904538340295698 0.022329533338636142 0.03995383794672165
0 0.4266564765675046 0.748200008440138 0.038099984006999675 0.05309050790866543
0 0.4330059265595504 0.8070802599230127 0.03337612133990877 0.04977450692008247
0 0.36958524665818226 0.07758907809807078 0.03353975334181776 0.0638370069200822
0 0.4086102893061831 0.216744419999125 0.03499316534054522 0.054525673916276676
0 0.3443354199156857 0.6354188241437381 0.026980670671545238 0.037019838935304604
0 0.3117490919000955 0.7489892342198503 0.020767033338636144 0.03989017095052709
0 0.41195708255095986 0.8695338389724856 0.04287839067472685 0.061094008897248385