0 0.8474356197259378 0.5041320890825334 0.028388620413308984 0.04547612646343317
0 0.7192702339909267 0.6307258844584649 0.07201135538619426 0.02385565651766246
0 0.7389787459929792 0.6613082639469601 0.05024543969514959 0.04247839149054773
0 0.7719957790722707 0.6966554114876321 0.04400453005422929 0.04400453005422929
0 0.7698424057320955 0.5950838211285525 0.039298849336070064 0.04085225897699054
0 0.6709372731203423 0.6484128333269968 0.02832498789975162 0.03453862646343318
0 0.6828014688656162 0.673481011020094 0.03144089754067192 0.03299430718159222
0 0.6876935019449075 0.7086645320973327 0.048710210772388504 0.04715680113146803
0 0.6470912278426066 0.7123344327612627 0.03144089754067192 0.032994307181592394
0 0.5957650771786767 0.7526594509116353 0.06439884328594588 0.058185204722264315
0 0.5116259056338996 0.6584231167008758 0.040815897540672094 0.033048849336070066
0 0.4723543273750684 0.6222583577238853 0.056613614363184794 0.06282725292686635
0 0.61396056527482 0.6574560352205907 0.048710210772388504 0.04715680113146821