0 0.186853546846944 0.7227306173615442 0.051182066772189706 0.041206802673454314
0 0.21121704935422647 0.7448965186982713 0.053199207838416473 0.05684998400699968
0 0.19851011236549249 0.6712862960295896 0.054670779625171126 0.05374316534054522
0 0.2521950535108616 0.6258016207033619 0.05686977711788863 0.07563634667409058
0 0.3174359571135007 0.7203425087125888 0.054670779625171126 0.05374316534054522
0 0.39513740828799965 0.7626669160566337 0.06155727711788863 0.07569089067472685
0 0.392677649512511 0.6860498720559974 0.06307431301126609 0.07414657200827239
0 0.6182088469260864 0.6972708247533141 0.06767088479802048 0.07107611600890884
0 0.5449842955933027 0.7159566427434509 0.05981292069139812 0.06942270934118148
0 0.5062734850893192 0.8108509720719057 0.056005959092057724 0.04594884667409076
0 0.5619792304704656 0.6153390247453601 0.056005959092057724 0.0459488466740904
0 0.5706842922280905 0.5310367500795419 0.06996081050398359 0.09609429734245403
0 0.5214177296125359 0.45153051607254213 0.09239810015828454 0.06199201734563573
0 0.4222838961472988 0.5011754327259518 0.059676528371529966 0.06473520934118149
0 0.3564315756141853 0.5082243167170432 0.05770485141192579 0.050654528007635945
0 0.30779784732179766 0.5412635360439071 0.04368781551854841 0.052053396005727136
0 0.1261159383088822 0.5539982513526354 0.04373327962517113 0.05361589600572714
0 0.13939483979995032 0.4736567706874536 0.06092077962517113 0.05381589067472685
0 0.07162466660126987 0.5197590640117722 0.059767456584775266 0.06786020934118149
0 0.0282104334589195 0.43244033000477256 0.056420866917839 0.07107611600890866
0 0.26590717867546376 0.3156999147039983 0.08936402837152997 0.06508065467854492
0 0.12648932600989676 0.35315336668522646 0.05954013605166186 0.06004770934118149
0 0.37998639905029263 0.3701703333863612 0.09174488229073816 0.09322383601209036
0 0.36337086355262677 0.2160186353834977 0.07856292069139795 0.06964088534372684
0 0.5583256623781278 0.17686687074313284 0.0718128155185486 0.05238066000954502
0 0.6339537996834309 0.12929298408654147 0.06574467194503911 0.05855793467536321
0 0.6622773764847505 0.17651342942390494 0.08632995658477541 0.06816929201145401
0 0.5845221010162144 0.10917993141308724 0.07163095909205772 0.04613066000954502
0 0.515381992940371 0.25608165607095124 0.06712531551854858 0.052326116008908664
0 0.7178765071261359 0.22639579809831364 0.08963681301126591 0.07445565467854491
0 0.6996313093168494 0.36998216609640466 0.06542642319868044 0.04762043467536321
0 0.7140060463847255 0.41313272943185914 0.020948997492717503 0.02211135733609062
0 0.7360090785171792 0.3821281774347226 0.04878449247815268 0.06617044000636332
0 0.7392751678549111 0.5384690841024499 0.04459709765100221 0.08330339600572714
0 0.6295137229486183 0.5504776407542687 0.06490959765100221 0.08353975334181776
0 0.6363644311827462 0.3418929814210414 0.07874477711788863 0.07589088534372675
0 0.04472015195328649 0.2357562340069997 0.05636967194503919 0.05844884667409058
0 0.10697845955427616 0.2716488280155902 0.10419941818411553 0.0918067866804539
0 0.2816515698081976 0.768380019374589 0.06082985141192587 0.05069089067472685
0 0.5575430977175091 0.3917742554105419 0.09022784639736088 0.094768154678545
0 0.8832705234234719 0.3705559727879944 0.10254598997087001 0.08866360534690845