0 0.715800959062465 0.28191723823546777 0.03997168977951393 0.03974433847375849
0 0.5293926400082637 0.20473494967898373 0.03713763050895835 0.05218979139585782
0 0.45210278818465255 0.23732135308755042 0.08314111474138901 0.08266822402541774
0 0.4998408122172563 0.7027048453769126 0.06075696846486132 0.06041139448011279
0 0.6067259386421522 0.7406667211893392 0.06664329255305557 0.044895488635914305
0 0.5481315354317702 0.7752695921305017 0.03535692496187508 0.042787517856907445
0 0.5042906164538188 0.7799395012211112 0.0476750870059723 0.03519320616851011
0 0.5409905294478465 0.8136599362863031 0.06370013050895836 0.05265344155801373
0 0.4971859780610757 0.8167673453769126 0.03393989532659738 0.04901024431795733
0 0.610738678574166 0.8702314902640627 0.059048998100139014 0.054134120941162676
0 0.5594664660932285 0.8922116302799488 0.04625805737069442 0.04141593262955965
0 0.534174872153402 0.938728120133679 0.046476262917777865 0.05079093262955965