0 0.4808679284020819 0.4588542175293007 0.060104511862997964 0.05725912094116268
0 0.5332634165390838 0.40355879139256257 0.061667011862998146 0.05728639448011297
0 0.4762958335352783 0.4041258072208751 0.06297484387822046 0.05106366801906326
0 0.4205379234591661 0.4343803230491877 0.06153967787060939 0.05416139448011279
0 0.3839292614058875 0.45560075811437956 0.06173067885919252 0.05884889448011297
0 0.3102397520143474 0.4098149253226639 0.05028384288963732 0.046157979707460585
0 0.28475693235641464 0.4741677516215578 0.0581600098858317 0.04785684740221221
0 0.3430880385919249 0.5837024387153444 0.04059050790866543 0.038181838473758486
0 0.3585883631927735 0.5425961976437982 0.03902800790866543 0.038154564934808025
0 0.2771473622041903 0.5364904736183805 0.06766234387822045 0.0511454886359143
0 0.11839573919994717 0.7406034549506942 0.03953734387822054 0.0506545649348082