0 0.5049181345762379 0.16187401852045183 0.04160714664195542 0.029070557370694507
0 0.5679687168828902 0.2595133911456255 0.045059528855940556 0.03851829255305557
0 0.5286507565386038 0.2883098851617018 0.05783234736759475 0.04662173328249999
0 0.3514607739617991 0.3021690973582989 0.0908085384745874 0.0520729526972918
0 0.2290649295894292 0.3814182266329863 0.032232146641955416 0.028852351823611143
0 0.5395658868536726 0.6474491490294103 0.05777778366526398 0.045059233282499986
0 0.15641611407299977 0.42429475123427096 0.06391865626060227 0.042079703647222286
0 0.18118793557987894 0.4538010664887501 0.060684528855940556 0.03888196846486114
0 0.2959845232440089 0.7488979737831947 0.050873019237293704 0.026163762917777868
0 0.3647618050951743 0.7497168977951392 0.05098214664195542 0.029288762917777867
0 0.2423387451058586 0.3371597335668405 0.07400298439090332 0.06261040919430556
0 0.2555455840359329 0.3843802256830558 0.06161211179556503 0.06544446846486114
0 0.18373507142206114 0.3584703826931599 0.07055060217691826 0.0531626740119445
0 0.22131193857510384 0.4914835576550349 0.0637549651536097 0.03739220364722229
0 0.16096471561694586 0.4955521553945835 0.06430060217691827 0.05301720364722229
0 0.26968495118897556 0.5168478867772224 0.07296627404661712 0.03292290919430556
0 0.25455845899352386 0.5469893284565974 0.048511911069925695 0.047966027735416715
0 0.2688466482864179 0.5856342543684031 0.05120040145127884 0.03553876291777769
0 0.3049676867610053 0.5364343413743752 0.05432540145127884 0.035611498100139014
0 0.31721222641671903 0.56643096589941 0.057886911069925696 0.04818423328249999
0 0.3973808760538994 0.5768976468452086 0.05109127404661713 0.032413762917777686
0 0.41177819275145505 0.6124175727570143 0.05421627404661713 0.03248649810013902
0 0.44503712605389933 0.5780068583762157 0.04484127404661713 0.032268292553055564
0 0.574419547290626 0.7241032212177435 0.04495040145127884 0.035393292553055566
0 0.5159894883976186 0.7180519365484728 0.05443452885594056 0.038736498100139016
0 0.5968203369463397 0.7543362350854519 0.03859127404661713 0.03212282218833344
0 0.5820385851322412 0.7969958605604172 0.06408234736759474 0.04676720364722229
0 0.5171948351322412 0.795486605526424 0.04812996515360979 0.03702852773541672
0 0.4813118988345721 0.7930876509292712 0.032232146641955416 0.028852351823611143
0 0.44480147996009806 0.8086574463321184 0.0360119110699257 0.04767508700597212
0 0.4175222173462264 0.7837840796908685 0.05777778366526398 0.045059233282499986