0 0.2287723739261467 0.14770771567298446 0.03189845318850324 0.043570217535011314
0 0.18966893034858184 0.146669600495338 0.042426517412854546 0.03626713978475227
0 0.2082042463819554 0.10680873386994953 0.051221663274411536 0.055381012820281586
0 0.2825657592722542 0.19720260152879535 0.0452173247398008 0.05977741439185817
0 0.20400366802410996 0.2616781703877142 0.03173467887824373 0.04044521753501122
0 0.2784404240170038 0.3207492634394541 0.04456222749876275 0.04727741439185813
0 0.22190049694778224 0.30871799028009034 0.05418288896415202 0.05240156203449331
0 0.29507240332478885 0.22754507299274804 0.03913774310259503 0.03299659057054054
0 0.1150385860482199 0.5097111019430801 0.0436548247398008 0.05970463978475227
0 0.2945578262101389 0.13275911186787756 0.04587906603337348 0.04266268899896399
0 0.3322348886254678 0.19090125165262983 0.03148901741285455 0.035757717535011314
0 0.36906542401700376 0.3249701906515939 0.0612584045679843 0.03870293507002263
0 0.3761885272509356 0.36837558829422895 0.033460953188503326 0.04364299214211709
0 0.21534288048486738 0.40395771567298444 0.04423467887824382 0.04102741439185813
0 0.26416216078802074 0.4587030277074778 0.03773901741285455 0.03604881596343468
0 0.27237413048486736 0.4066139888323483 0.042419873360319826 0.06588186517764641
0 0.3137837025111348 0.4234226532242064 0.04119156603337348 0.0424443651776464
0 0.3048314263918529 0.4746940547957831 0.07721095318850324 0.04568068114108108
0 0.30480044889309016 0.5201157167064417 0.03798467887824373 0.040736315963434674
0 0.324624947988579 0.5453169239023709 0.03823034034363308 0.04542381596343468
0 0.2772553030315331 0.5376285483856422 0.04143722749876275 0.047131865177646406
0 0.22125428652318976 0.5452012998333842 0.04628850180902226 0.05047518899896417
0 0.1647729924252265 0.42744656554914995 0.03995661465389255 0.04862159057054054
0 0.13422899932263146 0.4573502353176916 0.05073034034363304 0.046006012820281585
0 0.17706055122251083 0.5815176354415261 0.03477779172311406 0.03902826674922295
0 0.2171156631628699 0.6092274125298314 0.03600609905006032 0.06246576674922295
0 0.15330214665452652 0.6164362909420442 0.03551477611928182 0.05309076674922295
0 0.18793277419871784 0.6579902442090317 0.040945904567984304 0.037756865177646405
0 0.10277652419871783 0.6540240281217626 0.07161605042954129 0.05788958271265763
0 0.14529821687177158 0.6794992171207266 0.06733798620519008 0.06548375889134021
0 0.03724005540638232 0.6791652692304224 0.06922803482570908 0.07180653349844608