0 0.6009455289959389 0.24762693295906185 0.04705427513842757 0.054621798022528534
0 0.6557121745847173 0.20123253419989914 0.05682979333702498 0.06152736188449896
0 0.6958155428755995 0.16322978964778076 0.04825582973421945 0.07337179802252858
0 0.6752946869232183 0.26302769385482516 0.06670544108527139 0.0699954257464694
0 0.44944837600590504 0.5054180176041527 0.05374436613141409 0.08619957995351371
0 0.47451942474160075 0.5550409591900639 0.031329145588778216 0.051966691585911204
0 0.4411073450073813 0.6233321372823217 0.03525518198597286 0.06468521287323466
0 0.4734191972591347 0.6334391107992182 0.04080427513842757 0.054184755447881726
0 0.5140022293373926 0.5389678449597763 0.02976664558877822 0.05185743094224939
0 0.386211489055 0.7207263073288079 0.03535531153562212 0.06624771287323465
0 0.4391269355389424 0.7644488101787996 0.03505492288667433 0.061560212873234654
0 0.4326673820228847 0.8040194085696453 0.05713018198597286 0.06621486188449914
0 0.3647394023809503 0.8353679615358522 0.044129534237726274 0.057528276735205
0 0.43795685688445707 0.8561828421097848 0.06520349784053181 0.04655792574646931
0 0.48244733652639143 0.8231953794886516 0.05164164558877822 0.0533870799535137
0 0.5170133012089311 0.8593567546147025 0.04941781153562221 0.06723105866619009
0 0.4906417658914707 0.8912569646379456 0.05789164558877822 0.053824122528160954
0 0.4446283590439254 0.8990259059717551 0.06500323874123311 0.04343292574646931
0 0.3899117782299718 0.9446390547309178 0.03192992288667416 0.061341691585911205
0 0.44912609192506225 0.9268066985464021 0.03950259099298634 0.033872255447881375
0 0.4654229179586539 0.9663990762703432 0.04987888648947969 0.05015281930985225
0 0.5107294301402716 0.6635143768907616 0.03924177513842757 0.054075494804219915
0 0.5345464643779978 0.6102472652583641 0.05114099784053181 0.0455745799535137
0 0.5195956855389424 0.7700757333273789 0.04961807063492074 0.07035605866619025
0 0.5436978261904752 0.4429505046147025 0.05426599784053181 0.04579310124083733
0 0.5751492828534502 0.5032213690970915 0.05334384793281686 0.0799495799535137
0 0.6030926125876698 0.4345477787520175 0.04186612739018099 0.046481516091543364
0 0.607411070330379 0.5141095926139879 0.029566386489479513 0.0487324309422494
0 0.6317125586101866 0.6492165661308843 0.05318316162790708 0.10171531930985207
0 0.6504181955610917 0.4307943480618695 0.03455427513842757 0.053747712873234835
0 0.6978136297065328 0.41370503704989064 0.052342552436323686 0.0643245799535137
0 0.5861191702657805 0.11161302330413583 0.030928627390180985 0.045716691585911205
0 0.612211300895164 0.13305633456821622 0.037879534237726276 0.05709123416055819
0 0.6480987361203393 0.1363505793724361 0.044930570634920744 0.07002827673520513
0 0.6446220851328903 0.0803901564759583 0.060755829734219446 0.07424588317182246