0 0.4327061436627435 0.9012014164682558 0.038045470779006864 0.03234113855894449
0 0.3511697715037649 0.8824310329238763 0.04125229139585782 0.03711956677218993
0 0.39760444074064416 0.9033034740692454 0.02560001785690753 0.03510242570596276
0 0.12657573132901834 0.3175859682632578 0.03535684740221225 0.05725021034569897
0 0.20878425933219552 0.3301290838609486 0.0570682061685102 0.04851170783841656
0 0.27939103977100477 0.25956418276559184 0.06057503571381497 0.07047763605166182
0 0.4370614435866084 0.16654527164110536 0.0888091298696164 0.07754598997087014
0 0.33466710064862315 0.11593385471063108 0.036755706168510205 0.04792067445232169
0 0.1450292711000231 0.569557645222862 0.02055796185055305 0.014653533386094963
0 0.13583154910320028 0.5794411105831259 0.027053423701106104 0.028897889812585474
0 0.10791110064532783 0.5903415066639176 0.04911933847375849 0.040471887305303156