0 0.6266929698083883 0.744370892982305 0.04119156603337348 0.04335651609154336
0 0.7388454890302653 0.8347223773949647 0.04514208163720568 0.029621798022528623
0 0.8178059707128995 0.7818648111872057 0.040208920171816584 0.02460651609154336
0 0.8223606739014027 0.8242162021526983 0.041273453188503596 0.04491901609154354
0 0.8363844730877487 0.6313784921294553 0.0325601944820761 0.027185212873234655
0 0.8806634175698246 0.6593831598301529 0.048840291723114146 0.04077781930985207
0 0.8174131450685875 0.7001067127963602 0.044070904567984216 0.03888753737886681
0 0.6281160289443569 0.8160820020168125 0.017098968792335613 0.029217606436617416
0 0.7081952753263123 0.725161707096377 0.05393722749876275 0.04891810124083733
0 0.4651181462002413 0.2753809563400723 0.0526203889641522 0.05349634059717552
0 0.4434788415868285 0.3229061663633154 0.043907130257724705 0.03576253737886681