0 0.5753746743931941 0.33954170469406203 0.04197060087368065 0.058758057370694415
0 0.5307713424212149 0.3101276148382982 0.04960126291777769 0.0511273953265972
0 0.5749174666619093 0.4933752195117009 0.04825696846486114 0.06046602773541672
0 0.46002243132704834 0.33051415644142323 0.055197952697291795 0.09029899810013893
0 0.3837508720564928 0.3197961684092705 0.022602351823611144 0.03175914627652778
0 0.3354562295796871 0.4489758285535067 0.040189895326597204 0.04934668977951393
0 0.37655139542350646 0.562020036000451 0.046912674011944586 0.06980466014423606
0 0.4514254152751384 0.4985920092149649 0.05752286569131933 0.05599673328249999
0 0.5487686214878119 0.7110536819926384 0.05316267401194459 0.06995013050895835
0 0.6037496750587843 0.56297855148368 0.035720600873680654 0.05861258700597212
0 0.3492414001731591 0.6953962336637497 0.03884560087368065 0.058685322188333444
0 0.5229250876715623 0.17756968797656209 0.06122974715020853 0.08106946846486114
0 0.7142761330744095 0.20903397426135356 0.040626306420763925 0.06809668977951393
0 0.7270280933711455 0.332107798349548 0.05497974715020835 0.08092399810013892
0 0.6910366951947566 0.3017124367422911 0.058104747150208344 0.08099673328249998
0 0.6800790517680205 0.4034749584937842 0.08652068787965277 0.09415134992375015
0 0.6551894609623261 0.3322182075438536 0.03884560087368065 0.058685322188333354
0 0.6167445568020137 0.34014046352777727 0.048366071238402954 0.06515352773541672
0 0.5532444480445482 0.38456391717499955 0.047021776785486226 0.07449216014423614
0 0.4819506762930552 0.39481239257371487 0.0512728656913195 0.055851262917777776
0 0.549268075703715 0.253477571335312 0.040626306420763925 0.06809668977951393
0 0.45237685153927065 0.1557869133752774 0.038736498100139016 0.05399782218833336
0 0.44103865482590265 0.20680455271795103 0.05149107123840295 0.06522626291777786
0 0.4812454275273262 0.22382774534725652 0.05497974715020835 0.08092399810013892
0 0.40579148584795116 0.21152907351951353 0.05821384992375016 0.08568423328250008
0 0.3401671390583332 0.1794809461446872 0.0562876740119445 0.0700228656913195
0 0.4170900489182289 0.3299517651988885 0.058213849923749984 0.08568423328250008
0 0.32722811512263855 0.33282415169177054 0.06090243882958344 0.06700696846486114
0 0.34663077213274274 0.40498943921083297 0.04811149810013893 0.054216027735416714
0 0.46047441337527745 0.4452851712590621 0.07354790919430557 0.07354790919430557
0 0.3621628935236454 0.5092587119122566 0.05944904160312507 0.07165810087368066
0 0.29239590739135374 0.4874577535153817 0.05261716014423614 0.046512630508958354
0 0.3115615218484023 0.6033548572388538 0.06762521751493064 0.08746493882958344
0 0.4196805335319091 0.7218665082650343 0.06628092306201391 0.09680357123840296
0 0.4710086038203814 0.6300959291428467 0.07209451196784719 0.0781990416031249
0 0.5444110426499649 0.5627980199485412 0.07532861474138883 0.08295927678548623
0 0.6686823844055898 0.658289745062916 0.05316267401194459 0.06995013050895835
0 0.6972243052834022 0.7068175108304855 0.03557513050895835 0.052362587005972294
0 0.641282123387673 0.761996626521805 0.05944904160312507 0.07165810087368066
0 0.648512088718402 0.8203903547703119 0.05385365824437507 0.09963763050895835
0 0.7590210161488191 0.43365146134357574 0.07387521751493065 0.08761040919430556
0 0.18164089855763849 0.4486517862847915 0.04186149810013893 0.05407055737069442
0 0.23049401301468703 0.5638579057758332 0.03997168977951393 0.03997168977951393
0 0.23696613782406217 0.3528840381846526 0.036810322188333446 0.03833645459715278
0 0.2784457762168053 0.31521973081395804 0.03557513050895835 0.052362587005972294
0 0.29443249249746495 0.39995775351538165 0.0370648953265972 0.04927395459715278
0 0.7237848456522563 0.8069259603936452 0.038736498100139016 0.05399782218833345
0 0.7055063179168395 0.8542010038966315 0.04389677678548622 0.07441942496187508
0 0.7328338437523951 0.7536191224377424 0.04197060087368065 0.058758057370694415
0 0.6151080151988886 0.41045296352777727 0.03695579255305574 0.04458645459715278
0 0.5893111942448261 0.2775320139646175 0.051381968464861316 0.060538762917777864
0 0.6671283761405553 0.22184375199677026 0.04825696846486114 0.06046602773541672
0 0.6985076223408332 0.11492095155992996 0.051491071238402776 0.06522626291777782