0 0.3229144059118677 0.64921875 0.05668635200509069 0.0375
0 0.23622347525464 0.5796875 0.05981135200509069 0.0375
0 0.21651950258595826 0.59453125 0.07096702800763603 0.05625
0 0.1801820132479585 0.62890625 0.09289657200827231 0.0609375
0 0.153738239258458 0.5515625 0.08637385200509069 0.0375
0 0.13205359591823104 0.60234375 0.061464758672817865 0.0453125
0 0.09977744525782166 0.55625 0.072365896005727 0.0421875
0 0.05488256858691276 0.5875 0.0616647533418178 0.0625
0 0.11466555390677702 0.68671875 0.07883407200827235 0.0609375
0 0.10434512456241389 0.76796875 0.09113407733927245 0.04375
0 0.16957977323364096 0.734375 0.06602498933799979 0.034375
0 0.18399626189532298 0.77109375 0.039698846674090585 0.0546875
0 0.14415196455286888 0.83828125 0.05352498933799978 0.034375
0 0.2275099045592322 0.79140625 0.07122156667727228 0.078125
0 0.6903597286362286 0.22421875 0.11202838001272682 0.09375
0 0.7373069066279563 0.28515625 0.10724997334499946 0.0859375
0 0.2955064739020045 0.721875 0.03948067067154515 0.0359375
0 0.13886776460059394 0.48671875 0.05210794000636332 0.046875
0 0.2959984645926398 0.5453125 0.045767033338636146 0.0390625
0 0.07228933927436634 0.434375 0.04420453333863612 0.0390625
0 0.18387863056973172 0.7140625 0.048873852005090646 0.0375