0 0.6412214642697798 0.047789473845872565 0.033372421980838854 0.07238845222957298
0 0.5293489060383223 0.10309396890219402 0.0777841632744117 0.058369510895763276
0 0.5318464642697798 0.055437718902194025 0.049741050429541286 0.05796531930985205
0 0.44759761702874173 0.07378316333809684 0.0619953889641522 0.05415190445914595
0 0.36835609509333145 0.23422327262470582 0.06002345318850324 0.04623014381548422
0 0.3464744510407967 0.20617468227963182 0.040864017412854545 0.03710651609154336
0 0.371014105608781 0.16865290294653665 0.034859678878243816 0.04135697351689642
0 0.3286838427184823 0.0852119722563887 0.06586401741285455 0.03885468639013112
0 0.14620553539153597 0.12132370692114998 0.06512038896415202 0.0543704257464694
0 0.16502745646786363 0.07408272016270175 0.04587906603337357 0.04368429802252858
0 0.2153516830621153 0.049547259887357094 0.057389776119281775 0.05538662252816072
0 0.2670713133198401 0.015614474311638366 0.04703213025772479 0.031228948623276732
0 0.11172871607880208 0.036555223012693344 0.050566566033373575 0.044012079953513784
0 0.13927053991409175 0.007113377471839275 0.0620839201718165 0.01422675494367855
0 0.24638151854450832 0.34861319057750506 0.0534459045679843 0.03954310124083724
0 0.30168649423424887 0.34785943772751343 0.06651911465389251 0.05135468639013112
0 0.3106653465636695 0.4141728525782195 0.0649566146538925 0.05124542574646931
0 0.38869849332973766 0.36590496136062545 0.07260534034363308 0.048666728964778104
0 0.3977116451841885 0.40185888685499327 0.05064845318850333 0.04557457995351388
0 0.35495757915081494 0.44532466359019834 0.05484463025772479 0.03652736188449914
0 0.4026614167809145 0.47078920331485374 0.06282090456798421 0.040198665102807674
0 0.29464087686682283 0.4674453180493443 0.04390713025772479 0.03576253737886681
0 0.32454306083344925 0.5058304748542788 0.06635534034363308 0.04822968639013112
0 0.37948610413844297 0.006512807909885678 0.06290279172311405 0.013025615819771356
0 0.25927210142490953 0.07294120122116679 0.06265713025772479 0.03707366510280767
0 0.23029725237484916 0.1356815018415854 0.07211401741285454 0.03929172896477806
0 0.2521069753510562 0.20965995122116676 0.07638543758467105 0.06138525025210155
0 0.3323543973318951 0.13399367968174175 0.06651911465389251 0.05135468639013112
0 0.22723977216255292 0.25343173055426194 0.03765713025772479 0.03532549480421991
0 0.281937238241355 0.2939749670606086 0.046042840343633 0.046809298022528624
0 0.3871260272509356 0.3216468629697798 0.06808161465389251 0.05146394703379294
0 0.23691690807448723 0.49950370122116683 0.09332727611928178 0.05789961733238051
0 0.053254559024426926 0.5730608055640972 0.0553359531885033 0.04590236188449896
0 0.12114806592183189 0.59944870692115 0.06824538896415207 0.05458894703379293
0 0.21551554161157238 0.595963437979615 0.07663774310259504 0.03649451089576328
0 0.45398930065668386 0.3379877749704943 0.05064845318850324 0.04557457995351379
0 0.5021877832438294 0.3688664343733188 0.059695904567984216 0.039980143815484225
0 0.269498113976524 0.3828025202789173 0.04514208163720577 0.029621798022528623
0 0.1693675599289381 0.5408113982549596 0.05665279172311406 0.04132412252816078
0 0.5849238766396802 0.022925867661356764 0.06446529172311397 0.041870425746469396
0 0.4198610413844298 0.1574533229930229 0.07408595318850324 0.04721348960843983
0 0.17374960199073639 0.27896696211693006 0.0643834045679843 0.040307925746469485
0 0.2128341926730537 0.014256747023957633 0.0612584045679843 0.028513494047915266
0 0.3940532151742909 0.040943166188088444 0.08946529172311415 0.043618596045057155
0 0.47351166384023846 0.11400397175218561 0.056816566033373664 0.04444912252816073
0 0.24324655246570623 0.30446435283032114 0.05377345318850333 0.04579310124083724
0 0.3184656377209566 0.17621938450920477 0.07235967887824372 0.04397922896477811
0 0.4233401662150877 0.26929775913105247 0.06956222749876276 0.050010707677454566
0 0.5592986776350484 0.1702761150634667 0.06290279172311415 0.041761165102807675
0 0.23339243837764054 0.5519020815429976 0.06915279172311406 0.042198207677454566
0 0.3244755410457455 0.38829876742892566 0.0534459045679843 0.03954310124083724
0 0.3104240863869042 0.25539878611835914 0.05985967887824373 0.04310514381548423
0 0.15261382915081495 0.45947391694439305 0.049331614653892554 0.05015281930985207