0 0.9505722453146394 0.6748985747930851 0.051091138558944496 0.03808180267345414
0 0.9537941852063673 0.7319480061266306 0.08816524122451135 0.07756247334499947
0 0.7163265921077118 0.9181833087603138 0.06619931301126591 0.0741829346753633
0 0.6211588446149943 0.8952083380808145 0.04796613855894449 0.03804544000636341
0 0.6605479535487675 0.8800469620862232 0.053108279625171305 0.053724984006999675
0 0.5024088446149942 0.8938265567313607 0.019704746239076344 0.03303067600254508
0 0.572258343361353 0.9055731260741329 0.031841033386094966 0.0206761266709087
0 0.607633553707052 0.9403481154121327 0.05917642319868044 0.04754770934118113
0 0.3793190901291547 0.15280102005090676 0.03220474623907634 0.03317612667090888
0 0.4537460917785074 0.29502543006045173 0.05618781551854859 0.05219884667409058
0 0.5049401819076621 0.44400837006681504 0.040517351411925875 0.05045453333863605