0 0.48305150218420156 0.1584887307331631 0.10054682028847228 0.09348923871722895
0 0.5588600809251394 0.6314692411580044 0.08557513050895835 0.05401756175762475
0 0.591632294071667 0.4294353797169487 0.06399107123840278 0.06588106426490725
0 0.43887619566652836 0.7091730408414353 0.09218880642076392 0.06982441818411544
0 0.503375759971077 0.7633580871596539 0.07696384992375016 0.08655727711788863
0 0.6653101026766325 0.6431545504083467 0.07994337955902786 0.08039820533113406
0 0.7765547675705212 0.5589506981384911 0.07180357123840295 0.06610838479802066
0 0.7669499103316675 0.8842318429656416 0.07511040919430556 0.07401181301126591
0 0.8655880852935425 0.9292608496295591 0.06399107123840295 0.06588106426490725
0 0.7768717306201397 0.9699226727364622 0.06097517401194459 0.06015465452707573
0 0.9951163975107988 0.4475742435987799 0.009767204978402333 0.06617056927947225
0 0.9417641531134727 0.68008521522725 0.06261040919430556 0.07364810015828453
0 0.6151392632021182 0.2653872515828456 0.11468205547083343 0.09702341567683312
0 0.5308922029816322 0.3019719577719095 0.08157861474138901 0.08356866943775679
0 0.7945182918874656 0.2909053917911426 0.1097399823325695 0.08594952335696497
0 0.9578696642282989 0.34418481914645815 0.0842606715434023 0.08857441818411553
0 0.7906328385245838 0.42585705331134055 0.10011040919430556 0.07473923871722885
0 0.9152347546527434 0.5130197356812211 0.11787979065319476 0.10023934389007856
0 0.8092419406325352 0.6551497482176334 0.07503767401194424 0.07088681301126591
0 0.7663472322356604 0.724166521178887 0.11460932028847229 0.09389841567683313
0 0.6755559652338199 0.5802142812080169 0.06711607123840295 0.06597199247815269
0 0.9380423539109035 0.8220681267474479 0.10349128875333377 0.15290970282385175
0 0.5605362561713549 0.8711993308914476 0.0878649823325695 0.0853130258642473
0 0.4101368658787507 0.883218294602359 0.1128649823325695 0.08604045157021041
0 0.4227264784359382 0.820346221561963 0.06537173328249998 0.05811402837152997
0 0.7078203385245837 0.4234474556603384 0.09883884992375017 0.08719377461060632
0 0.9537101475107989 0.2205881947732788 0.08114220364722229 0.06481866943775678
0 0.7998396118915974 0.184101462324256 0.13056162860909737 0.10841555674305985
0 0.4949391320275698 0.4344291051063425 0.054397865691319505 0.05623327962517113
0 0.6637417237831947 0.34096992478152605 0.05741376291777787 0.05163670783841656
0 0.609072407578785 0.3401599310497322 0.06348192496187507 0.04400606426490725
0 0.5197897424005558 0.22748042313217343 0.08426720364722229 0.06490959765100213
0 0.8141080125365281 0.49524355080405813 0.09211607123840296 0.06669941818411544
0 0.6630962520872924 0.7828391760351673 0.05912173328249999 0.0579321719450391
0 0.5773405900431952 0.7881511501709199 0.051054660144236055 0.046767351411925874
0 0.33746047245201455 0.7796099098043383 0.07016833605604171 0.06293792069139777
0 0.341077088143334 0.8343656059642722 0.07180357123840278 0.06610838479802084
0 0.6995825320069106 0.9703144719909279 0.06718880642076393 0.05937105601814423
0 0.927997819525973 0.9607441818411552 0.05425239532659738 0.04998327962517095
0 0.6238460352379518 0.4717509118494023 0.07496493882958326 0.06776181301126591
0 0.6214782225489237 0.16876230416927038 0.08899107123840277 0.06660848997087018
0 0.8608447274860076 0.8596386714163138 0.06224673328249999 0.05802310015828453
0 0.8707970364722227 0.6499143304292293 0.07016833605604163 0.06293792069139795
0 0.9350043536265631 0.6244573408540706 0.06355466014423641 0.04713106426490725
0 0.9050434434823268 0.5783037548815508 0.06359102773541672 0.04869356426490725
0 0.6474568814588889 0.04382214014178999 0.056795513867708355 0.025074207838416518
0 0.5743298124046875 0.1221086130239013 0.07623649810013902 0.05530727711788872
0 0.7667705791221875 0.07149616224511375 0.05545121941479163 0.03440374373179385
0 0.8613570337193404 0.11016150864247462 0.07151263050895836 0.05360838479802066
0 0.6045972342324306 0.047259377209666255 0.051054660144236055 0.046767351411925805
0 0.6233660712384028 0.08215721443582709 0.06838763050895835 0.053517456584775316
0 0.9019340144363891 0.4447100048815509 0.05425239532659702 0.04998327962517131
0 0.7249156131258683 0.35289927493981066 0.06882404160312508 0.07226745658477532
0 0.5236738893426736 0.025386725718598173 0.05984777868534721 0.022040136051661885
0 0.46573932845659743 0.28680394734706827 0.06700696846486114 0.0612844924781526
0 0.10103266318145898 0.785222097651002 0.0781626740119445 0.07097774122451135
0 0.23584407427562568 0.8078820108205527 0.07678201196784729 0.07874477711788863
0 0.694581335009202 0.7267626722742436 0.07180357123840295 0.06610838479802048