0 0.2589633492665114 0.3961819592669385 0.0775099303072194 0.07711951089576327
0 0.28395093638248714 0.3043715176810272 0.060213302902557685 0.07279264381548423
0 0.3061334712288775 0.26679510802610124 0.06975199400955016 0.07813570767745456
0 0.10143113537884604 0.6170839571732515 0.05788691106992565 0.050808383171822416
0 0.136934614960426 0.6694223533345243 0.06479167549789593 0.0699954257464693
0 0.1430779767559911 0.7332117017253699 0.07556548439090341 0.06607275025210164
0 0.444362712960993 0.8163037991078094 0.07098711179556502 0.0688699683211162
0 0.4524951606914076 0.8697730065331623 0.04166171034428636 0.032528276735204996
0 0.2417486005324557 0.6432972598873571 0.05837798439090332 0.06487088317182241
0 0.1956176449974929 0.6230283185535475 0.06758929328391083 0.06083894703379293
0 0.17095989617861923 0.5448704675648116 0.08236112141421192 0.08213479282674854