0 0.7700527076948637 0.2675798475290666 0.044356215728545756 0.06714087842423862
0 0.8008484104104042 0.1820217784428162 0.043446163111827474 0.05151587842423862
0 0.7252469838620487 0.4197450761584423 0.043901189420186525 0.05932837842423862
0 0.7879899075678068 0.4019431921351263 0.060527247298576725 0.07769987012586892
0 0.7651501889966635 0.5573285091467842 0.048391268345264395 0.08300267676456467
0 0.7018836205243424 0.6062027944148558 0.047208199943530184 0.06269017676456468
0 0.6697459547110919 0.6286572122563507 0.044356215728545936 0.06714087842423862
0 0.670011994244218 0.5664532101817583 0.053276189420186526 0.0600387734452168
0 0.7037940019955513 0.7191288469043667 0.05593075256024882 0.07890717261537983
0 0.7391168519673166 0.7513619290628717 0.04931673151356133 0.07218357593472771
0 0.53929959151456 0.6592182827924937 0.05078822625188941 0.07073947510489056
0 0.5437070994776549 0.5879944782283903 0.05024219468185844 0.06136447510489074
0 0.6170598414439729 0.7390017937901558 0.04775423151356151 0.07206517676456467
0 0.6497512441030435 0.7127003255337423 0.04362817363517095 0.05464087842423861
0 0.6526557072007535 0.7759223759486609 0.027457142065139807 0.04408188672260849
0 0.6417328887284324 0.8287630334171936 0.051061242036904986 0.07542697510489056
0 0.597952796649175 0.798222505822792 0.038758663111827296 0.0511606809137497
0 0.6937959176676275 0.8412639560325733 0.03470819994353036 0.06174298340326061
0 0.7955804126177173 0.6257475450395557 0.07477175782192055 0.08189046265733602