0 0.2465697947372571 0.17982387613871734 0.032450130508958355 0.05265377404661713
0 0.22616768218006963 0.24386901797134933 0.04963763050895835 0.05325397477225655
0 0.5577962758355557 0.08060260382138075 0.05007404160312508 0.07200397477225653
0 0.5003662887533334 0.13264874265878784 0.049928571238402955 0.06575397477225656
0 0.46601143218006963 0.23549348966356298 0.049928571238402775 0.06575397477225646
0 0.431928026119896 0.2828149229660072 0.0502195119678472 0.07825397477225655
0 0.5666861922480558 0.3617707582678845 0.0441149823325695 0.08428571996293303
0 0.39781021209968787 0.42943695182194774 0.05748649810013893 0.05508929328391084
0 0.4639631953821879 0.4834225581752173 0.04226154160312508 0.07173115626060227
0 0.2565176373459034 0.6744096898410483 0.04709451196784729 0.07814484736759475
0 0.2571514573500352 0.5672693124363866 0.037719511967847286 0.0778174651536098
0 0.19317791669684067 0.47254957867845526 0.05021951196784728 0.07825397477225664
0 0.2915673974138896 0.8029786339432657 0.04680357123840286 0.0656448473675951
0 0.6273561609972574 0.6168922786863045 0.0424070119678472 0.07798115626060227
0 0.6291018053739241 0.6918922786863045 0.0345945119678472 0.07770833774894789
0 0.7051746493137506 0.7353669709744235 0.08750130642076392 0.0701885036281972
0 0.8921635434060768 0.6060812311412245 0.042407011967847554 0.07798115626060227
0 0.9149120188047922 0.6764383711597579 0.04978310087368065 0.05950397477225664
0 0.9182201631814589 0.751383807457427 0.052944468464860964 0.06117560217691818
0 0.9308123885801743 0.8220956115411111 0.0470945119678472 0.07814484736759475
0 0.8802493441272577 0.8332439318668639 0.05992182028847211 0.0926438569862416
0 0.5848692285328474 0.16879208458408707 0.05963087955902786 0.08014385698624164
0 0.5917926821800696 0.23110111162592908 0.04495013050895835 0.053090283665263985
0 0.6149405478713892 0.2850247197932971 0.06744337955902786 0.08041667549789597
0 0.7038913322563196 0.1427429613557766 0.05221842306201392 0.09705853847458741
0 0.6455508489738195 0.08848453649085283 0.0424070119678472 0.07798115626060224
0 0.597202961531007 0.034977640250201524 0.05508884992375016 0.06995528050040305
0 0.685180312689028 0.27944435318840855 0.07710932028847246 0.09324405771188111
0 0.7706450340036808 0.25613084956021154 0.061629790653194405 0.09894842068857254
0 0.7399782218833336 0.34946418730915946 0.05933993882958344 0.06764385698624169
0 0.7313864315144796 0.4506273832254754 0.07925370174736131 0.11829862141421188
0 0.727972450416181 0.5390996061836335 0.055234320288472284 0.09248016587924912
0 0.678299105526424 0.5212871128070555 0.05977634992375016 0.08639385698624161
0 0.6703242577868755 0.5817707450210405 0.042116071238402775 0.06548115626060227
0 0.693345490119445 0.663846635039574 0.04226154160312508 0.07173115626060227
0 0.47348170611576423 0.38848208040773585 0.05007404160312508 0.07200397477225655
0 0.5410543318750699 0.5706472504633362 0.07511040919430556 0.07443949400955016
0 0.5191806382958338 0.638653205998299 0.02961607123840295 0.06504464664195542
0 0.4813176155944102 0.657958766705405 0.057631968464861315 0.061339293283910835
0 0.44523595165045204 0.7202057955613455 0.07467399810013901 0.055689494009550165
0 0.4327918094579868 0.7902281188823232 0.06715243882958344 0.06791667549789597
0 0.3568455988769103 0.7186011447430388 0.05948540919430556 0.0738938569862416
0 0.3138398280753478 0.684918114705972 0.05977634992375007 0.08639385698624161
0 0.393598756836945 0.6180183021847675 0.06460932028847229 0.09280754809323426
0 0.35015657494121577 0.5655852721477006 0.04182513050895835 0.05298115626060227
0 0.31124019851631995 0.6068203965571375 0.049928571238402865 0.06575397477225664
0 0.2658159829012504 0.4692311165200705 0.06446384992375007 0.08655754809323427
0 0.1990622811538892 0.3558432283156356 0.046949041603125075 0.07189484736759484
0 0.3154328167730906 0.3838367643431523 0.04978310087368056 0.05950397477225655
0 0.363231924296285 0.2539384440173994 0.05221842306201392 0.09705853847458741
0 0.3050180743725349 0.17152773730131027 0.054797909194305564 0.07373016587924912
0 0.2930830784565974 0.263425060622288 0.042116071238402775 0.06548115626060227
0 0.3803447294827779 0.14935014773826377 0.03215918977951393 0.04015377404661713
0 0.43350479065319447 0.08181541815668378 0.03215918977951393 0.04015377404661713
0 0.4251312058314237 0.19235361407299978 0.0422615416031249 0.07173115626060227
0 0.7537011086605562 0.6367186506486706 0.04963763050895835 0.05325397477225646
0 0.8367136304120493 0.6424205244251352 0.032450130508958355 0.05265377404661713
0 0.7999046146444797 0.6734175532810758 0.045095600873680655 0.05934028366526398