0 0.19583604817029307 0.863912457162604 0.04423467887824382 0.04004442496187508
0 0.7281450163968017 0.6228957992994786 0.08205558344622813 0.07681837955902786
0 0.417837200929255 0.8712300754193745 0.09463747060135788 0.07867182028847211
0 0.1392109119196745 0.8426018080362846 0.0864155348257091 0.0706774823325695
0 0.33384506049476503 0.7467768957078469 0.10261374491161739 0.08197865824437507
0 0.2589911454113311 0.8499577535153817 0.11396068068726617 0.09004573138263901
0 0.4277521907524898 0.7118187078281941 0.07317855042954129 0.056324041603125076
0 0.40619809532047413 0.6764267216959025 0.08576043758467104 0.058177482332569495
0 0.33504346958530506 0.5899092998681594 0.08649742198083885 0.0722399823325695
0 0.4854252498884583 0.6386890259324648 0.06116987336031983 0.06540810087368065
0 0.6190665875185579 0.6644494792953466 0.07169793758467105 0.05785017401194459
0 0.5892905563108934 0.6370518311189578 0.08954053482570909 0.07075021751493064
0 0.596218907735803 0.7281853241851037 0.08567855042954128 0.056614982332569494
0 0.580603873814605 0.7730256987101384 0.09357293758467122 0.05835932028847228
0 0.7074153573062617 0.780217990028923 0.07391553482570909 0.07038654160312507
0 0.6548016123946443 0.8610328853555202 0.08501680913596861 0.07376611474138883
0 0.5237563302824688 0.8601815130146869 0.0980900192218769 0.08499455547083343
0 0.6330305902320914 0.591556839952673 0.08748671189493056 0.06133884992375016
0 0.5965818351437088 0.5128148973233675 0.09990482473980081 0.060067290653194584
0 0.6241236589789984 0.47862108206888837 0.07054487336031982 0.06562630642076392
0 0.6775551961795567 0.5608692311952078 0.11708568068726617 0.09011846656499997
0 0.7114255851437088 0.5101418793715966 0.07096095318850323 0.04378767401194459
0 0.7743106874731295 0.5757837567464229 0.06988977611928178 0.05312630642076392
0 0.6973840965636695 0.4207345404657633 0.11478619629109836 0.07601959897381949
0 0.7431403318643485 0.3814349979127077 0.06832727611928177 0.05308993882958335
0 0.6349017859573628 0.3176290306821175 0.048014776119281774 0.05261716014423614
0 0.5556989648356067 0.2804576454235065 0.09406426051544958 0.06773432028847229
0 0.4845565479431505 0.4319305328663191 0.11560506784239592 0.09164459897381967
0 0.3822747529406761 0.34379671286218716 0.08427982473980081 0.05970361474138901
0 0.4852702781554467 0.31408906943545095 0.0889673247398008 0.05981271751493065
0 0.5924409690194781 0.38338197046163136 0.11273237336031983 0.06660823138263901
0 0.44482126130841904 0.5498999360767011 0.10573874491161739 0.08205139342673604
0 0.777628196518241 0.3338144622935063 0.09357293758467122 0.05835932028847228
0 0.7238281671195989 0.2585975631671869 0.058542840343633176 0.045059233282499986
0 0.6554842808689803 0.2375596709747217 0.08846935775648763 0.08008884992375007
0 0.34270324061620416 0.4586411160725691 0.0879780348257091 0.07071384992375015
0 0.4449120352799943 0.7715021791428468 0.09776247060135787 0.07874455547083344
0 0.23960373756398648 0.7583339511786804 0.08493492198083885 0.07220361474138884
0 0.0877402651536063 0.8867161371584722 0.07770227611928182 0.05330814437666689
0 0.32540071743759846 0.8632376970946177 0.060105340343633 0.045095600873680655
0 0.7010668600197951 0.7077981293715967 0.05089411465389269 0.04800239532659738
0 0.6836237324756038 0.6684089742613535 0.05706222749876275 0.046585365691319505
0 0.8298580026019918 0.5581046410551035 0.05253850180902227 0.04960126291777787
0 0.7954320929456248 0.5152092794478464 0.06783595318850325 0.04371493882958326
0 0.7641301040269013 0.6509292271111452 0.07046298620519006 0.06406380642076392
0 0.33449019165700095 0.6898001970946177 0.08872166327441153 0.055125217514930644
0 0.5087675746282592 0.5804037472471176 0.08485303482570891 0.07064111474138901
0 0.5236832457045868 0.5340190565176732 0.06988977611928178 0.05312630642076392
0 0.49374011816039554 0.4949208421368746 0.06849105042954129 0.056214938829583436
0 0.46846788048486737 0.3815856939604857 0.07819359905006032 0.06268314437666671
0 0.41756712177844013 0.3999369568782635 0.05590916327441153 0.054361498100138926
0 0.07325171924662076 0.8207281144570485 0.07630355042954132 0.05639677678548623