0 0.34058535327818434 0.4283786304725 0.04742044000636332 0.04987888648947951
0 0.3126410719287306 0.5454264281284615 0.05076361600890866 0.06882914558877821
0 0.27971094060313934 0.4862423928110012 0.04131589067472685 0.061978368290882456
0 0.27393201324795846 0.6469295689368778 0.054034066677272286 0.08152940468807693
0 0.3410916939051862 0.7208164543466232 0.030323846674090583 0.056589961443336986
0 0.36256779925209465 0.6221181384920644 0.025599984006999678 0.05316457279438911
0 0.43708654125559454 0.6010930421004071 0.03501134667409058 0.05689035009228505
0 0.5263024879058225 0.7279943059800679 0.03486589600572696 0.04439035009228505
0 0.4827615732415952 0.7072219285898868 0.05076361600890884 0.06882914558877821
0 0.43822977589914097 0.7716058011997058 0.031886346674090404 0.056690090992986344
0 0.48393317457036805 0.7409158081395362 0.02705339600572696 0.04388970234403846
0 0.5117127292330046 0.772405640033224 0.039662484006999676 0.054065738741233105
0 0.46397411588959603 0.8436205035437443 0.03194089067472703 0.06137759099298634
0 0.423866736553187 0.8637234500276867 0.03168635200509069 0.03950259099298634
0 0.4862576485519144 0.8771036320136595 0.03025112133990877 0.05033996144333699
0 0.3677263718969138 0.7835062214654863 0.03978975334181776 0.06500323874123311
0 0.5159718732097784 0.9438999082318211 0.028652258672817864 0.047114831893687634
0 0.4966920919796373 0.18194132633813345 0.03650112133990877 0.0507404796419344
0 0.5301911039147311 0.6625695650793665 0.028634077339272323 0.04555233189368781