0 0.6662746445090442 0.06339395524350414 0.05506703423772628 0.055287484006999676
0 0.7065677799187895 0.13094453457195893 0.05905362739018098 0.044404528007636036
0 0.4333176519102997 0.2834541059436844 0.045952850092285044 0.034884077339272415
0 0.3638178778516063 0.21155238128582035 0.061317034237726276 0.055360209341181486
0 0.21660263031561647 0.7081653939767738 0.1247182001845701 0.07014996268299925
0 0.3397280521225565 0.7872614532940927 0.07285531153562222 0.06486247867599956
0 0.6797070003045418 0.5292098592457313 0.1311288864894795 0.0483658693507266
0 0.5088018198597284 0.6195455999363666 0.06610466378737563 0.05697725334181776
0 0.7244163278792929 0.6412735072406406 0.08182979333702498 0.05872156667727211
0 0.6685680436415666 0.587195081914413 0.05905362739018098 0.044404528007635946
0 0.8217116324750847 0.6589053552275959 0.09100453423772628 0.055705654678545005
0 0.7228829086932466 0.690546801241277 0.05108044108527139 0.0661704400063634
0 0.6553134793281673 0.7585706425843675 0.06181768198597286 0.0631727093411815
0 0.5294332973421945 0.6974887866009121 0.06852875693983015 0.046076116008908666
0 0.6989318738372114 0.8292098592457313 0.09100453423772628 0.055705654678545005
0 0.7744627999630882 0.8244218145687772 0.05733044108527156 0.06624316534054486
0 0.7254233251015159 0.8765933892425497 0.07271560919158375 0.03831816000954476
0 0.6661985194259897 0.8796280299172764 0.07099242288667415 0.06015679734245438
0 0.5354002999630881 0.8272035586012303 0.061317034237726276 0.055360209341181486
0 0.5463854696105599 0.9498234459341394 0.0932679410852714 0.06666133601209054
0 0.7449638695182748 0.9131121445735497 0.061617422886674156 0.06004770934118149
0 0.8734090445644174 0.928817865889596 0.0731557001845701 0.06954997867599957
0 0.725181098080475 0.9704161145767314 0.07015181369509058 0.022674978675999567
0 0.24361001156330878 0.49519267930459226 0.11584384793281677 0.0778533746817267
0 0.2840521437338518 0.6260699619669106 0.08858044108527148 0.06660679201145392
0 0.45719735193798633 0.717093309277548 0.09825582973421945 0.07140338001272681
0 0.4580868283407183 0.816375693944957 0.08858044108527138 0.06660679201145428
0 0.5316757202288687 0.7568819679344576 0.07704216378737563 0.057104522676635835
0 0.5950094301310462 0.6349609672581398 0.08681768198597269 0.06346361067790873
0 0.6372760757198246 0.6845064339195037 0.09306768198597286 0.06353633601209037
0 0.7840998133813235 0.7429990919000955 0.13419332973421944 0.07182155068427179
0 0.5889956693337046 0.8461257339274578 0.08030686613141391 0.08368520401018102
0 0.82769602636582 0.9230951245624139 0.11570414558877821 0.051309056015271894
0 0.4633820049280203 0.9844080786123662 0.06702681369509059 0.022638616008908485
0 0.9702675381690667 0.526400295870506 0.05946492366186647 0.07917951734563573
0 0.8718561250738291 0.4409724205522325 0.07497901603912886 0.04927384134309047
0 0.42767623996862547 0.9152404552832749 0.06374112739018098 0.04445907200827222
0 0.3995605343853845 0.9523137412874112 0.0733559592838688 0.07267497867599956
0 0.40678394663160056 0.857627949952275 0.06610466378737563 0.05697725334181776
0 0.5092976773532691 0.871289913271821 0.06424177513842758 0.05227157200827222
0 0.6140538309616119 0.9443450579249125 0.04801599784053181 0.04271475867281786
0 0.6382318106035463 0.9800280192552762 0.03870155459579187 0.01918635200509087
0 0.2738934986064988 0.7481540473026833 0.11590440468807692 0.05443405601527189
0 0.34043135409745473 0.6762330466263655 0.07734255243632351 0.06179202267663584
0 0.5526438525562952 0.5228700472629123 0.06852875693983033 0.046076116008908666
0 0.5640808027408653 0.5915382312619578 0.05955427513842757 0.052217028007635946
0 0.7783540538205995 0.5679354572326865 0.0865172933370248 0.058776110677908555
0 0.9080355660022171 0.8713411732177327 0.07477875693983016 0.04614884134309065
0 0.8333860194259897 0.8776826272279139 0.07079216378737563 0.057031797342454026
0 0.8910297362679976 0.8011741238860962 0.07704216378737563 0.057104522676635835