0 0.6264855330841612 0.17330292607544553 0.051819365177646404 0.04255884059717552
0 0.5629881133156196 0.20674349278740753 0.061849336641599174 0.05727690445914595
0 0.5129881133156197 0.21023983338458305 0.03285104135632899 0.03656021287323474
0 0.7057621182780183 0.2767067955015131 0.051819365177646404 0.04255884059717552
0 0.8756894363083676 0.4921247098480162 0.04698631596343468 0.039106058666190435
0 0.8905182237357551 0.5412506246987222 0.061121590570540715 0.04165190445914604
0 0.7169010570675853 0.8692602822599614 0.05716183664159917 0.05694912252816096
0 0.6797798926757272 0.8295311467423503 0.06221320967712849 0.06508940445914604
0 0.6742426761741732 0.8957570802824899 0.03001713978475227 0.04259169158591121
0 0.6132709429233962 0.9329400060289593 0.050547963606069855 0.048699579953513705
0 0.5098355738168083 0.9166590781888029 0.07307793507002262 0.06429172896477801
0 0.3627548269216895 0.26620524614160224 0.052765435070022626 0.06287134059717552