0 0.39663526663909143 0.08038112738699753 0.09157957386326192 0.055742017345635796
0 0.3645455154212755 0.12140556938254318 0.07266593262955992 0.046148841343090476
0 0.47114038879807013 0.09765099073040616 0.09163412094116268 0.0588670173456358
0 0.36461942775829587 0.21513738804899774 0.047611385551659245 0.04273294000636341
0 0.44501999391092006 0.21216747672658814 0.14390573295387146 0.10009200135263549
0 0.22411715868357246 0.2205323180299077 0.09955571509696393 0.06520792401336309
0 0.26621315543716156 0.17103230470240743 0.09327844155801354 0.06357269867918122
0 0.26403086688067756 0.3592499200349984 0.06830571509696401 0.06484429734245412
0 0.4163825251605081 0.27197828138922475 0.1185239034085667 0.07792610001590834
0 0.40648141964062107 0.33122601205440655 0.10125458279171565 0.07303860534690845
0 0.4463075787312306 0.3754305453930427 0.13730117694751698 0.07970677601845377
0 0.2318553409060952 0.4401090213637714 0.08732845048646735 0.08068747334499946
0 0.3484661424482227 0.45318228071290695 0.09465002678536116 0.05265338001272681
0 0.3118934427725343 0.5058709287078162 0.07765344155801364 0.06339088534372692
0 0.36722582507778256 0.4987038660486796 0.07261138555165916 0.04302384134309047
0 0.17108898497917102 0.6729482460216354 0.07293866801906326 0.061773841343090476
0 0.2695986229664622 0.6334777607017712 0.03661933847375849 0.03948067067154533
0 0.3263571375769588 0.6185163793761799 0.06057503571381497 0.06944089067472703
0 0.3264895511317952 0.6708510387094071 0.1185239034085667 0.07792610001590834
0 0.35943446468663154 0.7235675060470887 0.07458298863591431 0.06647952267663584
0 0.43655825202529963 0.5776197540579064 0.10295345048646727 0.08086928668045382
0 0.47959914001259085 0.5375038313971789 0.07463753571381489 0.06960452267663583
0 0.40862021265803666 0.6327521493873156 0.11092959172016936 0.09033519334818116
0 0.4911463404990581 0.6173095100652242 0.06024775324641087 0.05069089067472703
0 0.4589299042160503 0.6958248613939972 0.08091480925276535 0.07123974801081764
0 0.5025435365212985 0.6885214387332697 0.053970479707460585 0.049055665340545215
0 0.6743270332748876 0.6405304760900414 0.0716216298696164 0.07581816000954511
0 0.6769395645244758 0.7007049074235867 0.06364548863591431 0.06635225334181775
0 0.6418884545403618 0.7510679867520416 0.09196140340856669 0.07761701734563572
0 0.6675702930141203 0.7904213880887687 0.04769320616851012 0.047420440006363404
0 0.5418259991826305 0.8358237000715876 0.061946620941162676 0.05852157200827222
0 0.6506788478026587 0.851931052752996 0.07293866801906326 0.06177384134309065
0 0.7351259857899499 0.8122969354312227 0.06326365909060953 0.044477253341817756
0 0.889754984572134 0.8554940467854489 0.05526024431795733 0.03344884667409076
0 0.7593271448805595 0.8563196554344044 0.046321620941162676 0.05833975867281786
0 0.8609675113574952 0.9067111014480856 0.0649352532464107 0.0507454346753633
0 0.816902091309837 0.7538855461091314 0.11893300649282175 0.10136360001590834
0 0.5372655896882792 0.48506063140513306 0.06657957386326192 0.05545111600890866
0 0.7615973879839959 0.44939749343567714 0.06030230032431163 0.05381589067472685
0 0.8424246481302656 0.42612417278004033 0.07463753571381489 0.06960452267663583
0 0.6191389269442217 0.5664657200827234 0.053970479707460585 0.049055665340545215
0 0.6043418157422918 0.6584623160804963 0.07592730032431164 0.05399770401018138
0 0.5544918202065187 0.6664742634070421 0.0666613944801128 0.060138616008908664
0 0.5677633875769588 0.6213253954089512 0.07129434740221222 0.05706816000954511
0 0.435130345370322 0.45106634472467916 0.05388865909060954 0.04436816534054522
0 0.46499552881395606 0.14835042472945165 0.0666613944801128 0.060138616008908664
0 0.5258367605467162 0.7700259774029059 0.07592730032431164 0.05399770401018138
0 0.5742333502382907 0.7682458487428147 0.07129434740221222 0.05706816000954511
0 0.7932991757264057 0.6098900981062678 0.07592730032431164 0.05399770401018138
0 0.7313934650936686 0.5537122760979954 0.05388865909060954 0.04436816534054522
0 0.6775553989410446 0.5569912700906776 0.06965002678536117 0.052362478675999566
0 0.7544315446389734 0.5758509054344044 0.053970479707460585 0.049055665340545215
0 0.7258195750777826 0.5028764820973592 0.058603432629559825 0.045985209341181485
0 0.2782099638758527 0.5898368487030438 0.06326365909060953 0.044477253341817756