0 0.5766373063960254 0.5566725494111783 0.03616475897699054 0.03948067067154533
0 0.5472361527070333 0.6055458540738148 0.03779089149054791 0.050436352005090515
0 0.42380826394696014 0.740037938056952 0.025336343285945872 0.05810340133672724
0 0.4436804024124458 0.79885895472627 0.03309430113146803 0.04881930800445424
0 0.47835992944161293 0.8516026940642698 0.034638620413308986 0.04571248933799978
0 0.5015247186692244 0.8050004140674515 0.03309430113146803 0.04881930800445424
0 0.5555900499531178 0.8329714200747693 0.040897710772388504 0.047347714672181594
0 0.6412730198988885 0.7902213934197688 0.020594301131468207 0.04867385733609062
0 0.6181355017485158 0.8415111734165871 0.0298783975406721 0.03315794533736351
0 0.5893974233914887 0.8700810687459963 0.026807939695149587 0.04249658267027243
0 0.5852543031745716 0.6950447060789054 0.03787270472226432 0.06449885200509069
0 0.4976815803019347 0.6815265514003606 0.03465680113146803 0.048837489337999786
0 0.5144963755796704 0.6176640460693605 0.03151362041330898 0.045676126670909055