0 0.28653191574334 0.3692959253501129 0.04649456677218975 0.042735463606069855
0 0.26549199003737717 0.3933498554577367 0.053199207838416564 0.05865156203449331
0 0.2662481594751339 0.31358958085063093 0.0550344924781526 0.06809933664159917
0 0.2087228159807669 0.27414178308416126 0.05494356426490725 0.06497433664159917
0 0.17187603384831326 0.3037179671207265 0.04873902837152992 0.06624573821317573
0 0.14217181347348445 0.2491374749786094 0.07700042069139794 0.07224318114108108
0 0.16546324630558332 0.4434525552100677 0.0384547462390763 0.03455909057054072
0 0.2130680205204781 0.5012137053339023 0.04336956677218975 0.04258991439185813
0 0.16601952428140182 0.5318793544242795 0.06726170783841652 0.059306533498445904
0 0.21902485233636262 0.5922389656729845 0.048284387305303156 0.05062073821317572
0 0.20016955225722036 0.6218708076912671 0.059585600158284534 0.06363016046291677
0 0.21158076220720795 0.7405309164587728 0.05412521034569897 0.03684933664159917
0 0.15396683900852748 0.7847860306029618 0.056233279625171176 0.05567211124870504
0 0.20414268375653571 0.8348438426374551 0.04359688730530316 0.05040241439185813
0 0.2337559759181192 0.8925493347795722 0.06160274122451135 0.07932793507002245
0 0.27265700303600787 0.8192595380465599 0.039091243731793845 0.05643409057054072
0 0.2941622785045439 0.8867574071531479 0.044051528371529966 0.06602741439185814
0 0.36746704935422647 0.7603083771693585 0.05011967194503919 0.06006851282028158
0 0.3983473248227625 0.8282428939185815 0.061148100158284535 0.06370293507002245
0 0.5262546791376822 0.6534869505763913 0.05462531551854859 0.054036836641599174
0 0.5783112726320492 0.6926800372179904 0.0508016335443795 0.08350601282028158
0 0.4380740321989606 0.4577142241500399 0.06762542069139812 0.07180653349844608
0 0.43807638070789257 0.5382921360606986 0.07143238229073816 0.09538958271265763
0 0.49035193454795856 0.5430738353987449 0.054670779625171306 0.055599336641599176
0 0.4822379061764286 0.6068452369703214 0.06302884890464337 0.0747132096771285
0 0.4428571574300698 0.615963371792675 0.03431281551854841 0.05309076674922295
0 0.37297656644298527 0.5978447644729113 0.040290030878812375 0.044006865177646404
0 0.3554337137774183 0.6361431310982999 0.044096992478152595 0.06758991439185813
0 0.44728859316516256 0.6787544702210984 0.04502299498543501 0.045787688998963995
0 0.4399247225529068 0.7167446217926751 0.0501196719450391 0.06006851282028158
0 0.11453592913768218 0.6343108416039979 0.05439799498543509 0.046224336641598994
0 0.17543632521847394 0.6653104385846793 0.04989235141192579 0.05225601282028158
0 0.10791620460621824 0.7004987677826804 0.04860263605166186 0.06155823821317572
0 0.10648539990822244 0.5345826693542569 0.04672188730530311 0.050547963606069855