0 0.486957629893414 0.8082621877561097 0.07572725334181776 0.06599318114108108
0 0.40256499590232264 0.7386709716688404 0.08204997867599957 0.07253427956950453
0 0.36521898989500484 0.7908670184018528 0.04769316000954493 0.07249573821317572
0 0.33441333788196 0.8855780508668415 0.08197725334181775 0.06628427956950453
0 0.31347358187464214 0.9385382309744653 0.06638861600890866 0.0686815334984459
0 0.3247105265356878 0.9804902905277594 0.05348862667090888 0.033724336641599
0 0.4147457278803691 0.9010446931327932 0.041134077339272504 0.04564213978475244
0 0.45942242854873266 0.8906187694353103 0.04909202800763594 0.05850601282028158
0 0.8127672465786404 0.6866441687305752 0.06967724801081765 0.08288958271265763
0 0.7555814552435042 0.6972691455712112 0.0616829346753633 0.0669007096771285
0 0.7943252345640047 0.7936561480524107 0.06967724801081765 0.08288958271265763
0 0.8833973725732316 0.7297991633538916 0.053724984006999675 0.054036836641599174
0 0.7866298185471419 0.9175837996239873 0.08204997867599957 0.07253427956950453
0 0.7958599152212325 0.8632965599630694 0.053724984006999675 0.054036836641598994
0 0.6241849098902323 0.8381038531814251 0.08559314934754489 0.10861732878371626
0 0.5231945745544597 0.8513786410230975 0.07896134134309048 0.07551373035529281
0 0.4743292658736877 0.9530652655063687 0.08036020934118149 0.061524004962398494
0 0.4433878012015061 0.9806636108344202 0.08817270934118149 0.03867277833115956
0 0.2628468732097784 0.9228918062435252 0.04740225867281787 0.04749573821317554
0 0.2576150278883233 0.8351007078151016 0.08226815467854491 0.09128427956950454
0 0.2122763505729134 0.7008862196019259 0.08831816000954502 0.07438787799792798
0 0.2595507925684591 0.7359183451186546 0.07107611600890866 0.06889985731976367
0 0.26229672127627535 0.43275695781510165 0.09485906134627217 0.09967897642635144
0 0.34032391331159195 0.17609388895618278 0.07107611600890866 0.06889985731976359
0 0.9856631379694558 0.2710299389944548 0.024564742679817897 0.09796661910658785
0 0.5337739213080921 0.2108991902373091 0.07107611600890866 0.06889985731976359
0 0.7028517326543643 0.12340996050118876 0.07102157200827222 0.06421235731976357
0 0.7993625586410011 0.22639587344530482 0.07102157200827222 0.06421235731976357
0 0.8858358606381376 0.2515286141396799 0.06335452267663584 0.07634848428423427
0 0.3591182719605473 0.30750870884855896 0.06800566000954503 0.07344180810555194
0 0.14385416191918554 0.6023352495857152 0.0647533906747269 0.06235875889134022
0 0.13689618459582145 0.5285338765501859 0.0647533906747269 0.06235875889134022
0 0.32990239194782056 0.3999487659206535 0.06004770934118149 0.060577935070022626
0 0.375069441279457 0.41455922952672336 0.053724984006999675 0.054036836641599174
0 0.31713930995386574 0.3547989317602537 0.058430665340545127 0.055817660462916766
0 0.4276330093093647 0.1965755169541108 0.07102157200827239 0.06421235731976357
0 0.21597460992204906 0.5845891315125847 0.06638861600890866 0.0686815334984459
0 0.10655196721836893 0.8522967082293864 0.06168293467536325 0.0669007096771285
0 0.14279800254618738 0.8946319114963741 0.058430665340545127 0.055817660462916766
0 0.1742292685391877 0.9476862909420442 0.0455488573360908 0.022422963606069858
0 0.21020367854873273 0.8790112196019259 0.047474984006999676 0.05374573821317554
0 0.23021618654523285 0.9057385394943018 0.053724984006999675 0.054036836641598994
0 0.4444883192234596 0.8305160233642515 0.04740225867281787 0.04749573821317554
0 0.4037996845560505 0.8340926335794994 0.0616829346753633 0.0669007096771285
0 0.32323148456400475 0.7717146040099946 0.06800566000954493 0.07344180810555194
0 0.19137240989023235 0.8179452870131027 0.06638861600890866 0.0686815334984459
0 0.20839047127627533 0.43024623386994953 0.06004770934118149 0.060577935070022626
0 0.16677513594050275 0.44628645678164436 0.053797709341181485 0.06028683664159917
0 0.3879603399506841 0.3815476763835702 0.05210794000636332 0.04927656203449331