0 0.15062917115361638 0.24779312626704142 0.034085494985435096 0.04394089754067192
0 0.11276545830063493 0.2600749576491306 0.04484113855894436 0.03775453005422928
0 0.11714072123275868 0.2171243883672898 0.05324467194503919 0.05811248184962743
0 0.21699831723440816 0.27630901170746497 0.04864810015828454 0.06121021077238851
0 0.165233577263538 0.363522665396457 0.033994566772189705 0.04081589754067192
0 0.2557987412910184 0.39296070140261463 0.046721887305303154 0.048701120413308985
0 0.1969322066512823 0.401994812937129 0.05779577962517117 0.05345225292686617
0 0.23975385563506793 0.2998828670936592 0.04162521034569906 0.03461134933607006
0 0.16306435735092756 0.6260544816532356 0.04704013605166191 0.05963862041330899
0 0.2071663276592494 0.21139708401436783 0.048147994985435094 0.04402271077238851
0 0.2622342608870597 0.25234933694123407 0.03229567445232169 0.0361193071815924
0 0.34099209521022666 0.36532658079291397 0.06372753087881237 0.042551114363184706
0 0.36336118870459366 0.4021816861791082 0.03569345909205772 0.04551248789975162
0 0.22322427052047816 0.4920067345801019 0.04654003087881238 0.042451120413308986
0 0.2870905422280905 0.525977734481906 0.04015363855894431 0.037727258976990544
0 0.27765335774663896 0.47435160196834864 0.0472219924781526 0.06588862041330898
0 0.3228976615867049 0.47695897238165763 0.04346049498543501 0.04399543969514959
0 0.3307950781214678 0.5277947645361353 0.07797188730530316 0.048882927594901204
0 0.34599652929596675 0.5692964633064713 0.04024456677218975 0.04085225897699054
0 0.3735986920698059 0.5874288397699045 0.040380959092057724 0.04553975897699036
0 0.3256923894833812 0.5957453338179761 0.04515938730530315 0.048692030054229285
0 0.2749194996707956 0.6220169423274283 0.0499378155185485 0.051844301131468026
0 0.18297970374828842 0.5324044756031114 0.04359688730530311 0.048682939695149585
0 0.16467833313603272 0.5705857316532357 0.05297188730530311 0.04873748184962743
0 0.24533964825886975 0.6718533158639952 0.03711956677218975 0.04083407825883114
0 0.291896399512511 0.6830635266363837 0.04088106426490725 0.06272725897699054
0 0.2347825814866801 0.7124237737095175 0.039045779625171126 0.053343168617910844
0 0.28166594167409453 0.7392635296614458 0.041761602665567034 0.039298849336070064
0 0.19964305186150894 0.7653533309893057 0.0751651360516619 0.05980224687674198
0 0.24780776722177283 0.7750101321207739 0.07070495658477531 0.06758747579950324
0 0.14595811071613984 0.8111425539601385 0.072449313011266 0.07384656615858276