0 0.8005206121236895 0.4149314139560828 0.06272725897699054 0.04160917984777566
0 0.8767058622218855 0.4766554811425577 0.05337043969514994 0.04435217787060921
0 0.42736036807561784 0.3824915760465423 0.05803975897699054 0.04141817885919243
0 0.46300697658507006 0.4310272351340713 0.047211343285945874 0.0597225098858317
0 0.377265440186129 0.26659200342286005 0.07693520472226431 0.06718218281352514
0 0.55590806977282 0.3046146323586022 0.04555793969514958 0.04403384288963732
0 0.6752711481298472 0.3286503571497313 0.09101588544042354 0.07088018577927473
0 0.5426803201656035 0.5644671348300602 0.05335225897699036 0.04122717787060921
0 0.604126359393215 0.6088272884803817 0.04082498789975162 0.03603034190105418
0 0.6400138624182772 0.6159566975679107 0.04568520472226432 0.06590884288963732
0 0.6782587509819586 0.6206468561611482 0.050263620413308986 0.04734984387822046
0 0.6441877571302788 0.7040469465793275 0.07694429508134401 0.06874468281352505
0 0.7305343232888615 0.630232761788636 0.045530668617910844 0.03934634288963732
0 0.7756150191323312 0.6682301688989987 0.04560339149054773 0.05184634288963732
0 0.8686292209277294 0.6566294826254323 0.05498748184962743 0.053790844866803765
0 0.8463542451282262 0.7262708205721539 0.0878454336450254 0.06294035178688588
0 0.7814877692305271 0.7328192509142211 0.08462953005422928 0.04718801779449713
0 0.7586224409716958 0.7696799223590398 0.11448974687674215 0.07808519072219049
0 0.4838446338882994 0.8769472301911556 0.03610112646343318 0.029589340912470875
0 0.8255695673369331 0.6740053250207781 0.05814884328594587 0.060168178859192525
0 0.5089628085563345 0.8556160582520451 0.054923849336070064 0.04285334486680377
0 0.5683378085563344 0.8531967123966584 0.07058521077238851 0.04974001482874755
0 0.5759457754770431 0.8880346274156864 0.06899543969514958 0.044988847832553344
0 0.5733838568591322 0.925630127909978 0.09562157220870696 0.0570086867678576
0 0.5172747574248663 0.903703389772976 0.08624657220870695 0.05662668479069168
0 0.5068821580887962 0.9447422252482397 0.07687157220870695 0.05624468281352506