0 0.27824673964166574 0.5345214875069682 0.05288095909205772 0.04561248184962743
0 0.32397677678868425 0.5472896530998168 0.06078438730530315 0.048782933645025395
0 0.3942702079049235 0.41408224336070065 0.04497753087881229 0.042442030054229286
0 0.2539992459098719 0.5890771773003137 0.10714256175762475 0.08498405405833438
0 0.3452858239648327 0.6474305536655509 0.07369356426490725 0.06291815651766228
0 0.36361828681781416 0.6350350927949665 0.07373902837152997 0.06448065651766247
0 0.40864128180324927 0.5915396228491959 0.060329746239076346 0.033157933645025395
0 0.4352205021780781 0.6448282493126289 0.0832049565847754 0.06766019867214013
0 0.48793632521847385 0.6591998215213359 0.05568771034569906 0.03469316256778665
0 0.49806148297774816 0.6334731136758137 0.05922188730530316 0.048773843285945875
0 0.49432872921682447 0.6006333425985748 0.07190374373179384 0.05509656615858276
0 0.5719225318032493 0.5924895653730159 0.08485838479802066 0.07079428903121965
0 0.5592012229486183 0.5463140021412993 0.03381271034569906 0.03456589754067192
0 0.5013348986545811 0.5209731136758137 0.07029577962517113 0.05352497579950324
0 0.5298379833734596 0.4812884449597069 0.06707985141192588 0.05038179508134384
0 0.599598902415505 0.5543628514773694 0.07204013605166182 0.05978406615858276
0 0.6407527513201482 0.48271511045435983 0.07998902837152996 0.0645170179539809
0 0.548092575218474 0.6595498003459013 0.06569920783841657 0.056622704722264314
0 0.5413508302330389 0.7032679840891226 0.07962531551854841 0.05201701795398091
0 0.50709785068701 0.7257287913689108 0.061148100158284535 0.06128293364502539
0 0.46290758148668 0.7137509661351417 0.0719946719450391 0.05822156615858276
0 0.43096725969992544 0.7104396137740095 0.06082985141192587 0.050345433645025396
0 0.39250415327343474 0.7164668999765589 0.05931281551854841 0.05189884328594587
0 0.3035325814866801 0.7128237495090206 0.09239810015828454 0.06146474082661779
0 0.35386755060786773 0.755311231358648 0.08807431301126609 0.07393746974937905
0 0.6171370580632081 0.35443102917046654 0.06289245658477541 0.0675420240041051
0 0.5913845517950019 0.2995844478865732 0.06615384890464338 0.07224770472226431
0 0.616876296780437 0.2559753484523073 0.06422763605166182 0.05973861436318471
0 0.5654872930195133 0.2228583214231401 0.046858279625171306 0.0533886204133089
0 0.5291406160599091 0.23671174316430887 0.0673071719450391 0.058194295081343925
0 0.558007413631769 0.1845270744482022 0.062483279625171306 0.05347952400410509
0 0.5286465225655421 0.19998390280522926 0.06882420783841639 0.05664088544042354
0 0.48144491363176894 0.18408164685330092 0.06243781551854859 0.0519170240041051
0 0.553553245843365 0.12277196301188371 0.05779577962517113 0.05345225292686626
0 0.4917291957642226 0.15288618900777862 0.0719946719450391 0.05822156615858276
0 0.4529394804039587 0.14328393003078818 0.06078438730530315 0.048782933645025485
0 0.45836877797581843 0.09096290592848723 0.08141513605166181 0.059838608313060496
0 0.4008314111244865 0.1617339481811608 0.06560827962517113 0.05349770472226432
0 0.4261457158889893 0.79558222823539 0.06873327962517113 0.05351588544042354
0 0.6486465046853606 0.6679486285065366 0.07052310015828453 0.06133747579950324
0 0.34091084184501436 0.18013851453613533 0.05279003087881238 0.04248748184962738
0 0.2522120546979958 0.16712036406859712 0.057386602665567034 0.039389752926866216
0 0.2906978931777979 0.16031182786604775 0.05127299498543501 0.044040891490547726
0 0.33952183808409064 0.14731237899751587 0.06671613855894432 0.03788179508134393
0 0.4604347655059132 0.4496293788011242 0.04984688730530316 0.048719301131468204
0 0.3270299174591997 0.684049309715675 0.06381845909205772 0.04567611436318479
0 0.3926907067177893 0.8711816710537977 0.049574102665567034 0.03934430113146803
0 0.3802505426903089 0.8421981530016212 0.050954746239076344 0.03310339149054755
0 0.37677516785491105 0.5319691801289841 0.06721624373179384 0.05506929508134402
0 0.5288999575092121 0.5672350353187866 0.04796613855894431 0.03777271077238851
0 0.2642096010162144 0.10389820140261463 0.07011392319868044 0.0472749757995032
0 0.5913568419115214 0.6496435352205907 0.05917642319868044 0.047211343285945874
0 0.4436253502247916 0.4096810896717086 0.051091138558944316 0.03779089149054773
0 0.3614396728694761 0.5756373668972674 0.06547188730530315 0.048810204722264314
0 0.25608693164496465 0.6515999031980128 0.05623327962517113 0.05344316256778647
0 0.48776545830063495 0.2622566438282388 0.05288095909205772 0.04561248184962743
0 0.5426000593168493 0.3649367371141847 0.06542642319868044 0.04724770472226432
0 0.518784474597971 0.40464867690753026 0.06073892319868044 0.04722043364502539