0 0.09311221509366865 0.5496934627994416 0.030914809252765307 0.07186835594746518
0 0.18025370494739895 0.578456949909143 0.05750458279171564 0.07482293758467104
0 0.37617985957378164 0.623849094300362 0.06181025324641087 0.05319359905006031
0 0.1383525771063775 0.5926522467206397 0.03223184740221226 0.057887743102595125
0 0.1848923863591428 0.6653394742194024 0.03516593262955987 0.047114017412854634
0 0.17950150283607852 0.7142306755988834 0.05388865909060954 0.04653416327441153
0 0.18523903408566658 0.7746325870642726 0.05388865909060954 0.04653416327441171
0 0.23701003976770946 0.7445633067611194 0.043087526785361166 0.05377345318850324
0 0.17035041963732578 0.8160012155129752 0.031986385551659155 0.04382524310259513
0 0.26653962702365197 0.826506025553455 0.043278441558013546 0.06471095318850324
0 0.35564303733207747 0.8335173433958507 0.035275026785361166 0.05336401741285464
0 0.42179196306177846 0.9564059667561706 0.049337526785361165 0.05410100180902226
0 0.2917811347342897 0.886369026457966 0.03511138555165916 0.043989017412854284
0 0.5221777467469986 0.9390314382620396 0.03511138555165907 0.04398901741285464