0 0.4808841839592747 0.3112739532659726 0.03170453333863606 0.039789851823611146
0 0.6764517699713649 0.22673921836795197 0.05227157200827239 0.062137630508958354
0 0.26574734325273097 0.6000961446610071 0.03326703333863605 0.03982621941479163
0 0.2628763345799131 0.6453540932742363 0.027071577339272502 0.04436824905006951
0 0.30903371924732215 0.6409581872140627 0.03159544533736351 0.030414851823611144
0 0.3188172519096405 0.6732258265567364 0.039462489337999784 0.03528418977951393
0 0.45126557789627747 0.774772755602674 0.028524989337999785 0.03502961664125017
0 0.5041360392266412 0.7978842537028129 0.048873852005090514 0.03862739532659738
0 0.5193803259070953 0.696649062023438 0.02387385200509069 0.03804551386770836
0 0.4165269512253686 0.8052226685967018 0.04885567067154515 0.03706489532659738
0 0.3698246738940504 0.789287890861285 0.028579533338636054 0.039717116641250175
0 0.42653720321455096 0.8851647417349657 0.04106135200509069 0.03844555737069442
0 0.4509939525780041 0.6637988880114933 0.036464758672817864 0.04614895459715278