0 0.5762980698785608 0.26073606121043297 0.03946529172311397 0.03924659057054054
0 0.6280962652651481 0.20922491108659846 0.027538501809022266 0.04960189371369372
0 0.44670350237484924 0.13116633933219551 0.027456614653892687 0.04803939371369372
0 0.6721993108334493 0.4978657260165759 0.022605340343633172 0.044696069892376046
0 0.6559325016974806 0.5703229228734228 0.030827276119281776 0.05287244292790536
0 0.6239488393275803 0.6006482777119869 0.0354328889641522 0.05152826674922295
0 0.5076034650627493 0.6941329121200558 0.029101001809022264 0.049674668320799496
0 0.49478588252103234 0.7453871970662439 0.025730340343632994 0.04484161910658777
0 0.5835861109243063 0.6718897309789746 0.030417840343632995 0.045059942927905536
0 0.586062657735803 0.713858907157657 0.04530585594746519 0.031725188998963996
0 0.6019056637286967 0.7684543618723867 0.04382524310259513 0.03321491439185813
0 0.5290446958408724 0.7757446311028092 0.024911468792335613 0.029216619106587773
0 0.5392075898934071 0.8048863215495151 0.04415279172311397 0.03946491439185813