0 0.4251581656720761 0.14046842148199973 0.07357327886860787 0.08561384783255326
0 0.5601100183452643 0.10232111714710616 0.08018729991529536 0.09211851581733077
0 0.7065362392648948 0.24779939631030984 0.07201077886860788 0.08555018083635879
0 0.6144166286991988 0.28535379304054914 0.053822220990217676 0.06766234387822045
0 0.6251783654038447 0.4299805435348407 0.06877936305535748 0.11035917984777566
0 0.5682381206655167 0.4292191981737455 0.09176183674699842 0.10350168479069151
0 0.5091137496470642 0.39095785281265016 0.06466871572854593 0.06654551285158128
0 0.42655187862861166 0.35174150250863895 0.05015118942018652 0.0581600098858317
0 0.37678636803468074 0.4206387411399325 0.05858531570031093 0.0959146778706094
0 0.30651791261771716 0.5791104743340185 0.0667772472985769 0.07598417984777565
0 0.4686139071442838 0.806284422470583 0.062256347270341905 0.10541701186299797
0 0.5107790203408158 0.767473931862123 0.0824624314570915 0.13118101581733085
0 0.5046621971009329 0.3011459363107473 0.07468075256024882 0.07786501482874764
0 0.5185096784027327 0.5924248523183586 0.07880681043863902 0.09517984882113631
0 0.426274073663406 0.03919242296487448 0.0556731473268119 0.0459146778706093
0 0.5041183526026011 0.05093768927649687 0.0644867052052021 0.06342051285158128
0 0.46452450256024874 0.09374993037924831 0.055657736775233245 0.07241351087441492
0 0.5103221209478654 0.13068885627269125 0.057766268345264396 0.0818521778706093
0 0.595439844568919 0.2004057900747996 0.06566977360693613 0.08373301285158127
0 0.5257643814006219 0.20847827524605198 0.08460178413027997 0.087622016805914
0 0.45806094190984814 0.22364567741349878 0.06961382096198285 0.09792284684397004
0 0.42205482345164436 0.26114833600673615 0.07301183674699843 0.10273768083635879
0 0.36865680766662884 0.2542961581361268 0.09405237884037314 0.11606535178688589
0 0.2923280680487982 0.4023888068435325 0.0854208314853265 0.10168451680591399
0 0.3533796891378379 0.36668607018940536 0.08413134727034208 0.10630834980971962
0 0.692617223409292 0.3165984758540743 0.10324536831702957 0.11332235376405234
0 0.6422616366622937 0.21478396646253417 0.12766851564384113 0.1579636917107737
0 0.7166862420369051 0.10090715026464252 0.07090330517696727 0.09329901384016445
0 0.8145986392225424 0.2966281685534312 0.08275085779368574 0.10936968281352524
0 0.372879389010781 0.5007573226608633 0.06098227360693613 0.08354201186299796
0 0.45091963097709886 0.6496842539915137 0.08643729991529536 0.09237318380210838
0 0.4197753177664495 0.7037523300752371 0.05593075256024882 0.07710101087441501
0 0.3867731019673165 0.7125397396570576 0.10039338410204497 0.11788251977166339
0 0.34348583355146506 0.7053201472617119 0.08431335779368573 0.10943334980971961
0 0.24341023884137178 0.6731841265014653 0.06566977360693613 0.08373301285158127
0 0.1715954229998865 0.7248156106841345 0.07119173151356137 0.07148768083635879
0 0.26645914391951697 0.8681928789729232 0.06466871572854575 0.06654551285158128
0 0.36132432288694705 0.8510146492388783 0.08457096302712275 0.14061968281352505
0 0.41699819923765863 0.8166515780980708 0.05987479991529536 0.09129084486680376
0 0.442421675418961 0.9544599955699663 0.07439232622365459 0.09108000886006735
0 0.12712800227790008 0.3761725222431214 0.05593075256024873 0.07710101087441501
0 0.16217013118886037 0.4157907791632036 0.061255289391951705 0.08822951186299814
0 0.28474453925077736 0.24542122383972692 0.06888577886860806 0.08542284684397003
0 0.35660631577089813 0.03401549163422406 0.03821263154179624 0.04052684091247101
0 0.3357316446253887 0.13058940269891942 0.058873742036905076 0.07410334486680373
0 0.20384939697387594 0.422165454562355 0.047845236775233245 0.07209517589344294
0 0.27743038111827323 0.49452988589300545 0.06888577886860806 0.08542284684397003
0 0.15165537834626294 0.6367107742202878 0.0518046946818584 0.059786176882026074
0 0.3165053755742527 0.790733723839727 0.055657736775233245 0.07241351087441483
0 0.2909215466491749 0.7663093853987138 0.039395699943530274 0.06083934091247105
0 0.6611074311041557 0.5249720499606314 0.044629231513561504 0.07040534190105419
0 0.6054988420792574 0.05195104402913231 0.0649571420651398 0.044734179847775654
0 0.6200160544005083 0.930142369618564 0.058873742036904986 0.07410334486680341
0 0.5450685332832338 0.9843908819386726 0.05759966837349921 0.03121823612265473
0 0.08298024403245645 0.742248508402957 0.04913472099021767 0.06747134288963733
0 0.15682653868608 0.83254985623551 0.046009720990217676 0.06734400889724838
0 0.2380303070313443 0.9153570390490355 0.0601632262518895 0.06947951186299832
0 0.34278569646564827 0.9609334772997681 0.04804265785015547 0.048721342889637496
0 0.5750348812594476 0.35857111714710616 0.055657736775233245 0.07241351087441492