0 0.6362152969121079 0.1900207647458617 0.07016865626060227 0.045834563487173074
0 0.5886582506329722 0.16693753964097097 0.06079365626060227 0.045124168466194894
0 0.6200372254052287 0.2176246238740684 0.06531746515360978 0.04079186597668398
0 0.6295957638798161 0.26821661972488353 0.06262897477225664 0.05305506763635801
0 0.7071949742241024 0.3037056790628717 0.06312004809323427 0.06711756763635793
0 0.5761334579820335 0.2322189975244222 0.054761911069925694 0.05090057178554286
0 0.4938839531727101 0.21975304109086347 0.03623016587924912 0.05572978174358649
0 0.4338814705959052 0.19728512262466857 0.06564484736759475 0.05016686597668398
0 0.200411750084818 0.3393262995897259 0.05207342068857255 0.0631637734452168
0 0.20915432222466937 0.4334906966852965 0.056815484390903406 0.06508147095570589
0 0.1820437291182438 0.5942855641118729 0.04667659255827141 0.042496075934727706
0 0.18133689018816948 0.6409829653566284 0.04991071996293313 0.04585787427505359
0 0.1877431468115914 0.6905569128671175 0.05648810217691826 0.05570647095570571
0 0.24655515162091488 0.7012468817482309 0.051964293283910834 0.06003877344521662
0 0.3109425446346732 0.6484663464801594 0.06435516587924912 0.057860966806520864
0 0.3237624923650877 0.7032013906713006 0.07136905771188111 0.08020956348717298
0 0.383045723127794 0.682759758722577 0.06144842068857255 0.06387416846619498
0 0.4647322327464408 0.7014165155710543 0.07254961179556503 0.06939046265733602
0 0.4183681534350134 0.7571211412960006 0.06095734736759475 0.0498116684661948
0 0.3963046696770822 0.8170047041584736 0.0770188569862417 0.06349566016782511
0 0.3781423912844778 0.25227935332863666 0.06419147477225655 0.05317346680652095