0 0.379434056015272 0.0838474008205482 0.026907945337363424 0.03170028589277141
0 0.3969851826861809 0.11379500994875494 0.05354317067154524 0.039963071785542814
0 0.35884029268777173 0.128414539617749 0.03611931333545444 0.018348180913749568
0 0.327063581357408 0.152716722606091 0.02988749466899989 0.019437084233097444
0 0.4983658693507264 0.09047406388815837 0.07707157733927232 0.04955155933798818
0 0.38795945942072324 0.6149198020653037 0.03468408267027252 0.029167281743586494
0 0.5173020614258139 0.6426518705268542 0.06795111600890884 0.07071616431700996
0 0.7442281880967229 0.6567339908532157 0.05036362667090888 0.03503877344521662
0 0.6417662594286775 0.6543328864988938 0.04580339600572696 0.04562107593472771
0 0.5637765247453601 0.537478195836882 0.07881589067472702 0.06529495850815117
0 0.7771032280792236 0.5252229591096291 0.06620680267345432 0.05497276514684692
0 0.7272850414146781 0.544636732554846 0.044022720003181706 0.026752676764564675
0 0.7662299100890868 0.598767202885852 0.05356135200509069 0.041525571785542684
0 0.6462793947326333 0.4373938402331602 0.061392033338636055 0.04368006763635783
0 0.6387668867361331 0.4637670860839753 0.0676965773392725 0.04884116431700995
0 0.8547998720559974 0.34809085143131496 0.059647720003181706 0.02793666846619498
0 0.5650357486871355 0.10809834915622987 0.04880112667090888 0.03492037427505377
0 0.47764483668840807 0.12410370268535922 0.045603401336727245 0.028433575934727708
0 0.49695845802831684 0.17112041264340289 0.06135567067154533 0.040555067636357925
0 0.4904635573679075 0.21774695890913653 0.04273294000636341 0.050071777594401644
0 0.430843109365044 0.20115237737533143 0.049019302673454314 0.053670374275053764
0 0.661929477363135 0.1695668001912039 0.04414998933799978 0.037690176764564674
0 0.5997198313574079 0.13205606741264334 0.07392839600572713 0.047752260997662124
0 0.5548436833624987 0.17298964334737105 0.03466590133672707 0.027604781743586493
0 0.6210323047024074 0.21645437820052402 0.08490225867281787 0.05170605518880329
0 0.5511021600493159 0.3218415404429416 0.06945907200827221 0.06614706348717307
0 0.5385379780394527 0.2500732842191643 0.08942612667090888 0.037998752699292385
0 0.6699970633752254 0.25809650392547023 0.05681362133990877 0.05269987012586892
0 0.6283459127148159 0.3073870315198719 0.04896475867281787 0.04898287427505377
0 0.6059345633752253 0.2629508699021542 0.06762385200509069 0.042591164317009954
0 0.7866214893777708 0.26802576574832504 0.04582157733927232 0.0471835759347277
0 0.7419089733847704 0.3230218416830527 0.07107611600890884 0.07095296265733611
0 0.7086783027132251 0.2895707242564762 0.08333975867281787 0.05158765601864026
0 0.7143748667249973 0.3759342767459871 0.05833975867281786 0.04969326929603195
0 0.7406379220639516 0.41538694043829727 0.08019657733927232 0.0497883576783142
0 0.8136117980585429 0.3699784294406351 0.09929202267663584 0.08089664772027057
0 0.8808816614019515 0.43916521470870656 0.08048747867599956 0.0747883576783142
0 0.94434527207986 0.5172417479021856 0.07865225867281786 0.05123245850815117
0 0.5551731367361332 0.4701014416876971 0.07563634667409058 0.06037066016782511
0 0.6285657307447237 0.5278771302751165 0.06631589067472703 0.06434776514684692
0 0.7139770667568139 0.6105460750863132 0.048946577339272324 0.047420374275053766
0 0.8910480967536323 0.57367026927281 0.08671929734245439 0.07369945435896633
0 0.8364242314210413 0.5832829902285158 0.0787977093411815 0.06373245850815117
0 0.9344986520925866 0.6118205420933268 0.09004429201145392 0.09112375269929238
0 0.9814741967695408 0.6841090165735176 0.0175693080044546 0.034114890871793334
0 0.9730708034293137 0.6339197624243327 0.04106135200509087 0.040578378424238615
0 0.8732707980983136 0.6586848093147661 0.06934998400699968 0.05677206348717299
0 0.8091901167647683 0.6619766752914502 0.07405566534054522 0.05868976099766208
0 0.8884781747692226 0.6888100171982176 0.06455339600572714 0.047041865976683896
0 0.76402416211804 0.812403650396341 0.06618862133990877 0.05341026514684692
0 0.7224997334499946 0.8053849784056609 0.04580339600572714 0.04562107593472788
0 0.6822196314449039 0.7709041572448182 0.08026930267345414 0.0560383576783142
0 0.6045582554503127 0.8166678657529693 0.07885225334181775 0.06841995850815116
0 0.6386883547899034 0.8602160335944644 0.09591248400699967 0.05878484937994451
0 0.6945116407940397 0.886481613053677 0.1038704346753633 0.07187684523075966
0 0.5156690254614487 0.9055070680373433 0.09614884134309047 0.0790973493799445
0 0.5311656614417223 0.7588921771655499 0.0770715773392725 0.04955155933798814
0 0.4689565627784494 0.788628143972071 0.09126134667409058 0.06155465186945541