0 0.0859375 0.5092786466091779 0.071875 0.04709763192686935
0 0.08671875 0.5654922593056249 0.0640625 0.06548375889134021
0 0.01875 0.5952204547147296 0.021875 0.027581344499482085
0 0.0453125 0.6619520363939302 0.0578125 0.05894266046291676
0 0.2015625 0.6265495756833444 0.0671875 0.06406680810555195
0 0.15078125 0.7031335004142848 0.0734375 0.0643579065339754
0 0.17734375 0.7831463320934852 0.0375 0.053309090570540715
0 0.2296875 0.736177132755439 0.053125 0.06653683664159918
0 0.275 0.7864104191493692 0.0296875 0.04825771753501122
0 0.309375 0.7785593777930402 0.046875 0.05999573821317572
0 0.3640625 0.8486685165443353 0.0453125 0.030235463606069858
0 0.40390625 0.9343127640631359 0.0484375 0.05069351282028158
0 0.33671875 0.9335358221686878 0.059375 0.05432793507002245
0 0.58203125 0.9557039588530681 0.0625 0.03259848428423453