0 0.5439248108996949 0.2820507503045418 0.04846624373179385 0.05769138648947969
0 0.5602113889546557 0.225389740125509 0.04980142319868044 0.04997901603912895
0 0.6155437466347877 0.22425683913805988 0.05131845909205772 0.04851664558877831
0 0.6645364907622929 0.43404165175341625 0.04760242570596294 0.02800388648947951
0 0.6984712215619631 0.44791318707087663 0.03523881802583091 0.031890350092285046
0 0.7148691113745487 0.4754769825673698 0.05118206677218975 0.04382914558877822
0 0.7939715896669364 0.5140772100498359 0.05159124373179384 0.05789164558877822
0 0.6905427127864744 0.523824844998156 0.08141513605166181 0.06448160703211521
0 0.685148170624891 0.579624262024734 0.0447956744523216 0.038741127390180985
0 0.5958667102791919 0.5395919424695474 0.046585494985435 0.046653756939830336
0 0.7047369080884787 0.690050622296052 0.09276181301126592 0.07924501387966068
0 0.5898787862225816 0.6553974151716515 0.07204013605166182 0.06388082973421945
0 0.5793875671013942 0.6968339435492816 0.06846049498543501 0.04805557063492074
0 0.6325316359851548 0.5668949221114818 0.04805706677218957 0.04362888648947969
0 0.5281791051063425 0.5180988718346267 0.040380959092057724 0.047815738741233106