0 0.8995296724072578 0.22085380870915575 0.1135911385589445 0.0420840237259962
0 0.8460038556350679 0.26361165308166784 0.05347199247815269 0.06772601087441492
0 0.8966223180923378 0.40122705821486415 0.07208560015828454 0.06380251482874755
0 0.8369063372926678 0.41536515407025104 0.05913095909205772 0.04766817885919252
0 0.8535422563347131 0.48725740011591834 0.047585705331134064 0.07997134288963732
0 0.9415340013201483 0.4399738818271296 0.06497178213245362 0.03386034684397003
0 0.8440786766303997 0.5711376515987932 0.03818196159934004 0.02496550790866543
0 0.7171835560181441 0.6145440947924417 0.045386707838416564 0.058032675893442943
0 0.6992315263929729 0.6683375982524827 0.06211956677218957 0.04310801285158128
0 0.794802439166812 0.6823908279865277 0.0488299565847754 0.0690975098858317
0 0.8559588995125111 0.6455646486330435 0.0865285333860946 0.023814184790691684
0 0.5989002204413358 0.4960726204956042 0.05904003087881247 0.044543178859192525
0 0.44072635609728633 0.595376236616946 0.05632420783841656 0.05847834486680377
0 0.5111752484171543 0.5878237217881985 0.06556281551854859 0.054172846843970036
0 0.5754878010035791 0.5766196249442285 0.06873327962517131 0.05586268083635879
0 0.4633993264721152 0.647514398175933 0.07323892319868044 0.0498036818249421
0 0.4888706879131709 0.6839320592406284 0.08587531551854859 0.05500051779449713
0 0.3756803661264162 0.6854229164647218 0.040380959092057724 0.046904174904859805
0 0.6461292584462843 0.6697210261230919 0.0722674565847754 0.07005251482874755
0 0.5809528878340287 0.7106126229670621 0.044568353919208194 0.029907675893442943
0 0.5450321082088573 0.7651382968833387 0.03693771034569906 0.035839340912471054
0 0.6468219287419708 0.7531874421307032 0.06497178213245362 0.03386034684397003
0 0.5699351683171295 0.8210872079480339 0.03988085391920819 0.029716674904859984
0 0.6530288131442801 0.8348685236516342 0.09846624373179384 0.05863485376405251
0 0.48315423383567796 0.7731218932330172 0.05904003087881229 0.044543178859192525
0 0.3278446082088574 0.7739880093543592 0.08895485141192587 0.05356535178688589
0 0.24730766204892335 0.7796106096583703 0.05679556927947216 0.021042011862998145
0 0.187279444181377 0.7508436225099515 0.052335389812585564 0.02866351087441501
0 0.12862350969992548 0.7017323018634356 0.07126724623907629 0.03567751482874755
0 0.18849025468536054 0.6555947895061459 0.06796038981258556 0.02930018083635879
0 0.16175190993735228 0.6090845454376449 0.052380853919208284 0.03022601087441501
0 0.16610444081616466 0.5667697114452561 0.0749378155185485 0.0545548488211363
0 0.23361018956252347 0.5530945306088974 0.07788095909205772 0.04843218281352524
0 0.31680913446881626 0.5364389298105946 0.06216503087881238 0.04467051285158128
0 0.6602636177757688 0.5325884406478284 0.07489235141192588 0.052992348821136306
0 0.4309602141731297 0.4482929895826956 0.08601170783841657 0.05968801779449713
0 0.3133993264721152 0.6536264298105946 0.09952863855894431 0.04151102076024671
0 0.6840661452893689 0.3045443536896902 0.04787521034569906 0.0362850098858317
0 0.922527937055241 0.5031742187852679 0.0563696719450391 0.060040844866803764
0 0.9089752170761235 0.29850130623769777 0.03886392319868044 0.04840300790866543
0 0.9534753748353978 0.27093738034425485 0.04787521034569906 0.0362850098858317
0 0.9618501644896987 0.3049303783670885 0.04635817445232178 0.03778384288963732
0 0.7237016436400163 0.44416792779624725 0.06859688730530315 0.05117518083635879
0 0.7312293356433152 0.5609097588228865 0.06381845909205772 0.04785917984777566
0 0.38014655727178526 0.639201832472333 0.07461956677218966 0.043617348821136305
0 0.09907475052872541 0.7786277242968375 0.05403428213245363 0.03341467787060921
0 0.14182454018302643 0.8112200484033945 0.05265363855894432 0.03960101087441501
0 0.2639579529568656 0.8241909392021348 0.05863085391920828 0.030480678859192523
0 0.24353545585985947 0.6947090276431478 0.06216503087881238 0.04467051285158128
0 0.1506743544479337 0.7484335469205197 0.056096887305303156 0.05066584486680377
0 0.5847060251393316 0.6620796224727705 0.05279003087881229 0.04428851087441501
0 0.33616322506018936 0.7026395913695815 0.05131845909205772 0.04734984387822046
0 0.43039895836714204 0.7089439880998208 0.05122753087881229 0.044224843878220454
0 0.5806286274091873 0.7753927059708676 0.048147994985435004 0.0456600098858317