0 0.5674030642136751 0.6144319667980722 0.04706589754067192 0.034449411069925696
0 0.5811883082617468 0.6615971434770944 0.03457498789975162 0.03557540145127884
0 0.5218405793389858 0.658983064165667 0.043949987899751616 0.03590278366526398
0 0.5684428685665972 0.7042211530957413 0.054942030054229284 0.045659729581580065
0 0.5642911788714475 0.7465450623515685 0.0314318071815924 0.03234127404661713
0 0.5328321006126163 0.7835738363981857 0.025163626463433175 0.028998019237293705
0 0.5252286788714475 0.7479091549098399 0.0314318071815924 0.03234127404661713
0 0.5081775342576418 0.7250718556354793 0.04393180718159222 0.03277778366526398
0 0.4668394619507389 0.714799043747247 0.028252265027114733 0.022857146641955418
0 0.48026563681516576 0.8236829704262693 0.03137726502711473 0.02296627404661713
0 0.4660940525062102 0.8429240437472469 0.023528403590796287 0.016443455534962938
0 0.44403270014507806 0.8757191855798789 0.02521816861791084 0.03837301923729371
0 0.40357132660851125 0.8490128418404812 0.0439408975406721 0.03434028366526398
0 0.42652703757729143 0.9310068863055184 0.05019998789975162 0.036121038474587405
0 0.3802161607210749 0.7014210792266095 0.03144998789975162 0.03546627404661713
0 0.33725650108015454 0.701359081040708 0.018886355386194254 0.02409226442797028
0 0.2604258354873058 0.7501264524549199 0.040806807181592394 0.032668656260602266
0 0.28498599483363857 0.5563392469199571 0.05175339754067201 0.034613102176918174
0 0.3196513654433392 0.6394865636175128 0.059674981849627426 0.05363592068857237
0 0.276456398228043 0.41135412913394226 0.05962043969514967 0.04426092068857255
0 0.6527290484991894 0.1795088405745368 0.03154089149054791 0.05109127404661713
0 0.5251807654198981 0.21911203231450158 0.03619203005422946 0.0450049651536097