0 0.42371821598504616 0.11262882766965601 0.023710220003181702 0.023573855386194255
0 0.40983698197804647 0.16411405961747927 0.04424089600572696 0.042442030054229286
0 0.5247080039783647 0.16243845100983118 0.036592028007635946 0.05645907825883123
0 0.4063750799650016 0.26019417407885986 0.05844884667409058 0.055023843285945874
0 0.3829006699554566 0.3303748638722054 0.04745680267345431 0.050272710772388506
0 0.4067376119510023 0.3633282644379395 0.04745680267345413 0.050272710772388506
0 0.441902952617775 0.3627515475172308 0.04271475867281786 0.04555793969514967
0 0.5055478292886839 0.3318697070599554 0.06618862133990895 0.048819295081344014
0 0.5026222766152296 0.38185607152133594 0.044259077339272326 0.04400453005422929
0 0.399742177275639 0.42735440300162103 0.0616102093411814 0.058167024004105096
0 0.48281775926959386 0.4723719872123805 0.07089430267345413 0.05040906615858276
0 0.5008768685948669 0.531856071521336 0.07260225334181776 0.06291815651766246
0 0.5770944705999576 0.4947969539366975 0.02249316534054522 0.053252265027114734
0 0.6344524372613215 0.5341957972226432 0.06478975334181776 0.06287270472226432
0 0.7264126705920034 0.5542633784083406 0.042769302673454135 0.05024543969514959
0 0.6854149532543218 0.5860582790722706 0.05248974801081765 0.07998748184962742
0 0.5378041565881855 0.5812929901392467 0.06166475334181776 0.0628545240041051
0 0.47284222792013997 0.5910719902374426 0.052289753341817756 0.06279998184962743
0 0.5763939419160039 0.6221452491162373 0.06311816534054522 0.05348861436318479
0 0.6144297439131404 0.6434617129136878 0.05684998400699968 0.05188975292686635
0 0.530971806572277 0.6984486738824681 0.05056362133990877 0.04872839149054773
0 0.627028646562732 0.7693247761454044 0.06633407200827221 0.06131929508134402
0 0.7005928685550961 0.8260065682016862 0.07229317067154532 0.03635565651766228
0 0.6668911252387316 0.7008020351223949 0.047547709341181486 0.058085210772388506
0 0.6349951405554142 0.8232810231203423 0.04275112133990877 0.048682939695149585
0 0.6790536758832326 0.8641650983541116 0.03964430267345413 0.05022725897699019
0 0.5247019832113693 0.901550947984769 0.0551965773392725 0.044068162567786826
0 0.5224031392027787 0.9648231076256895 0.0694590720082724 0.06133747579950324
0 0.44653152987750566 0.9050026800307881 0.04100680800445424 0.033048849336070066
0 0.45685086453696044 0.9581913125443455 0.08343066534054522 0.05360678903121965
0 0.34467867588323264 0.8622197615110732 0.039662484006999676 0.05178975897699054
0 0.34107187054427834 0.903607830792914 0.04107953333863605 0.039298849336070064
0 0.2962326325589141 0.7955271652000653 0.06933180267345422 0.05039997579950324
0 0.3503479678946867 0.7778720325883122 0.052217028007636036 0.05654998184962743
0 0.40583489922823207 0.7766322403356385 0.03655566534054522 0.053334078258831144
0 0.47224114922823207 0.7770185805965223 0.05381589067472703 0.05968407220870695
0 0.5300172865611412 0.7804799238824681 0.0679329346753633 0.06445338544042353
0 0.3139666672501856 0.6143680687908615 0.05681362133990877 0.048764752926866176
0 0.2977144112428678 0.6681834152000652 0.04749316534054513 0.05339771077238851
0 0.3181627239020045 0.72377488504764 0.045839758672817865 0.04557612041330898
0 0.21745419923618625 0.7169385568870048 0.06807838534372675 0.07695338544042371
0 0.38941156257959497 0.6437152012062229 0.07728975334181776 0.06294542759490121
0 0.3841058972390498 0.696812930128984 0.05677725867281787 0.04563975292686617
0 0.4626217959102769 0.663673698082965 0.0741829346753633 0.06448974687674199
0 0.5720678792170963 0.8596361587571575 0.07107611600890884 0.06603406615858276
0 0.7034366052275958 0.7830514537403056 0.06468066534054522 0.05349770472226432
0 0.7163098699077315 0.6839008814334028 0.06322725334181775 0.0628636143631848
0 0.5940803339035954 0.7136605834251927 0.06478975334181776 0.06287270472226432
0 0.4351064179265034 0.543974276439992 0.05056362133990877 0.04872839149054773
0 0.6790569599379573 0.46101282727687265 0.03964430267345413 0.05022725897699054
0 0.7594593385582777 0.8029099566671718 0.05694089067472685 0.05970225292686635