0 0.26809625602895937 0.5894930968013619 0.03354447351689647 0.03499771287323465
0 0.056694580282489915 0.6375160615161819 0.0788241225281607 0.05993201089576328
0 0.014871975106380298 0.5922474841605582 0.029743950212760596 0.06886996832111639
0 0.03917893437331877 0.5287366412175942 0.04201253737886684 0.04491901609154336
0 0.023454653450739747 0.4945037528499916 0.04690930690147949 0.047137079953513704
0 0.010156977956371892 0.4838340506204187 0.020313955912743785 0.07391810124083734
0 0.0387927532665812 0.44777621832111636 0.0775855065331624 0.04910377153942491
0 0.02729592942964022 0.4179958831718225 0.05284077673520511 0.04412134059717552
0 0.050099644900764975 0.4062442821830867 0.06465236188449901 0.057386165102807675
0 0.044674453566955284 0.3603308486429472 0.04012225544788164 0.04012225544788164
0 0.1059779403254035 0.348131133423924 0.05887225544788164 0.041433383171822415
0 0.05009928092257902 0.2939792289647781 0.04960651609154336 0.04234031930985207
0 0.09802868253173336 0.293405428596461 0.06352690445914595 0.06352690445914595
0 0.447028547266224 0.20868512923655008 0.048371798022528625 0.046918558666190345
0 0.4626921160718728 0.31026940856964524 0.07911905347041034 0.08638525025210156
0 0.2367380873198554 0.9256655435830531 0.046918558666190345 0.048371798022528625
0 0.1300610244662912 0.6324404314464526 0.07235560124083724 0.05636996832111638
0 0.223751040305733 0.6735349610316493 0.05313570767745457 0.07057457995351371
0 0.14671755480779253 0.3156517691936365 0.067853771539425 0.0809329257464694
0 0.4594846246218477 0.14282518245485876 0.040012994804219916 0.038559755447881636