0 0.3915453467138615 0.36796426447217845 0.008012494668999892 0.017596935775648782
0 0.3802351293761798 0.33535980438627017 0.03497498400699968 0.05336401741285446
0 0.43426864871099796 0.34912241123824667 0.05219884667409058 0.057389776119281775
0 0.42381295404995223 0.3899554511523384 0.08628294533736351 0.034191293532136416
0 0.34738571936663487 0.26336861770611025 0.04436816534054513 0.05541784034363299
0 0.4558436567074981 0.3244875814100632 0.06778748400699967 0.05508364767057934
0 0.4034175433640895 0.24756655529078136 0.06464430267345414 0.05335737336031983
0 0.09650666140195138 0.5102182049975256 0.05704997867599957 0.07169793758467105
0 0.16864529073836035 0.5366412641334942 0.07736247867599957 0.07276247060135788
0 0.06182367341658708 0.6161473004295412 0.036355670671545236 0.03782090456798422
0 0.0848162780871778 0.6462409141789227 0.041024989337999786 0.03650406603337366
0 0.05000602076699538 0.7412325096109385 0.05385225334181778 0.06528416327441153
0 0.09115773209735915 0.7215275192218769 0.036810204010181334 0.07688340456798422
0 0.12333388542326858 0.6685596494796016 0.044477253341817756 0.06479284034363317
0 0.1517043334261321 0.6911273682719372 0.039662484006999676 0.05360967887824373
0 0.17307080342931375 0.7156703448661889 0.04244203866963625 0.02408595318850324
0 0.24157535542645023 0.698179629691898 0.041134077339272504 0.04587906603337366
0 0.27862082208781414 0.661082421415012 0.04449543467536321 0.06635534034363318
0 0.20571003341817792 0.6353996687014785 0.04905566534054513 0.05566350180902226
0 0.2142503341024498 0.7654556608995624 0.06944089067472685 0.0629780348257091
0 0.18098384810626783 0.7918200870642728 0.07249316534054513 0.056891809135968606
0 0.2176758734484038 0.858547241632257 0.07412839067472685 0.06322369629109836
0 0.2456286981221762 0.9123240168470275 0.05993862133990877 0.05154921189493038
0 0.29581051145763065 0.9305694058111798 0.07877952800763603 0.06034435775648746
0 0.1267968821212217 0.8990693430571663 0.05686816534054513 0.056072937584671224
0 0.19475654145444898 0.9018501843053107 0.04251476400381797 0.03033595318850324
0 0.3234349774426768 0.8219280681810801 0.09144316000954503 0.0750619549975255
0 0.16086334679340325 0.9414549168924562 0.04578521467218155 0.042999727498762755
0 0.17822356946208498 0.9571994255988834 0.05176249466899989 0.019889776119281777