0 0.4634798180052945 0.8425117703898678 0.04259656615858276 0.07055793969514959
0 0.42630655005131357 0.7641731469514967 0.03471134328594587 0.05801248789975162
0 0.39795883625386297 0.7257282704880637 0.040979524004105095 0.06117384933607006
0 0.3703151044042356 0.6740066892041703 0.029923849336070063 0.040797716822512695
0 0.3677668213249442 0.638836803665551 0.026698855386194254 0.023592036104353474
0 0.33042135742929774 0.66518113504764 0.04569429508134402 0.06588862041330898
0 0.29599636045435984 0.6563873971478886 0.05970225292686617 0.056595433645025395
0 0.30880036660267984 0.5744334152000652 0.034638620413308986 0.04551248789975162
0 0.2773140172666098 0.5336266080184728 0.03625566256778665 0.05489657825883114
0 0.36670324931262893 0.45602430366555086 0.03309430113146812 0.048628397540672094
0 0.46528112899751595 0.3464452914671067 0.0613920179539809 0.0784795240041051
0 0.3921208849494443 0.3936742945903647 0.06769656010845856 0.08789088544042353
0 0.2814071405085891 0.7000510387366321 0.05803975897699045 0.039398843285945874
0 0.2461008995837754 0.6740652556573408 0.06136474687674198 0.07379202400410509
0 0.46526905610143776 0.7472129059284873 0.02688975292686635 0.056404536104353656
0 0.4430486224564124 0.6877106409013726 0.03612839754067192 0.03302157825883114
0 0.40508501414335185 0.6078049722834618 0.04405907220870695 0.05337953005422946
0 0.42028380902830415 0.8031992855151783 0.04565793364502539 0.05963862041330899
0 0.38844345656897605 0.8358254331540461 0.04249657220870695 0.05337043969514958
0 0.3606951855899331 0.7661351018701529 0.028443162567786652 0.054851126463433174
0 0.33826619456692353 0.8050657916634985 0.02999657220870695 0.0532977168225127
0 0.3059167819991369 0.7501919393023663 0.050345433645025486 0.059665891490547907
0 0.4968599445669235 0.8059884631100797 0.026744307181592396 0.0314045361043533
0 0.4941667366232053 0.8801890323919203 0.022011355386194253 0.023564765027114732
0 0.2921138781137531 0.92901183089111 0.034629530054229286 0.043949987899751616
0 0.3320515142415477 0.5425385205862595 0.02050339754067192 0.03293067466803486
0 0.3966174874087723 0.3608890656676035 0.03146816861791084 0.0376818071815924
0 0.3952206973955939 0.9264867945903645 0.026735216822512786 0.0298420361043533
0 0.35821560108458594 0.8770544211519937 0.028297716822512697 0.02985112646343282
0 0.3646246823684792 0.9044345325883121 0.02520907825883114 0.03608294574527378
0 0.34951276677563053 0.8582544241770556 0.025181807181592398 0.031395445745273774
0 0.26064064343545534 0.7561783188890573 0.029923849336070063 0.040797716822512695
0 0.24955315251064167 0.7303334363755 0.02836134933607006 0.040788626463433175
0 0.2536361436318471 0.6264544574527389 0.029914758976990453 0.0392352168225127
0 0.41803044173825316 0.6844401951560987 0.02991475897699054 0.0392352168225127
0 0.3451145956236369 0.5051157886384363 0.0298602168225127 0.0298602168225127
0 0.34917538172799045 0.5317010145361353 0.028343168617910842 0.03766362646343317
0 0.37556516490547764 0.5021680506404888 0.03144998789975162 0.03455680718159222
0 0.5361839814568439 0.3140464028052293 0.03461134933607006 0.04082498789975162
0 0.446290234481906 0.30492995715815124 0.031486349336070064 0.040806807181592394
0 0.4197368248409856 0.30633792105379776 0.03938066256778665 0.054914758976990455
0 0.3606310321955286 0.6208271470496927 0.033048849336070066 0.04081589754067192
0 0.5143827460911752 0.595160047419035 0.02676248789975162 0.03452953610435348
0 0.30357251111828976 0.6158078489432866 0.029923849336070063 0.040797716822512695
0 0.3675264476901815 0.7318010084860112 0.031477258976990455 0.0392443071815924
0 0.3478952037403057 0.7144998789975159 0.03303066861791084 0.0376908975406721
0 0.4107855682998821 0.6476805385402404 0.029887487899751618 0.034547716822512696
0 0.4350361345566608 0.6532901891059745 0.03146816861791084 0.0376818071815924
0 0.46722192066101426 0.6800390414671067 0.02361930718159222 0.031386355386194255
0 0.5795219327612627 0.646318547320839 0.03775453005422928 0.04396816861791066
0 0.6265787399428551 0.6778412580932277 0.04101588544042354 0.06742384933607007
0 0.6076242068635637 0.6425759237842723 0.03937157220870695 0.053352258976990544
0 0.48487250809322757 0.6254560805965224 0.03145907825883114 0.03611930718159222
0 0.4725134086589618 0.6496021077238854 0.026735216822512696 0.029842036104353476
0 0.49214919778837735 0.6676844872123805 0.029951120413308985 0.0454852168225127
0 0.2729583153730159 0.590630586941234 0.034656801131468205 0.04863748789975162
0 0.23532195998682162 0.5669749183233233 0.025263620413308895 0.04545794574527377
0 0.47878963797450635 0.3855850595192834 0.03303975897699054 0.03925339754067192