0 0.62421875 0.5477566228571369 0.0359375 0.05876299480421991
0 0.45859375 0.6023070010852807 0.034375 0.0524037341605581
0 0.46171875 0.5622447297979573 0.053125 0.05996486188449897
0 0.534375 0.43763285986768663 0.03125 0.03656021287323465
0 0.6625 0.2310172370874244 0.0421875 0.06545003737886682
0 0.42109375 0.5502417565331624 0.0359375 0.038450494804219915
0 0.41796875 0.5887415278204859 0.034375 0.0461537341605581
0 0.50859375 0.5714669104881052 0.03125 0.03656021287323483
0 0.50078125 0.6149819637064139 0.0328125 0.046044473516896466
0 0.528125 0.4841636524423336 0.0359375 0.061887994804219915
0 0.5640625 0.5199319076381137 0.040625 0.043465776735205
0 0.6234375 0.4821862531789677 0.034375 0.0492787341605581
0 0.653125 0.6004228009493947 0.0390625 0.05116901609154336
0 0.68828125 0.5721831864670057 0.0359375 0.054075494804219915
0 0.67734375 0.7854480109726379 0.0421875 0.05451253737886681
0 0.73984375 0.7576400852261684 0.0375 0.054184755447881726
0 0.765625 0.7933372846057498 0.0484375 0.0658870799535137