0 0.33975870991548635 0.3042467637964224 0.05901263050895835 0.0525716209411625
0 0.2451956647969796 0.5360950073036006 0.06540810087368065 0.058930715096963834
0 0.22706456705743108 0.5959103380667214 0.05574216014423614 0.04626707386326192
0 0.3438883911456255 0.5823308534879968 0.059158100873680654 0.05882162094116268
0 0.3570819882195839 0.746556994721699 0.03899107123840277 0.0647170649348082
0 0.2595699021635422 0.6839421720762531 0.047893292553055564 0.044568206168510115
0 0.13148061654434082 0.6496881286518004 0.03673758700597225 0.03500229139585791
0 0.07693858690906305 0.6549835547885385 0.06413654160312506 0.07140344155801373
0 0.20330433120947985 0.8164995275961402 0.07271145459715278 0.03719208279171582
0 0.24631010201104236 0.8523921631477993 0.07147626291777787 0.05122730925276535
0 0.14737967989895892 0.7288398405023534 0.06046602773541672 0.047911394480112966