0 0.3397345769836349 0.49654398712816905 0.08238737012586891 0.06080026308359247
0 0.23212298652676008 0.4847635949218548 0.07047936597668399 0.06788472099021767
0 0.6300458039626253 0.8068543426439547 0.08922936597668389 0.06897678413027997
0 0.921059122424176 0.6604295797721237 0.0917623701258691 0.06134629465362344
0 0.9136395539626253 0.7903368876505141 0.10833456348717334 0.0747563472703419
0 0.5442389425361116 0.1715384689240791 0.07552206348717298 0.07284523677523325
0 0.2242807174312209 0.14309203441262852 0.12800844606059664 0.10856990514873237
0 0.5007597844428788 0.09481634520420348 0.10857136182749905 0.07788134727034204
0 0.7335382408764376 0.16365183226178534 0.11770956348717299 0.07530237884037314
0 0.6053083423309745 0.26293003739640025 0.10904495850815117 0.08413134727034208
0 0.7310779369370343 0.2658058664626524 0.11624215186945541 0.0969953683170294
0 0.8514855253193165 0.28076446657559184 0.07469326929603212 0.061907736775233244
0 0.9470240908810821 0.34032991139862456 0.08752515601864026 0.08754477360693613
0 0.3631693091374955 0.33980886874055244 0.11624215186945541 0.0969953683170294
0 0.452918893370593 0.36440007408692887 0.09678175684847723 0.08652830517696727
0 0.5195969078927402 0.33305209257336754 0.07973596680652087 0.06686825256024873
0 0.615774090881082 0.3596230268730566 0.08442346680652087 0.06714126834526431
0 0.68132915851744 0.4170113216678545 0.07687107593472771 0.0495897472985769
0 0.6905866819626567 0.46669280325200296 0.10123245850815117 0.08367632096198285
0 0.7113387350768676 0.5541550058969563 0.07024256763635783 0.06475972099021768
0 0.7740279892260524 0.5426567927992465 0.04898287427505359 0.05107665258848364
0 0.9269511570675475 0.5000080192628975 0.061104365976683894 0.06733868942018653
0 0.961067262559412 0.5832986613986246 0.07786547488117605 0.05482327886860805
0 0.6872411520931699 0.7124981269154089 0.15156434523075965 0.11149748407381015
0 0.7556699981491222 0.6214111243551601 0.07710787427505376 0.05271474729857708
0 0.5716152294777903 0.6674425031249461 0.09884116431700996 0.07264781570031094
0 0.4288590444148558 0.6475079766754126 0.06245337842423861 0.04408319994353036
0 0.2918783400558894 0.5691694160250119 0.09415366431701004 0.07237479991529536
0 0.4695772875663785 0.563527818825257 0.1107491684661948 0.06556335779368574
0 0.5428604995990147 0.5365033162650084 0.06761447510489056 0.050606215728545755
0 0.5803614222143946 0.5861092031390636 0.08922936597668389 0.06897678413027997