0 0.42695199007520257 0.184674462744774 0.08979455417661039 0.0878177893919517
0 0.44433638916557977 0.23190577851567218 0.055817660462916766 0.06090667889684287
0 0.47945409780925086 0.26841940216496063 0.044006865177646404 0.041519642065139986
0 0.5667871238640988 0.32755845471109196 0.07249573821317572 0.05097023677523325
0 0.6664661002904502 0.2393597756730747 0.08703342721213972 0.09544827886860804
0 0.7771360806457432 0.16746863609759638 0.07849318114108109 0.07936825256024878
0 0.4904942975615819 0.3677669547816791 0.07042381596343468 0.03994173151356133
0 0.46612784429459425 0.40316612848743727 0.057525709677128486 0.06412268415851478
0 0.5196702212590649 0.414118310015116 0.07820208271265763 0.07311825256024881
0 0.5708474234925953 0.4758517415427949 0.07820208271265763 0.07311825256024881
0 0.35339024979511224 0.4185342522779001 0.06519266046291676 0.06145271046687402
0 0.4149612965281245 0.45893871537561 0.07017125889134021 0.06797572625188941
0 0.3663182812266436 0.5446263154179622 0.05774403349844599 0.06881018415851478
0 0.43478783726528086 0.6723865653473751 0.042517139784752266 0.04299113680346807
0 0.5136234667109509 0.6448600758001316 0.11119867328319835 0.11243835779368574
0 0.6467185647250896 0.4951547493647155 0.046006012820281585 0.050985647326811726
0 0.6556633792407822 0.40402151514973106 0.049785984284234176 0.06523015785015537
0 0.25752105418111965 0.8790552523484874 0.07820208271265772 0.07311825256024847
0 0.27741186911109705 0.9397498286427292 0.043827082712657714 0.07111613680346807
0 0.35149153205521316 0.8461433127871263 0.06148546360606986 0.04877069994353036
0 0.40570384305624907 0.8931695022073128 0.07514985731976367 0.07449874203690499
0 0.46083660690998796 0.7522406653191402 0.04607878742738727 0.05254814732681172
0 0.5023349021952583 0.7358568021226083 0.0483690334984459 0.06826415258848365
0 0.5014551447516602 0.855661067907624 0.050547963606069855 0.04813366311182747
0 0.5943746989282707 0.7780358678229192 0.08630568114108109 0.07982327886860804
0 0.5329470473566941 0.7681911599868811 0.044516287427387446 0.05245714206513981
0 0.7519346418561761 0.7590113939901041 0.08416098428423435 0.06723227360693614
0 0.3779342156774937 0.7325281338196963 0.062285984284234354 0.06595819994353036
0 0.5324355868509961 0.5268836205243423 0.08303513192686936 0.07651626834526422
0 0.45445613606520785 0.5192083574407499 0.0718065334984459 0.06962923151356133
0 0.2744796916895603 0.4813079970868154 0.0739512303552929 0.08222023677523324
0 0.6420418349889694 0.3264579572713407 0.0780565334984459 0.06999325256024873
0 0.7286128817219817 0.3683185045558002 0.10214900496239884 0.0854208314853265
0 0.7700234398275335 0.30336063346676045 0.07431510339082212 0.09003273677523324
0 0.7584010432183558 0.21651308085004195 0.10494867328319835 0.11207433674699833