0 0.7461172129868974 0.20517643861499515 0.07642125889134022 0.06448974687674199
0 0.7319583595960751 0.29105485128097763 0.058578787427387445 0.05032725292686617
0 0.7676026071148758 0.3311167698988885 0.0526198858558109 0.05654089149054773
0 0.6393877158823814 0.31552306527482005 0.042735463606069855 0.04554884933607006
0 0.6138184433421902 0.1262605773750684 0.06802656203449331 0.051944295081343926
0 0.8277610111676517 0.2978639083643741 0.050620738213175545 0.04715680113146821
0 0.8697943457423364 0.4356457094958423 0.053818512820281585 0.04873748184962743
0 0.8369433043860074 0.4698389023142499 0.06675516046291677 0.058185204722264315
0 0.8642121257261255 0.505163323957223 0.04364299214211727 0.031495439695149584
0 0.8668084327982202 0.533311049854922 0.02772689371369381 0.025154536104353475
0 0.8337776089769026 0.5378076523142499 0.03982878742738762 0.05021816861791084
0 0.7571380262642449 0.6061304054375078 0.05389128742738745 0.05029998184962743
0 0.8149869135677978 0.6056854987234537 0.05083906203449331 0.051844301131468026
0 0.7610763554622461 0.6725775620533663 0.040299668320799495 0.02678975897699054
0 0.7822599966947403 0.6875485770804809 0.06566354135632882 0.034747704722264315
0 0.7820951768023642 0.7078656222600206 0.08067211124870503 0.0551420179539809
0 0.7088224966947403 0.6871213302037388 0.05872433664159917 0.05345225292686617
0 0.7575467870176119 0.7483588120533662 0.05301799214211726 0.03154998184962743
0 0.778058340160765 0.760981531900941 0.04840326674922295 0.033085210772388504
0 0.7672642353222008 0.7913957397464634 0.05628854135632881 0.03469316256778647
0 0.8736084346602471 0.739656498625258 0.06482878742738762 0.050363614363184796
0 0.9247000537668348 0.7165098901158057 0.04542381596343468 0.03619203005422929
0 0.8779662948754947 0.7803178600615764 0.04840326674922295 0.033085210772388504
0 0.8464059257689069 0.8035780980595237 0.05003854135632864 0.03465680113146803
0 0.8182616550907424 0.8206065167756306 0.0443707382131759 0.047120439695149584
0 0.7132059739496613 0.8950156434354554 0.06562930810555194 0.0675511143631848
0 0.8222150626581751 0.6518337908779315 0.046006012820281585 0.048692030054229285