0 0.5507368399662962 0.2321541649718922 0.03782725292686635 0.05821529172311406
0 0.6132868369412341 0.23747242876670213 0.04251475292686635 0.05846095318850324
0 0.6022897287263694 0.09347344527504553 0.04091589149054773 0.05212906603337353
0 0.6660022499018041 0.0326792056769238 0.03946247579950324 0.0653584113538476
0 0.5449448613381226 0.04255607643728147 0.06445338544042353 0.07054487336031982
0 0.5444726835468296 0.09572202001484635 0.044122704722264317 0.06635534034363304
0 0.5096755027304745 0.15928323100526579 0.04091589149054773 0.05212906603337357
0 0.47724882211051123 0.09299316768542568 0.026807939695149587 0.04357958163720579
0 0.4127499848746895 0.03322417853955953 0.08174996974937905 0.06644835707911906
0 0.40065905103327226 0.09231813828678352 0.031504530054229284 0.04538774310259504
0 0.37667665036934234 0.13421238919129466 0.04091589149054773 0.05212906603337357
0 0.4564686894987579 0.1480048942796773 0.05663179508134384 0.06857293758467105
0 0.4136953822189698 0.18385054104574552 0.02371930113146803 0.049665807326946254
0 0.38292262607064964 0.26751953414834057 0.036228391490547726 0.051883404567984306
0 0.3369061441228264 0.2832164552246682 0.04561248184962743 0.05393722749876284
0 0.3065368671918551 0.1675848111721335 0.03928066861791084 0.03954717887824381
0 0.24589480386194268 0.2215596602221938 0.044122704722264317 0.06635534034363308
0 0.304102734481906 0.28649858548239304 0.044122704722264317 0.06635534034363308
0 0.2478845507386847 0.2949152730670641 0.0394261143631847 0.06454717887824372
0 0.29116237294739167 0.3457883763009959 0.03145907825883123 0.03757524310259504
0 0.34774417105379773 0.39987168871632484 0.04557612041330898 0.04768722749876275
0 0.2985481469514968 0.406357384102912 0.028406801131468117 0.049911468792335614
0 0.370750399878363 0.4588405749669434 0.036228391490547726 0.051883404567984216
0 0.40575263465485667 0.5648515575540889 0.04884656615858276 0.07285100180902226
0 0.5551895532727674 0.5945313342391976 0.06445338544042353 0.07054487336031982
0 0.4953504240788599 0.3835396025565633 0.030051114363184795 0.06405585594746528
0 0.5394953338179761 0.3147995686353654 0.041070427594901204 0.07869156603337349
0 0.5268413185944697 0.4233081094539683 0.04415906615858276 0.07260534034363317
0 0.7321141049934108 0.24453025497684103 0.044122704722264317 0.066355340343633
0 0.7061384540348932 0.4811195301916117 0.05990224082661797 0.09373671189493056
0 0.6602265112164856 0.5147852012679394 0.040879530054229285 0.04587906603337366
0 0.7212008935336512 0.6522575457954438 0.031504530054229284 0.04538774310259512
0 0.7326883602579681 0.7462155857095356 0.05823065651766246 0.0749048247398008
0 0.7516787338927309 0.6522232462704137 0.044122704722264317 0.06635534034363318
0 0.8275190712267484 0.6584079692466208 0.048810204722264314 0.06660100180902226
0 0.18770207142314008 0.5622123156946893 0.04091589149054777 0.05212906603337366
0 0.23584011045435985 0.6425272574632318 0.04884656615858276 0.07285100180902226
0 0.2827065409761273 0.7729240863869042 0.08503859621281204 0.11848440637700666
0 0.3483679024124458 0.7757348258714545 0.051944295081343926 0.06832727611928177
0 0.42148776072550637 0.8516145731579211 0.04579428903121965 0.08518722749876276
0 0.4063127334999474 0.9297771947092187 0.033139752926866176 0.057969630257724704
0 0.36695025165031997 0.8802618735874624 0.03782725292686617 0.05821529172311415
0 0.19607921544777063 0.9275097670741703 0.05030907220870704 0.055745388964152195
0 0.1793451916400573 0.7377036386254678 0.06768746974937896 0.08945864767057934
0 0.5650781585607658 0.6823212613084191 0.036228391490547726 0.051883404567984216
0 0.16722542407885985 0.4007359051338112 0.0394261143631847 0.06454717887824372
0 0.4957453338179761 0.3170924089789984 0.048810204722264314 0.06660100180902226
0 0.4686192315550398 0.2216094906162042 0.06445338544042371 0.07054487336031982
0 0.437201580792914 0.32875692729636413 0.04884656615858276 0.07285100180902226
0 0.39544132766965606 0.40440538048486746 0.03619203005422929 0.04563340456798422
0 0.4147094781371942 0.4924852346233104 0.047211343285945874 0.06026911465389251
0 0.4778271016737611 0.46104380484055535 0.034738614363184796 0.06430151741285464
0 0.2713094569617595 0.5601751028952476 0.04251475292686626 0.05846095318850324
0 0.13128442066101428 0.6706699468569253 0.058267017953980905 0.0811548247398008
0 0.6041764991162373 0.5521081388526105 0.03942611436318479 0.06454717887824372