0 0.5755497702683889 0.7730036244203295 0.03706766046291676 0.05801248789975162
0 0.43619832589274143 0.7464780067374953 0.03350601282028158 0.04861930718159222
0 0.4611298593911874 0.6807257417103807 0.04331766046291676 0.05804884933607006
0 0.5029877196064352 0.7210962116561512 0.028818512820281583 0.048592036104353656
0 0.4863781083577301 0.7758655248878679 0.03052656203449331 0.05172612646343318
0 0.5121572043049542 0.8093001936039744 0.023694365177646403 0.03918976502711473
0 0.541544989665427 0.9497161153451433 0.03401543507002262 0.05955680718159258
0 0.5116028943373754 0.6702786002198329 0.03655823821317572 0.04707498789975162
0 0.550102583955512 0.38028940447455895 0.03655823821317572 0.04707498789975162
0 0.5668406277930402 0.3059933864223822 0.044734611248705036 0.054932939695149764
0 0.5856398236164297 0.38867407621572775 0.043172111248705035 0.054923849336070064
0 0.6255413856509231 0.33689340759781694 0.04146406203449331 0.05178975897699045