0 0.6052009136130958 0.27125245591982183 0.04579053482570909 0.06924089600572696
0 0.519157193011738 0.19564447593095774 0.03724105042954129 0.055087489337999784
0 0.48659699852966193 0.17100810260186664 0.050314260515449405 0.06617044000636337
0 0.49988821460846405 0.12629503926641217 0.020879066033373483 0.04084317600254535
0 0.5345874412027156 0.14699789059518512 0.048915534825709095 0.0692772586728179
0 0.5014451498182859 0.3349978772676848 0.019814533016686654 0.020530676002545344
0 0.45030869572527144 0.26914615794082086 0.03831222749876275 0.04573067067154515
0 0.4054985639972086 0.4135052326145933 0.03699538896415202 0.05039998933799979
0 0.41371053369405536 0.4657853479471843 0.0354328889641522 0.05038180800445424
0 0.389816010288307 0.48716999928391136 0.034034163274411534 0.05348862667090888
0 0.4451652515818797 0.46932797127627535 0.042999727498762755 0.04578521467218159
0 0.4284214868825586 0.5078273972788206 0.03814845318850324 0.042605670671545325
0 0.4570721093383673 0.5473620646085482 0.031891809135968605 0.07220226400381798
0 0.493292892355054 0.5672654846037756 0.055165534825709094 0.06934998400699968
0 0.4189479895960921 0.580638188613957 0.05352779172311397 0.038099984006999675
0 0.37183065015697014 0.5616432879535476 0.04472600180902227 0.04892839600572696
0 0.37964979420950484 0.531846699952275 0.035187227498762755 0.045694308004454245
0 0.353172503390902 0.5188654419557748 0.0405298247398008 0.05824885200509069
0 0.3353509175698247 0.596463730625411 0.04645227611928178 0.0520715773392725
0 0.3166518272261917 0.5529046346276381 0.026637743102595035 0.031540901336727246
0 0.3325634322691458 0.5581915712921838 0.034532130257724794 0.03319430800445424
0 0.32703272727162014 0.46757566195895645 0.03831222749876275 0.04573067067154515
0 0.32406153550307765 0.5152955466263655 0.02827548620519007 0.06279090133672707
0 0.30388847636710903 0.4436114506285927 0.041273453188503326 0.04264203333863605
0 0.32873134610938426 0.4104898679583201 0.03805992198083885 0.07071248933799978
0 0.3496480336940553 0.46653078262254744 0.04307497060135788 0.07701703333863605
0 0.3530795708946136 0.38284612595482026 0.017672178878243815 0.03924431333545453
0 0.3695533406823174 0.2646137466184113 0.040202276119281774 0.05199885200509069
0 0.4740294787419582 0.28919502860441193 0.031489017412854634 0.034720445337363424
0 0.8926510832190854 0.4906997005490508 0.05738313206674732 0.08186816534054522
0 0.9158296336486267 0.5451508432129601 0.05204053482570927 0.06931362133990877
0 0.9437886165744566 0.7355667578771875 0.032389776119281774 0.051907945337363516
0 0.8589189716174108 0.7420263905554142 0.005096935775648603 0.007867044000636269
0 0.8382888890756938 0.6914542258911869 0.04381859905006032 0.06141021467218159
0 0.8253119335123411 0.8018286518937323 0.028691566033373306 0.04093408267027243
0 0.8121634803238379 0.7597684212285503 0.048424211894930735 0.059902258672817864
0 0.41522436680159913 0.3156762599459116 0.04718926051544958 0.0661340773392725
0 0.37150866632662927 0.34667226861872946 0.04447369629109836 0.07391021467218159
0 0.3758962731786057 0.4005603372851841 0.05409435775648763 0.07870680267345413
0 0.45664606343138175 0.6138137679424117 0.056809921980838854 0.07093066534054522
0 0.464073461101961 0.6809558146085481 0.05244997060135788 0.07712612133990877
0 0.47317074287545247 0.45180411660568465 0.04036605042954129 0.05512385200509051
0 0.506494497963835 0.371680264600594 0.04349105042954129 0.055160214672181594
0 0.5733743815009202 0.2755314232575035 0.03913109905006031 0.06135567067154524
0 0.41550100576575116 0.36570353194622973 0.03823034034363317 0.044168170671545236
0 0.29083295567489414 0.5375705359643653 0.0389673247398008 0.058230670671545325
0 0.8461467339418824 0.8563070665579595 0.040447937584671224 0.05668635200509087
0 0.21075370929293874 0.635436418642592 0.041928550429541286 0.05514203333863606
0 0.3017981111473896 0.5976358792966381 0.03452548620519007 0.06286362667090888
0 0.38193599050060323 0.6053023812858204 0.0483423247398008 0.05833975867281786
0 0.4248848083429991 0.693919438613957 0.05129690637700666 0.08492044000636341