0 0.8719619451053815 0.3510506446787109 0.07284523677523325 0.07311384783255317
0 0.8161207397590051 0.2660336575302921 0.07129814732681154 0.046551347832553255
0 0.7817842661379514 0.33368141395608275 0.10749325256024882 0.07920202174882984
0 0.700572063492998 0.32296143125628834 0.05483868942018653 0.058351010874414924
0 0.6284772556146077 0.3430457795831331 0.059905621018452496 0.03829317885919252
0 0.632513037255226 0.4075711946021611 0.05365562101845249 0.03803851087441501
0 0.5882470977644522 0.39144878749179857 0.042627115756780756 0.03603034190105418
0 0.5897949162367734 0.44516403650321534 0.05338260523343692 0.03335101087441501
0 0.5981387662791258 0.4892496175298547 0.06715667889684288 0.05573534684397004
0 0.5258766294050705 0.4586800498490883 0.05383763154179633 0.04116351087441501
0 0.7990796399990014 0.5184729080245838 0.07709312101845249 0.03899351581733086
0 0.787619224256338 0.5680418265036529 0.07157116311182747 0.05123884783255335
0 0.7009529531390635 0.5037657622829276 0.03637711575678075 0.035775673916276673
0 0.6459546399990014 0.5247122736516341 0.05383763154179633 0.04116351087441501
0 0.6798445216113848 0.558404182739163 0.03564907366340577 0.023275673916276673
0 0.6662601637471118 0.590912935210621 0.0613617052052021 0.06329317885919253
0 0.5666773927004245 0.6012057894689649 0.0650481473268119 0.046296679847775656
0 0.5176182664203001 0.6406157993547966 0.06459312101845249 0.038484179847775656
0 0.5246194243410427 0.6676093808757274 0.0496961631118273 0.0503475098858317
0 0.6107158190370185 0.6212344465793276 0.05365562101845249 0.03803851087441501
0 0.6865278901401757 0.6711442632715107 0.07654708944842134 0.02961851581733086
0 0.706400774383395 0.7046279253247892 0.05411064732681172 0.04585101087441501
0 0.7608530559534261 0.6930564139560828 0.07257222099021768 0.06842634783255334
0 0.8139857612292154 0.7041411525873762 0.06477513154179633 0.04160917984777566
0 0.7163148297015367 0.7618992558571369 0.04758763154179633 0.040908842889637496
0 0.654861390210763 0.7464771857049126 0.04713260523343692 0.033096342889637496
0 0.48395735600989587 0.7635731382901013 0.07202618942018653 0.05905134783255317
0 0.4647670112292154 0.7183707262368227 0.06036064732681172 0.04610567885919252
0 0.6124162849773258 0.7793825276059668 0.03894067363517095 0.05302684091247105
0 0.6617869534214122 0.801532100229649 0.050606215728545935 0.0659725098858317
0 0.6995298771271704 0.8225966753247892 0.07257222099021768 0.06842634783255334
0 0.7729974692064279 0.7923242434998473 0.0551117052052021 0.063038510874415