0 0.4348882796313255 0.6841189073032293 0.04292388555165907 0.04243293969514959
0 0.41816660958366747 0.8365444705349458 0.04147047970746058 0.048673849336070066
0 0.4208024602322905 0.7302899253554062 0.05087275324641087 0.050290891490547905
0 0.47246259740880275 0.9034092627876195 0.037055715096963836 0.06427157825883115
0 0.42993417817192353 0.923185952482769 0.03349433847375849 0.0392533975406721
0 0.535338698464463 0.9710053080653551 0.043087526785361166 0.05180793969514959
0 0.5503826404262184 0.6014240610904172 0.03634660308425523 0.023646578258831142
0 0.5494021619332786 0.2100632628858153 0.038236385551659244 0.04240566861791084
0 0.5867521574690517 0.21843884426790447 0.03343979139585791 0.03612839754067192
0 0.5361248660731939 0.2546672357584523 0.04443183847375849 0.039317030054229284
0 0.5624049480541307 0.31544565447455897 0.03494774431795715 0.03301248789975162
0 0.577416293427748 0.35051100088376275 0.05695911201270878 0.040952252926866176
0 0.4611112293037188 0.25588482299427395 0.06024775324641087 0.050345433645025486
0 0.4465753965120031 0.32783709104645065 0.037219356330665934 0.07364657825883122
0 0.3724969683466701 0.3649830879231927 0.041688668019063256 0.06117384933607006
0 0.4762804874213936 0.3714098290443981 0.03974433847375849 0.039289758976990455
0 0.398591864044599 0.346864346998379 0.03220457386326192 0.0548693071815924
0 0.40996178652788917 0.27727400966436144 0.02880683847375849 0.039226126463433174
0 0.48271171956448605 0.40574392242853985 0.033385244317957155 0.03300339754067192
0 0.5255850121781599 0.41096268755385035 0.0511454886359143 0.06591589149054773
0 0.5513293060096498 0.4576831514494969 0.02406479139585791 0.03607385538619425
0 0.47146452800647254 0.4683030097625574 0.03360343262955982 0.0455033975406721
0 0.591513975246529 0.43792009729296666 0.036892073863261744 0.05489657825883114
0 0.593357118915863 0.5113394165748074 0.03985343262955983 0.045539758976990544
0 0.5706854577966586 0.6466138412428425 0.06671594155801355 0.06288179508134384
0 0.555300191157567 0.7224769044745589 0.06041139448011279 0.0597204336450254
0 0.5258484703785603 0.7538950761175318 0.033548885551659066 0.042378397540672096
0 0.485046192375383 0.7642876754536019 0.05432503571381488 0.06905907220870695
0 0.5231132082036958 0.8210916664766115 0.06186480032431163 0.05347952400410492
0 0.4867393315804902 0.8463007447354428 0.03823638555165907 0.04240566861791066
0 0.5873217585280072 0.767598506933887 0.04925570616851012 0.04715680113146803
0 0.5975365097458232 0.8089411244203297 0.037055715096963836 0.06427157825883115
0 0.6200075734628154 0.7299121545727548 0.04448638555165925 0.042442030054229286
0 0.6557677954596381 0.7398593263139237 0.03360343262955982 0.0455033975406721
0 0.6300938652657103 0.8681206817001179 0.047611385551659245 0.042460210772388506
0 0.5874330324739947 0.9402365762157278 0.0291341209411625 0.05797612646343318
0 0.5823421578793841 0.8738666876520462 0.056051176947516976 0.07844316256778683
0 0.4018109525216528 0.7889882144848217 0.028861385551659246 0.04235112646343318
0 0.5191154549572847 0.8711098471947707 0.041525026785361165 0.05179884933607006
0 0.5164633823085436 0.4860081393492484 0.06408186525911966 0.0909886143631848
0 0.44696335998740916 0.5293768651487516 0.04914661201270896 0.04090680113146803
0 0.47319857752000516 0.5479723290443982 0.03812729139585791 0.03615566861791066
0 0.5321719772751239 0.3468683712970717 0.03979888555165907 0.04241475897699045
0 0.5039378831193224 0.35328199776050484 0.035165932629559825 0.04551248789975162
0 0.6523058303626742 0.8039354618525432 0.030205697240056395 0.0298602168225127
0 0.6573382037394688 0.8289036455957645 0.03031479139585791 0.0361102168225127
0 0.6362308169699936 0.8298076154433393 0.03215002678536116 0.05174430718159222
0 0.5988474139651687 0.5995797599589491 0.03505683847375849 0.03926248789975162
0 0.4368673855549545 0.43647629284184875 0.03042388555165907 0.042360216822512696
0 0.5671025361241473 0.5833598623200812 0.03968979139585773 0.03616475897699054
0 0.4555399245184756 0.7988308470965748 0.033712526785361165 0.0517533975406721
0 0.4966145324706993 0.4595638140172834 0.04643071509696384 0.06432612041330898
0 0.5869237069825843 0.2981172539088249 0.03985343262955983 0.04553975897699036