0 0.21720951273072436 0.46571461355262667 0.028688621339908772 0.04925585391920819
0 0.2702441534054512 0.5235665659807669 0.041170440006363405 0.04805706677218975
0 0.2581895960773147 0.5622115288337484 0.02569089067472685 0.060102425705962935
0 0.23922142007476932 0.5440070981132206 0.01904090133672707 0.025545569279472248
0 0.2184185714114964 0.5696208635526266 0.030142033338636055 0.03992631802583091
0 0.2205083300843143 0.6148878994460041 0.05561474801081774 0.08127874373179385
0 0.25799923941754155 0.6130155108870596 0.030287484006999675 0.052426318025830906
0 0.2974520907463145 0.5782624261681812 0.02074885200509069 0.038091033386094965
0 0.276767420751087 0.6140324416075875 0.028652258672817864 0.046130853919208195
0 0.2724799100890868 0.6485438339274555 0.044277258672817864 0.046585494985435
0 0.3178833167568141 0.6550378748353978 0.03350339067472685 0.060329746239076346
0 0.36067989143058643 0.7061540939565855 0.03174089600572696 0.043096782132453625
0 0.34303840543440445 0.7348019311827463 0.03808180267345422 0.051091138558944316
0 0.31741169676954073 0.7488333389420204 0.031795440006363404 0.04778428213245363
0 0.3052293227641319 0.7093305697416905 0.03317612667090888 0.03220474623907634
0 0.3326736174410859 0.784338929929105 0.0442227146721816 0.041897994985435005
0 0.3189111094445858 0.8105293568887092 0.02543635200509069 0.038227425705962756
0 0.35286848611549465 0.8408018785963215 0.038136346674090583 0.05577863855894449
0 0.3645594167727224 0.77090691574334 0.039607940006363404 0.04801160266556703
0 0.22346915073995116 0.5335242391794474 0.057140885343726744 0.07819920783841657
0 0.27574181743313175 0.7273818877675216 0.02545453333863614 0.03978992570596294