0 0.33589825934727696 0.4636557945498552 0.06614706348717299 0.0708779843909035
0 0.4684856164008912 0.4550397410991433 0.053315176764564674 0.04549603847458741
0 0.5347599666060283 0.36307298510869357 0.05667697510489074 0.048730165879249124
0 0.6081713879720082 0.23161714318339435 0.06254846680652086 0.06451885698624168
0 0.6487381110023065 0.28368064018816946 0.06448947510489074 0.049002984390903406
0 0.6652403719999687 0.35750008610448547 0.06832487012586874 0.058487111795565115
0 0.8372570819580123 0.3448066570632105 0.08373638257342364 0.03564981252120454
0 0.7276084722051056 0.26539692085820854 0.05894987012586874 0.05815972958157998
0 0.7205161773892647 0.16151795270937397 0.06844326929603177 0.060049611795565117
0 0.4390959595570584 0.5607614622432028 0.045147479254075584 0.04053571996293322
0 0.3935116950349113 0.5864410193221117 0.04730197510489074 0.04840278366526398
0 0.43712090769224743 0.6580903300292176 0.038897479254075586 0.04031746515360979
0 0.45432190831694735 0.7514137440943682 0.05352866431700996 0.06887897477225646
0 0.48172578051740855 0.8045759496293311 0.023414189212119397 0.021076391832631814
0 0.48957324669922964 0.7744618636944816 0.047065176764564676 0.045277783665263985
0 0.596414319934665 0.734558604708807 0.06737767676456467 0.04598711179556503
0 0.6187521838367566 0.8031275554344465 0.06290366431700996 0.0692063569862416
0 0.5547964276129792 0.8125819117877159 0.08861405933798813 0.07945437622353531
0 0.7333330568624105 0.6699926516209148 0.06567346680652086 0.06462798439090349
0 0.7761843303076272 0.7213567441791863 0.09592965186945542 0.09373513103285873
0 0.4307328881957228 0.8822718744942548 0.06965057178554286 0.05541667549789579
0 0.40901552801860885 0.4311458841129017 0.05859467261537983 0.053472229581580065
0 0.36258620083448134 0.19888645561978086 0.06555506763635802 0.06306548439090336
0 0.3897299639067359 0.2691815974524128 0.10485436597668389 0.06755457694917481
0 0.38926986785078377 0.355654810791924 0.09810745850815117 0.08134425843752044
0 0.24286938714681564 0.4082019135169964 0.08245914772027056 0.10105655771188111
0 0.6786409437855114 0.41095246831847054 0.07746307178554286 0.055689494009550346
0 0.8772747402517378 0.14283741849595583 0.09727866431701031 0.07040675843752049
0 0.7040041062284217 0.20067965643023827 0.07855197510489073 0.04949405771188111
0 0.9031360713845575 0.648650908877309 0.07050267676456486 0.046096239200226916
0 0.49424447822839035 0.5276240692294445 0.07109467261537983 0.053908739200226916
0 0.3023710898553968 0.8746726509031248 0.05963695435896632 0.08779266587924894
0 0.32619506308618773 0.6440873390148923 0.061459563487172984 0.07071429328391084
0 0.46697862552445357 0.250062064420121 0.05764747925407558 0.04097222958157989
0 0.4412915412913561 0.21955610888515822 0.04599958423309758 0.031215283665263983
0 0.3884732719953242 0.16005213411290167 0.054167281743586496 0.036175602176918266
0 0.6967691788391571 0.06407003383489998 0.04611798340326043 0.03277778366526396
0 0.6735320043728995 0.6725794490811768 0.04983497925407576 0.040699411069925515
0 0.701760057687603 0.47954870089527546 0.04742037427505359 0.04996528366526398
0 0.6978071861118417 0.5199281642347866 0.06354228174358649 0.03650298439090349
0 0.6603062634964618 0.4671925446346732 0.04815408008391255 0.03908234736759475
0 0.8793387607971695 0.3860144996214818 0.04924298340326061 0.032886911069925695
0 0.6128929315384495 0.14996783909971034 0.052959979254075584 0.04080853847458741
0 0.7503920089230697 0.10334335416065281 0.06389747925407559 0.041190484390903406
0 0.6759364605827436 0.09762657829993715 0.04947978174358667 0.03601191106992565
0 0.5272532746946166 0.253725266959859 0.06207487012586892 0.05826885698624169
0 0.5502656448204855 0.3106300313878293 0.06894017676456468 0.04604167549789597
0 0.9066862012586885 0.5926737273889633 0.049716580083912734 0.039136911069925694
0 0.5210965178461394 0.17247526695985899 0.07265717261537982 0.053963302902557686
0 0.5225872402517378 0.13045145806685157 0.06917697510489074 0.049166675497895926
0 0.25271429336594864 0.2090749327542901 0.06484467261537982 0.05369048439090331
0 0.28105462614915355 0.3362921971822604 0.07554537427505377 0.0509474303072194
0 0.6738261570675474 0.5736335175928312 0.050426975104890734 0.048511911069925515
0 0.530218789640971 0.6013443114248961 0.061127676764564674 0.0457688569862416
0 0.8061147483496148 0.4068329419096008 0.059801975104890916 0.04883929328391083
0 0.7999257931654559 0.510248118588623 0.07073947510489073 0.04922123920022692
0 0.6896888780232533 0.6287302453603126 0.05260478174358667 0.036121038474587405
0 0.7090094083169473 0.7603076275742977 0.04682837842423861 0.04215278366526398