0 0.6085218281303011 0.041537780206702915 0.06704365626060227 0.04291667549789594
0 0.6860094549868088 0.24946189681159145 0.049603185116542645 0.0797619110699257
0 0.2760739158792491 0.06270092975906519 0.037212312521204535 0.08245040145127883
0 0.2125744110699257 0.05424109981466554 0.07514882213985138 0.09625993030721935
0 0.02397570253973795 0.06092014183263198 0.04598711179556509 0.06559028366526395
0 0.10689238466105584 0.1785193588003402 0.053526793283910835 0.058050602176918265
0 0.1882812831171098 0.2523685757680484 0.04587798439090336 0.06246528366526398
0 0.24594745017748526 0.2278522146054555 0.046314494009550254 0.07496528366526398
0 0.42039188947037925 0.1957093811176768 0.08337798439090331 0.06377481252120454
0 0.33018106252120455 0.0926810956383143 0.04604167549789597 0.06715278366526396
0 0.464771861247411 0.28231156922944445 0.04275298439090349 0.06235615626060227
0 0.37641868937771206 0.2995139381965857 0.048730165879249124 0.054761911069925694
0 0.5513368438242157 0.30328132285764153 0.04971231252120454 0.0828869110699257
0 0.5440203955456471 0.4512823132389947 0.05483632213985139 0.09555060217691817
0 0.5318800380112513 0.5952133625133553 0.06221231252120454 0.08332342068857254
0 0.32654769726707833 0.5919444856568477 0.0893204495445131 0.0998760036281972
0 0.17691723029937015 0.5079092476377473 0.03935516587924912 0.05443452885594056
0 0.07939738955519729 0.5084052662420688 0.07087798439090338 0.06333830290255768
0 0.0649653565229055 0.5867113155164294 0.04258929328391081 0.05766865626060227
0 0.12279026940692972 0.6784647950980094 0.04971231252120449 0.0828869110699257
0 0.21844007530471227 0.7137971490890261 0.054126994009550254 0.07523810217691818
0 0.2927307471744111 0.6961037068009073 0.04544147477225646 0.04996528366526398
0 0.3087302586071565 0.752063530121885 0.045877984390903404 0.06246528366526398
0 0.10175606150971417 0.8135019940095501 0.045877984390903404 0.06246528366526398
0 0.050334916048885125 0.7040253010884591 0.03946429328391081 0.05755952885594055
0 0.3857912664117048 0.7243229652384277 0.06221231252120454 0.08332342068857254
0 0.3783086378259167 0.8005308011732772 0.08150794954451301 0.09960318511654265
0 0.4260392988958424 0.8490154303920374 0.07740080290255769 0.07136905771188111
0 0.4686608193142625 0.7958829959084668 0.05665179328391083 0.05815972958158007
0 0.5150447459932848 0.7834574069783924 0.061775802902557686 0.07082342068857236
0 0.8410417616023814 0.7339782844678722 0.039627984390903495 0.06224702885594056
0 0.7901861005324557 0.6853845278444501 0.04943949400955035 0.0750744110699257
0 0.6851365019837345 0.7160491960859521 0.07087798439090331 0.06333830290255768
0 0.6512724226723071 0.7741692309323424 0.032668656260602266 0.04171627404661713
0 0.5946677586071566 0.7620486876484315 0.06490080290255769 0.07093254809323427
0 0.6032490957231322 0.672614165415913 0.04647818511654265 0.07965278366526399
0 0.6594966396400153 0.8532664538905003 0.04302580290255768 0.07016865626060209
0 0.7067163800213685 0.8424306468115914 0.057633939925866254 0.08628472958158007
0 0.7590651084218221 0.9673636371081266 0.09200893992586608 0.06527272578374692
0 0.641607212876175 0.5420834172300115 0.04856647477225664 0.050074411069925696
0 0.6665501599736173 0.4742882820208014 0.04883929328391083 0.057886911069925696
0 0.7240079959084668 0.4661508890070431 0.035684528855940555 0.03870040145127884
0 0.7406895536203478 0.5416419623280209 0.056979175497895974 0.06753472958157988
0 0.4462277362898199 0.4439658318433162 0.057415685116542645 0.0800347295815799
0 0.48101694245775495 0.5910962921876024 0.053963302902557686 0.07055060217691818
0 0.22860372667117307 0.42388147721932723 0.08921132213985139 0.09675100362819702
0 0.1730779568857252 0.5990699609772585 0.08068949400955025 0.07616568511654283
0 0.3703621515360968 0.37187008783376596 0.046150802902557686 0.07027778366526398
0 0.468953418959292 0.3573661329317753 0.07416667549789598 0.0681349303072194
0 0.6070337723173366 0.3340973024392215 0.030689494009550167 0.07441964664195541
0 0.5366319922802697 0.3737748721320021 0.04900298439090349 0.0625744110699257
0 0.3185937764936878 0.20776045861500575 0.06522818511654283 0.08030754809323426
0 0.13999011605673434 0.27721231914462646 0.03041667549789597 0.06660714664195541
0 0.3948139921954517 0.04421880298737567 0.09900298439090341 0.06432044954451306
0 0.3945263047166562 0.12535967558271394 0.06462798439090331 0.06312004809323427
0 0.47449654691210785 0.15858389255042218 0.06446429328391083 0.05843254809323421
0 0.524997543916883 0.19702139917384415 0.06758929328391083 0.058541675497895976
0 0.7460292957309815 0.24765634935132938 0.06150298439090331 0.06301092068857254