0 0.5125 0.346875 0.0359375 0.046875
0 0.5078125 0.509375 0.0359375 0.0484375
0 0.48515625 0.56875 0.0046875 0.00625
0 0.50078125 0.54609375 0.04375 0.053125
0 0.55390625 0.62578125 0.025 0.0390625
0 0.4671875 0.0953125 0.05 0.0609375
0 0.53984375 0.19921875 0.0390625 0.0640625
0 0.58046875 0.30625 0.0453125 0.0578125
0 0.53046875 0.2875 0.071875 0.0875
0 0.47421875 0.2515625 0.0265625 0.0421875
0 0.4875 0.45 0.0453125 0.0484375
0 0.56953125 0.50390625 0.046875 0.0609375
0 0.46171875 0.5265625 0.0375 0.0484375
0 0.44140625 0.6 0.01875 0.0234375
0 0.5140625 0.61953125 0.040625 0.0546875
0 0.45078125 0.571875 0.0453125 0.05625
0 0.490625 0.62421875 0.04375 0.05
0 0.46328125 0.6453125 0.034375 0.040625
0 0.43203125 0.6796875 0.0515625 0.05
0 0.4078125 0.6078125 0.0515625 0.0640625
0 0.36171875 0.65078125 0.0453125 0.0609375
0 0.4 0.68984375 0.0390625 0.065625
0 0.33046875 0.62265625 0.046875 0.0671875