0 0.3175009614099056 0.551392767757316 0.031613626670908876 0.032523339923887916
0 0.35242140141626893 0.5968670938410394 0.03017839600572696 0.043397172927693364
0 0.3372872974219959 0.6396912638029834 0.04916475334181776 0.06447367688202625
0 0.38111911342295046 0.6449398379095405 0.04603975334181785 0.06434634288963732
0 0.3815100120941775 0.6785335879095404 0.039535214672181594 0.04221667490485981
0 0.4721895560948138 0.6795284021302658 0.027017033338636053 0.04014483893530461
0 0.4204906960932229 0.6699106630046806 0.03326703333863605 0.040399506920082116
0 0.5076639794318591 0.7054396447158919 0.04122498400699968 0.053217841901054184
0 0.4892230621021317 0.7327661486702246 0.03026930267345431 0.051209672927693364
0 0.4727628154439495 0.7959664856283629 0.028797709341181487 0.058958505931499164
0 0.44016794410404064 0.7488341590503479 0.0255090773392725 0.044768671939110403
0 0.4082003287714497 0.7556080824723329 0.0348840773392725 0.045150673916276675
0 0.42851337611390383 0.8219997450199031 0.036428396005727136 0.043651840912470874
0 0.39151281544394945 0.7992771694304712 0.03819089067472694 0.06090300790866543
0 0.36594010343726796 0.7510770913695815 0.03651930267345431 0.051464340912470874
0 0.4539139127943578 0.92257540657889 0.03186816534054522 0.054398339923887915
0 0.3874332954328136 0.7173732534228601 0.033467028007636034 0.05758700692008212
0 0.2958805000795418 0.5741591057040376 0.05219884667409058 0.05678851087441501
0 0.31121514608526885 0.6157417692401909 0.03971702800763595 0.05784167490485981
0 0.5758737986950896 0.18600921239665832 0.03642839600572696 0.043651840912471006
0 0.5469617420830417 0.5897218028148377 0.03183180267345413 0.05127333992388792