0 0.28679312098989573 0.6226042086150058 0.04247134288963732 0.04673115626060227
0 0.2040761214841873 0.6173685823914704 0.06447367688202617 0.05062004809323426
0 0.1383104945256115 0.4265228383819202 0.058924013840164415 0.06758929328391083
0 0.16684142384191453 0.7631523083448533 0.0507295118629981 0.05794147477225664
0 0.14959557403219495 0.8407862350238755 0.07215884288963736 0.04776786660488845
0 0.08110951228292758 0.7359052728654907 0.04228034190105419 0.042043656260602094
0 0.12551608688377622 0.7789211520842511 0.03947367688202617 0.04974702885594055
0 0.076130193613578 0.6661012043538366 0.05666117688202614 0.05034722958158007
0 0.018372020723065617 0.6193601244094369 0.036744041446131234 0.04991071996293321
0 0.09342914566729404 0.894372537293461 0.07917284684397005 0.06673612141421188
0 0.055064324032194946 0.8374851310328587 0.048785009885831745 0.048511911069925875