0 0.7898536736837973 0.00010584378290475205 0.05777778366526398 0.0002116875658095041
0 0.7790724303072194 0.027559497722099924 0.06748016587924895 0.05511899544419985
0 0.6603670703257528 0.02081594503479426 0.06597222958158007 0.04163189006958852
0 0.5776016995445131 0.06343056633559548 0.05448909255827132 0.04215667889684287
0 0.8407812566234221 0.01432026222699109 0.06123016587924894 0.02864052445398218
0 0.5925099700477512 0.333424547919744 0.05939484736759475 0.04867969468185844
0 0.7959326143274538 0.5094578849490909 0.060629965153609786 0.03939569994353036
0 0.8601563493513293 0.6896844402672325 0.03891865626060209 0.04280912628012423
0 0.7981846282072699 0.7308701533649424 0.037465283665263985 0.04584312101845249
0 0.7542163733979466 0.7271683006917542 0.037465283665263985 0.04584312101845249
0 0.7054986204027216 0.7667992190652534 0.04059028366526398 0.04602513154179633
0 0.706795736374638 0.7142734585419097 0.029434528855940556 0.03913809471009326
0 0.5650695386442234 0.6685121794615403 0.06731647477225663 0.052259720990217674
0 0.5483929593327959 0.7289792426016024 0.059722229581580064 0.05805469468185827
0 0.6395908782072699 0.7401071874246352 0.04075397477225664 0.050712631541796324
0 0.8287005074260302 0.7752803060240133 0.033958337748947895 0.03472361049510884
0 0.7863964455377979 0.819234703350825 0.057614092558271324 0.04233868942018652
0 0.9663220145976062 0.613828324581039 0.05643353847458741 0.05318518415851479
0 0.7177406708582085 0.669014166448535 0.0801438569862416 0.062362763083592475
0 0.7883334238534334 0.62810917441163 0.06391865626060227 0.04426521046687384
0 0.9167684147829409 0.405347966646179 0.05336310217691818 0.05456567363517095
0 0.8609102843830542 0.4422634086972016 0.06112103847458741 0.05345819994353036
0 0.9522842741314351 0.30151033510438274 0.054598219962933216 0.04528167889684287
0 0.8250893131541768 0.156264995514787 0.05530754809323426 0.06559417889684287
0 0.7613219682336526 0.2805362243975124 0.09820437622353531 0.08836382096198285
0 0.6326885367453068 0.29585665848543996 0.059176592558271325 0.04242969468185844
0 0.8620337855641805 0.3623483955430219 0.0567063569862416 0.0609976841585147
0 0.7958284322061359 0.39438662179491135 0.07669147477225646 0.05280575256024882
0 0.6211781509879427 0.5266817242563381 0.09502481252120454 0.08661931043863902
0 0.514853739918017 0.48590407678835196 0.07065972958157989 0.05869173151356133
0 0.7649033583370041 0.5848519980750357 0.0504563569862416 0.060633663111827295
0 0.89479918946253 0.5608468087254364 0.0801438569862416 0.062362763083592475
0 0.8316022742162531 0.6342002797156541 0.08137897477225664 0.05307876834526439
0 0.6300100362819707 0.82442897951801 0.07578373920022674 0.07146474729857673