0 0.7457179635212329 0.36415657893475634 0.11356124203690499 0.07442073138263901
0 0.5695803977503349 0.3877609991469787 0.09444722099021767 0.06773432028847229
0 0.9374959398437095 0.36671461521954785 0.05796368942018652 0.0575228656913195
0 0.8178289109751017 0.4522001331713188 0.11430469468185862 0.06039459897381967
0 0.7298738846667423 0.46204921827742995 0.0801117052052021 0.0627195119678472
0 0.7557622795038925 0.5667724326582284 0.043446163111827474 0.049383057370694414
0 0.5933987873964004 0.5682109121410065 0.09023015785015538 0.048911585106111134
0 0.8396598663920652 0.6131915313477077 0.07974768415851444 0.0564695119678472
0 0.6733600322053157 0.6420283122172563 0.10658319994353035 0.06177526101791671
0 0.8052323875093398 0.6818694493757285 0.0801117052052021 0.0627195119678472
0 0.5453583166179442 0.8572195139646176 0.12137374203690499 0.07460256933854197
0 0.7708900816970881 0.10610768959208268 0.10483868942018652 0.058613893426736216
0 0.7799696791086044 0.1511474326582285 0.12597023677523325 0.07314917211208342
0 0.9181173373116958 0.47171123974458257 0.09186825256024882 0.07703658510611114
0 0.8187396926157199 0.5169347803977771 0.09186825256024882 0.07703658510611114
0 0.4366559637329944 0.5937044874634718 0.1524109104104042 0.1252571859797918
0 0.8687649955147869 0.7966391577726034 0.08240224729857673 0.07525587955902786
0 0.7313321559251913 0.678128159956805 0.09444722099021767 0.06773432028847229
0 0.670652990182528 0.7286925108304855 0.11686825256024883 0.07761846656499997
0 0.7477923428557162 0.7705877636802771 0.06357665258848363 0.04673083605604163
0 0.6094732955006696 0.7878506117041661 0.12404371572854593 0.06686280452090294
0 0.5092905559534261 0.7129434903132634 0.09904371572854594 0.06628092306201391
0 0.4708504112574502 0.7567486949104162 0.09435621572854594 0.06617182028847228
0 0.5199634744680997 0.8109991306058676 0.0926117052052021 0.0630104526972918
0 0.596606358358383 0.47295296352777727 0.06026964206513981 0.043533100873680654
0 0.5581963057416646 0.48945078571611056 0.05062162628012423 0.03862739532659738
0 0.7865620423757235 0.2656820581331938 0.05540013154179615 0.04029899810013893
0 0.6526273871564039 0.3148306857923605 0.05585515785015538 0.04811149810013893
0 0.5681753343985111 0.18416387367201342 0.07791216837349921 0.051745644376666754
0 0.8806712742422207 0.5654255253637839 0.07974768415851478 0.0564695119678472
0 0.7926252426721896 0.5768371104698952 0.06054265785015556 0.04822060087368065
0 0.7736253427145419 0.621750220177291 0.08563366311182712 0.050364982332569495
0 0.7041164795180099 0.5827981293715967 0.09684417889684287 0.055307055470833436
0 0.7210834426157199 0.5192077548465619 0.06283319994353036 0.06075696846486114
0 0.7041340771412878 0.8504032034597909 0.07773015785015538 0.04862064437666689
0 0.636901074510452 0.852748259880555 0.07019067363517095 0.05312630642076392
0 0.7998579739034023 0.21153941879052013 0.06321263154179632 0.04048083605604171
0 0.8579434896884178 0.20550631791683954 0.06357665258848363 0.04673083605604171
0 0.918115879263896 0.31099194529166585 0.06826415258848328 0.04683993882958344
0 0.8516571503811707 0.38041539893888815 0.04115562101845249 0.03684668977951393
0 0.8885656161803037 0.3896988267505548 0.06817314732681154 0.04527743882958344
0 0.644376000423523 0.42971080338354106 0.06559417889684287 0.05457970364722229
0 0.49924551094686664 0.42996798936333286 0.060542657850155376 0.04822060087368065
0 0.5217358899990014 0.5394514389264926 0.09904371572854594 0.06628092306201391
0 0.6250806978773917 0.5198818617041662 0.1191742052052021 0.06362870174736131
0 0.6559252343561588 0.13765058995267304 0.0630306210184525 0.037355836056041716
0 0.6879788711596269 0.09633460572024248 0.08278167889684288 0.05497974715020839
0 0.9371880427992465 0.7068850203297907 0.043719178896842695 0.05407055737069442
0 0.9308162164344175 0.6555407258768742 0.05585515785015538 0.04811149810013902
0 0.9265151242845728 0.6088293800371867 0.05540013154179633 0.04029899810013902
0 0.8812712427427769 0.648891988794652 0.06532116311182748 0.049892203647222286
0 0.7472162192064278 0.8072701460890965 0.08040013154179633 0.04088087955902786
0 0.5939539822900203 0.7328182727983329 0.05540013154179633 0.04029899810013902
0 0.578207884949091 0.7620518311189578 0.055582142065139804 0.043423998100139014
0 0.5717751454018476 0.6849626542572217 0.07506018415851479 0.05636040919430556
0 0.8272446244257473 0.759376200325659 0.06559417889684269 0.05457970364722229
0 0.6454658764918859 0.1698818617041661 0.0556731473268119 0.044986498100138925
0 0.46592550575578195 0.5064220398001732 0.08029371572854593 0.0658445119678472
0 0.4533605324170772 0.8695032680486801 0.07506018415851479 0.05636040919430556
0 0.4606732325017818 0.9582748273192359 0.04575211575678075 0.03539329255305575
0 0.40308824565596135 0.9557141781929163 0.055582142065139985 0.043423998100139014
0 0.4086634114692117 0.9805505240326038 0.05256355787839038 0.018387630508958353
0 0.9286251139024035 0.7601373068989228 0.05465667889684269 0.054325130508958354