0 0.26386907095872497 0.1914655062041863 0.04538691106992569 0.04993429802252858
0 0.5726736412844777 0.26371647268371723 0.05857639183263199 0.025917643815484226
0 0.9078497717691825 0.5778489365653581 0.05459821996293286 0.04590236188449896
0 0.833204435834333 0.5827606756695948 0.04209821996293321 0.045028276735205
0 0.7582168487183572 0.667141393486508 0.06748016587924913 0.057713947033792935
0 0.7236980049789594 0.7052533986822882 0.04037202885594056 0.040231516091543365
0 0.809781837918584 0.7377706037618527 0.04193452885594055 0.040340776735204996
0 0.8580283649604261 0.7356889337153665 0.054761911069925874 0.05058986188449897
0 0.9227183475372309 0.7581373701054976 0.05594246515360979 0.0397616225281606
0 0.8280085374630971 0.8356835798766392 0.02759921034428601 0.031544930942249395
0 0.7876191504397886 0.817272433463265 0.04662202885594056 0.04066855866619044
0 0.7502307670446771 0.8847987870498907 0.03519345553496276 0.025841234160558103
0 0.7093875122353536 0.8757080103146855 0.054761911069925694 0.05058986188449879
0 0.5625025885515562 0.8428358901323133 0.047638891832631994 0.025152819309852248
0 0.5212947459932848 0.800987243718939 0.054107146641955414 0.03183986188449879
0 0.7733334503471212 0.9214846860611552 0.04667659255827132 0.04223105866619008
0 0.7279936684959558 0.9175348773949648 0.04053571996293322 0.04491901609154354
0 0.8276042880960691 0.958012047945654 0.09157243030721958 0.0781028566887187
0 0.7419048902729874 0.982229576939034 0.0900099303072194 0.03554084612193194
0 0.6503373390148923 0.32292186390131133 0.04011905771188111 0.07762225544788164
0 0.6050694790334258 0.2987141855569519 0.0790724303072194 0.077228771539425