0 0.6102075848220341 0.64296875 0.058418715728545755 0.0640625
0 0.49932329272865933 0.65546875 0.05254814732681172 0.04375
0 0.544036553252003 0.65234375 0.047223610495108835 0.0328125
0 0.5548074532802378 0.68203125 0.05861613680346807 0.040625
0 0.5345558664626523 0.7078125 0.04905912628012423 0.0375
0 0.5123469374952223 0.68671875 0.044553636803468064 0.040625
0 0.4561501454018475 0.69921875 0.04528167889684287 0.053125
0 0.46026079272865933 0.65546875 0.03388915258848364 0.0453125
0 0.39609958219119823 0.64375 0.044462631541796235 0.0390625
0 0.39200434541596496 0.7140625 0.038849668373499124 0.05
0 0.45242663494909097 0.7765625 0.05134966837349921 0.05
0 0.4800210139306385 0.8125 0.057235647326811724 0.04375
0 0.5142286849349735 0.76171875 0.04446263154179615 0.0390625
0 0.561088274383395 0.73515625 0.05429265785015556 0.046875
0 0.5719956823041377 0.7625 0.05365562101845249 0.0359375
0 0.5829030902248803 0.78984375 0.04464464206513981 0.0421875
0 0.6633865217525591 0.7359375 0.038121626280124235 0.0375
0 0.7096013690934883 0.70703125 0.05291216837349921 0.05
0 0.6458812323606073 0.821875 0.04482665258848364 0.0453125
0 0.5690688324029598 0.86640625 0.04693518415851479 0.0546875
0 0.4883116560663655 0.84453125 0.02994510523343692 0.03125
0 0.620684540309585 0.87890625 0.03932010523343692 0.03125
0 0.6769877482162101 0.89140625 0.039957142065139804 0.0421875
0 0.7299377139447559 0.82734375 0.05263915258848364 0.0453125
0 0.7334120534637645 0.875 0.04951415258848364 0.0453125
0 0.4253474664344175 0.678125 0.05529371572854576 0.0640625