0 0.41247388558944353 0.35863758197804135 0.0594946719450391 0.060168178859192525
0 0.42169342438581464 0.48732099749136104 0.07190374373179384 0.05755251482874755
0 0.6729159774344579 0.16968919262499485 0.05811402837152997 0.0663545118629981
0 0.6309247057268454 0.20503378502034061 0.07611988229073816 0.09517984882113639
0 0.5615800091712 0.052988465362407845 0.048329851411925875 0.05191000988583174
0 0.63821464931299 0.6975077865032153 0.07548338479802066 0.0733048488211363
0 0.7826442624033983 0.795652173347623 0.053290136051661816 0.06147601087441501
0 0.7466612982967756 0.795554014260094 0.04529577962517113 0.05490767589344294
0 0.7118293087216169 0.8618939386706621 0.03702863855894432 0.03896434091247088
0 0.6726220562143345 0.8853924470736192 0.05811402837152997 0.06635451186299832
0 0.6131250357603634 0.9104998764271033 0.0661538489046432 0.07448534684397004
0 0.5217415178136746 0.9150056457044752 0.03707410266556703 0.04052684091247087