0 0.4598201480569199 0.17674840229366268 0.054944365177646406 0.04308807178554282
0 0.49508986807313055 0.10964433528200464 0.06170378742738745 0.05449916846619489
0 0.7033432080244986 0.3347547695197465 0.08267125889134022 0.0701008576783142
0 0.7307383079006641 0.38622310375284397 0.07111732878371627 0.08946616431701013
0 0.7994519205971111 0.39221391724001703 0.0682448858558109 0.06122276514684692
0 0.7791608453280515 0.3397158792726532 0.06551799214211726 0.03610436597668398
0 0.8216972557909681 0.2849225581118103 0.045496590570540715 0.04081517676456468
0 0.7875791209686147 0.2431368771980607 0.06511988585581072 0.06098596680652095
0 0.8646509274215367 0.5241635794824345 0.05916098428423418 0.06676237012586875
0 0.7982832187778656 0.4846382155803431 0.0713698858558109 0.061459563487172984
0 0.7489531528144309 0.5169645408903708 0.05062073821317572 0.05054537427505377
0 0.7704086217971842 0.5444625788577346 0.04215326674922295 0.03589087842423862
0 0.8272750519048081 0.5691558481537665 0.07017125889134021 0.06915366431700995
0 0.8090429745688338 0.7081116043775438 0.07351458271265762 0.07407796265733602
0 0.7718554977281976 0.6480611755383867 0.054944365177646406 0.04308807178554268
0 0.7574633579434453 0.6877389821770825 0.05069351282028158 0.05210787427505377
0 0.6957253372652809 0.7003089145407246 0.06475601282028158 0.05317346680652087
0 0.6477801428896334 0.6692355906805894 0.057016287427387444 0.05414397095570571
0 0.5887133579434453 0.674951871799476 0.05850601282028158 0.05269987012586892
0 0.7171508811028091 0.6274517549975995 0.07544095574818695 0.08200886182749904
0 0.5659800252307876 0.7422218821724382 0.07783820967712848 0.06662066016782511
0 0.6230112752307877 0.7465434518833887 0.07591183664159899 0.05868976099766208
0 0.6627993672490702 0.7675905803076272 0.04266268899896399 0.04682837842423861
0 0.6222257171252357 0.8139085506386332 0.0651198858558109 0.06098596680652087
0 0.829383245661283 0.8437181402703153 0.07136988585581108 0.06145956348717334
0 0.8095394725019192 0.899446999398522 0.08913958271265762 0.07526195435896632
0 0.7608451073242728 0.9349575242936314 0.05501713978475227 0.04465057178554303
0 0.5792847382176849 0.9447199201398021 0.06377570967712849 0.06555506763635818