0 0.64765625 0.45533045383850157 0.040625 0.056486349336070066
0 0.63203125 0.3685208002477054 0.01875 0.07198408430895542
0 0.54453125 0.2641054901392468 0.0359375 0.06114657825883123
0 0.59140625 0.25187820091163526 0.03125 0.0642443071815924
0 0.61875 0.2035997821955286 0.028125 0.05328862646343317
0 0.54921875 0.18522651121648565 0.028125 0.07672612646343313
0 0.509375 0.15140095705995538 0.0328125 0.05644089754067196
0 0.5171875 0.20457140885535346 0.0296875 0.0611102168225127
0 0.54765625 0.062561170857406 0.0359375 0.0642715782588312
0 0.51328125 0.07642368295765442 0.034375 0.06894998789975157
0 0.478125 0.07153164987836302 0.028125 0.03141362646343313
0 0.46640625 0.1324009721852659 0.0140625 0.06883181323171654
0 0.5234375 0.4671077702916719 0.0296875 0.0720477168225127
0 0.5296875 0.5640191317279905 0.0375 0.07209316861791085
0 0.565625 0.6087594599868217 0.0328125 0.0720658975406721
0 0.56875 0.6619026407049808 0.0328125 0.0611283975406721
0 0.5109375 0.643597547419035 0.0234375 0.045448855386194253
0 0.53203125 0.6874702672666098 0.0203125 0.06574317466803503
0 0.49609375 0.5880424390077786 0.0328125 0.056440897540672094
0 0.48359375 0.5489072161351417 0.0359375 0.09239657825883114
0 0.496875 0.4927344841873184 0.028125 0.07360112646343317
0 0.4796875 0.4645094902374426 0.028125 0.07203862646343318
0 0.45625 0.5010918848512483 0.0328125 0.06894089754067192
0 0.4484375 0.4377651830558503 0.0296875 0.057985216822512696
0 0.45546875 0.31905608967170856 0.0578125 0.06439884328594588
0 0.43125 0.4853214391059745 0.0359375 0.04864657825883114
0 0.42421875 0.5774680324901162 0.0109375 0.07975113251355737
0 0.44921875 0.5471447282353902 0.034375 0.05644998789975162
0 0.4625 0.6417532462875668 0.0453125 0.06120112041330898
0 0.56328125 0.3501520744482022 0.0375 0.05803066861791084
0 0.584375 0.511212294295777 0.03125 0.06580680718159222
0 0.64765625 0.5186117038385015 0.0390625 0.06585225897699036
0 0.4203125 0.34619530659241715 0.0140625 0.05320681323171659
0 0.6859375 0.3852406676359522 0.0359375 0.06427157825883123
0 0.6796875 0.3203605561996337 0.0359375 0.06114657825883123
0 0.5203125 0.3217770895735127 0.0296875 0.042360216822512696
0 0.5 0.28728391490547767 0.025 0.04233294574527395
0 0.51796875 0.2702009540348933 0.0234375 0.040761355386194256
0 0.4796875 0.37935324023744266 0.0296875 0.042360216822512786
0 0.61640625 0.5528048966569091 0.028125 0.06110112646343317
0 0.6390625 0.5779367068635637 0.028125 0.048601126463433175
0 0.5984375 0.6370753575274936 0.03125 0.050181807181592396
0 0.590625 0.7846861557320954 0.0296875 0.040797716822512695
0 0.62890625 0.7880338695295461 0.0265625 0.03765453610435347
0 0.62421875 0.6700378484523073 0.0484375 0.048719301131468204
0 0.5578125 0.5173077581914235 0.028125 0.05016362646343318
0 0.6203125 0.8340776225546083 0.0296875 0.05017271682251305
0 0.6078125 0.1441611496819713 0.0359375 0.06427157825883123
0 0.5765625 0.16507309250037894 0.028125 0.06891362646343313
0 0.40546875 0.3812651981811608 0.03125 0.0454943071815924
0 0.52734375 0.7999429961893709 0.034375 0.06894998789975162
0 0.5625 0.7790537792686625 0.034375 0.07988748789975161
0 0.5390625 0.7586049238824681 0.03125 0.056431807181592394
0 0.56484375 0.4087549148072818 0.034375 0.05644998789975162
0 0.58359375 0.09402024911623721 0.034375 0.0486374878997516
0 0.68671875 0.524307712815492 0.03125 0.0642443071815924