0 0.2529009155594789 0.3299106471696789 0.03699216014423614 0.047825494804219916
0 0.32840222331142305 0.7170607219274127 0.05258079255305557 0.04735560124083733
0 0.5928745649701387 0.21361256587878277 0.03473867591180557 0.018028734160558103
0 0.17402646067798566 0.5583691469175773 0.04785692496187503 0.04546531930985189
0 0.11299673527927032 0.6253109924584315 0.04476829255305557 0.046809298022528624
0 0.07084560287045087 0.6207984550795645 0.0430239545971528 0.03888753737886681
0 0.13748758900274255 0.6489341627570191 0.03521145459715278 0.0383412341605581
0 0.14866082513503415 0.6731911175844821 0.04767508700597225 0.03765281930985207
0 0.14945960572024247 0.7061128782281438 0.040226262917777825 0.05273151609154336
0 0.18815842980843692 0.7244693943196874 0.04629442496187504 0.045356058666190434
0 0.2139396798084369 0.7262721949401059 0.03521145459715278 0.0383412341605581
0 0.2338170751350342 0.6791458226640467 0.041752395326597205 0.051278276735205
0 0.2726795533835411 0.6904710887555902 0.04309668977951393 0.04201253737886681
0 0.2969151807583675 0.7586801393760088 0.05999324905006951 0.030714404459146038
0 0.27616626966420077 0.7760097510084062 0.039753484232430567 0.032419016091543365
0 0.25941452754798544 0.7897062642499579 0.027217116641249994 0.02998243094224957
0 0.22340429236562437 0.790318269445738 0.06075696846486114 0.06352690445914586
0 0.28887478315065945 0.3308611419738988 0.038263719414791716 0.03543475544788164
0 0.36597495849378414 0.7165579773752941 0.03840918977951393 0.04168475544788173
0 0.2552550108304855 0.7330738519971419 0.04618532218833336 0.040668558666190256
0 0.4433817516155207 0.28219368505274883 0.05388871941479181 0.03652736188449897