0 0.4440934928697213 0.7330276860809124 0.058076120413308986 0.04564884328594587
0 0.594811110356164 0.7229674057320954 0.0361102168225127 0.02989657825883114
0 0.6491855138487643 0.8037497731203423 0.04709316861791084 0.03777271077238851
0 0.7119213423039872 0.7103679326630669 0.056540891490547904 0.05032725292686635
0 0.6405185200952802 0.6568293213249442 0.03926248789975162 0.03460225897699054
0 0.8458645502477055 0.6369309535439139 0.03471134328594587 0.05801248789975162
0 0.8648508995837755 0.6776650378528694 0.031422716822513054 0.0298693071815924
0 0.4553385024358869 0.38310495413308915 0.04560339149054773 0.050263620413308986
0 0.39015840914994104 0.324915204231285 0.03926248789975162 0.03460225897699045
0 0.6614769564707801 0.9022554508134395 0.042451120413308986 0.04555793969514958
0 0.7199434414436656 0.880721339278925 0.03935339149054791 0.05022725897699054