0 0.6730811134861197 0.23688229057873783 0.04069920783841656 0.057386602665567034
0 0.5701774223407506 0.1937437075092121 0.0682331744523216 0.037892456584775316
0 0.547913628925526 0.2616359011618637 0.04602320533113406 0.07939799498543501
0 0.5013485174844703 0.3005225564138555 0.03963681301126609 0.07452863855894432
0 0.4557094085506971 0.31748874755922457 0.0661993130112661 0.07530152837152997
0 0.5364054790838104 0.3229598460681565 0.04400606426490725 0.06372753087881237
0 0.5311162370013693 0.4099059166012699 0.05940374373179384 0.0563696719450391
0 0.48490046654739816 0.43392608979995034 0.037756064264907255 0.06354567445232177
0 0.46426135761362497 0.4501648552393565 0.03734688730530315 0.0494831744523216
0 0.42614158049573625 0.3762105296916781 0.04391513605166182 0.06060253087881238
0 0.40286921654739816 0.43631295539764103 0.04436977711788863 0.07622753087881247
0 0.4126139410788621 0.5024918848645277 0.03868206677218975 0.041716138558944314
0 0.4361794732113157 0.5330826553184987 0.04244356426490725 0.06368206677218975
0 0.4756056860642971 0.5444460526529318 0.044324313011265916 0.0746650308788123
0 0.5012361718785322 0.5116419128403462 0.06495506175762475 0.08619356426490725
0 0.5364546063599838 0.45901100633471315 0.04088106426490725 0.06363660266556685
0 0.5460174744649569 0.5189399358015997 0.041943459092057725 0.04649456677218957
0 0.5809176602000498 0.45537152929596675 0.04446070533113407 0.07935253087881229
0 0.6184343805748785 0.40110992663039974 0.044324313011265916 0.07466503087881246
0 0.6611985420950764 0.392828413698276 0.060966243731793844 0.05641513605166182
0 0.5808136747815261 0.6399056536691461 0.059949313011265916 0.0751196719450391
0 0.5010292348897982 0.5851476090002802 0.07217652837152996 0.06610838479802066
0 0.565845555818623 0.743553490895307 0.04754024122451135 0.07788095909205772
0 0.6065782044066973 0.6923259600164946 0.024574102665566856 0.03974446159934022
0 0.6248401225908127 0.7824963189502678 0.029670779625171128 0.05394335391920837
0 0.7771574773679508 0.6427936582879996 0.04024456677218975 0.041761602665567034
0 0.8362058684341775 0.6567137542896491 0.03082410266556721 0.03992631802583091
0 0.7418230341110107 0.7720552609535667 0.014880853919208192 0.028534176959604095
0 0.7556869573096912 0.8185665481005853 0.0461141335443795 0.082522994985435
0 0.7192637240027385 0.8297912046062184 0.02810827962517113 0.053897889812585476
0 0.7290358776053777 0.7356774917532368 0.048284387305303156 0.04980142319868044
0 0.7886010942192828 0.7136146236482637 0.06183006175762475 0.08610263605166182