0 0.47040659599784257 0.2085981241433986 0.04669793758467122 0.058798147326811726
0 0.46052366293572733 0.14452791886760935 0.033297178878243724 0.04088260523343701
0 0.5726894702626735 0.11462904528890808 0.07432497060135787 0.0806577367752332
0 0.5874989207376433 0.14414224004135365 0.039956614653892684 0.04905912628012436
0 0.6151735413844298 0.15109789533126036 0.042999727498762755 0.047678636803468066
0 0.6208602973773235 0.20606611639206518 0.041519114653892686 0.04915013154179624
0 0.5333060656946893 0.15275067156903246 0.0520405348257091 0.07157116311182729
0 0.5128917463819553 0.06670675575578203 0.03214411465389251 0.04860409997176514
0 0.6789317469477822 0.2572044111868631 0.058126760515449585 0.0688101841585147
0 0.6653395584586 0.33821919275689416 0.04546298620519007 0.06495714206513989
0 0.38043561397652403 0.37973664775033483 0.033788501809022264 0.05025760523343692
0 0.423727511308419 0.5345459741151638 0.04398237336031983 0.06642863680346807
0 0.4081324095448253 0.6686402530543589 0.05343926051544958 0.06853716837349921
0 0.42517274536590255 0.744755432021789 0.03173467887824373 0.04079159997176518
0 0.546112687134445 0.7852222663497128 0.04357293758467122 0.05861613680346807
0 0.5680219866594752 0.7535704479479788 0.05229284034363317 0.046662168373499215
0 0.5370519476498947 0.7203253084430876 0.082212713703953 0.11227175782192056
0 0.4875731688170795 0.8470467031390637 0.03017217887824373 0.04070059471009344
0 0.5984863353708514 0.9153578164061826 0.05294793758467105 0.05916216837349921
0 0.6329874881298133 0.925810198018566 0.028861984396167807 0.01570059471009344
0 0.6472890055426679 0.8907071559251912 0.041355340343632994 0.04602513154179633