0 0.33902949797140514 0.09338794827935666 0.07008640340856669 0.07696247579950319
0 0.5493009760573079 0.3118208274732643 0.0938511858759707 0.0958488311856975
0 0.41883440584749393 0.4899862132082754 0.08560230925276535 0.07080337939029935
0 0.4616183750049429 0.724633923980664 0.07647277110331832 0.08481133723582168
0 0.5157916319048018 0.7991753817279903 0.033548885551659066 0.042378397540672096
0 0.5053450556059079 0.7709867492144331 0.07762616801906326 0.0613829275949012
0 0.6767581797934813 0.6641605531745716 0.0856841298696164 0.07549087939029935
0 0.298304122976348 0.8150993218159236 0.05106366801906326 0.061228391490547554
0 0.22997904262026436 0.9694050267345796 0.04451365909060954 0.04400453005422946
0 0.2207611444834082 0.4232021924256242 0.06863299756436803 0.08320338544042354
0 0.2974815572274657 0.504125460379605 0.0761454886359143 0.06606133723582168
0 0.3647684687537072 0.5435833909995684 0.08146028003177212 0.10202610831306061
0 0.29091218303989225 0.6119106893023663 0.07466480925276527 0.07073974687674216
0 0.22296102394928274 0.6552698038619427 0.052844356330665934 0.07373748184962743
0 0.2977973827155807 0.6650811410977643 0.054134120941162586 0.05812157220870695
0 0.3079439500860208 0.7104572736113216 0.10944891233702041 0.09437723477649378
0 0.44262864164403437 0.6487344993126289 0.10583298863591431 0.06623405405833438
0 0.5300252759778775 0.565640719062008 0.10215460957707698 0.12401928298109546
0 0.6131804695644861 0.4122026225546082 0.09242505357072232 0.1036522408266178
0 0.7146651030875504 0.46201679107432325 0.127018241882325 0.11635222872636941
0 0.5690275004103323 0.658845818398078 0.10144549756436802 0.08339428298109546
0 0.5397609659143334 0.7688429871141846 0.0191045560063543 0.020421584308955333
0 0.45739670495728485 0.8769685836215843 0.057450035713814886 0.06907725292686635
0 0.3218177151035545 0.9004010175611974 0.09503185633066594 0.07398292154477701
0 0.1608815840128269 0.4517630087805987 0.0733750446422687 0.08635565651766246