0 0.37833736939049734 0.4363101620904596 0.055469297342454205 0.06941584486680377
0 0.4132839867122707 0.3526182530029306 0.03682838534372675 0.07802684091247096
0 0.5263465133672712 0.27132844372512116 0.052398841343090294 0.07397601087441492
0 0.4807522026973167 0.24526335083548378 0.0477113413430903 0.0737850098858317
0 0.46370051535645346 0.18912609737544267 0.041334072008272396 0.06259284190105419
0 0.5394454026893627 0.18908894669087067 0.047856792011453916 0.08628500988583174
0 0.5883732513526354 0.166094457070994 0.0460579346753633 0.06590884288963732
0 0.5678885760264079 0.21757870262236972 0.044549978675999566 0.07053267589344295
0 0.568459646005727 0.0653304531166613 0.05241702267663584 0.07553851087441492
0 0.6015357753421359 0.08932371003674353 0.05090906667727211 0.08016234387822055
0 0.6382817973424542 0.09316363444731172 0.037954533338636055 0.040590507908665384
0 0.6374829133513629 0.15872496745111736 0.03210452267663584 0.07471083992388783
0 0.502274856062997 0.4843086047898165 0.04780224801081765 0.0815975098858317
0 0.4745049394095874 0.5807870153602203 0.057213610677908554 0.08510451186299814
0 0.4265037914146781 0.6163133384781941 0.05094542934436319 0.08328734387822045
0 0.4122782067552232 0.6688335020143474 0.04769316000954493 0.0722225098858317
0 0.4755140034213595 0.6675057653602202 0.036537484006999674 0.05302684091247105
0 0.44394637742676846 0.7060443419382352 0.036773841343090474 0.07333934091247105
0 0.5030208380808144 0.6155267712917193 0.0460579346753633 0.06590884288963732
0 0.5252407360757239 0.578949942736538 0.059012468013999356 0.10548067885919252
0 0.5245225734006788 0.517231192736538 0.04783861067790855 0.0847225098858317
0 0.5476782627307244 0.49396744767945383 0.04623974801081765 0.0815338428896375
0 0.564584499403224 0.5376047011394949 0.05090906667727211 0.08016234387822045
0 0.5872947460614062 0.4760597060824108 0.044513616008908664 0.06740767589344294
0 0.6061618300445434 0.3526686270329379 0.07434656667727228 0.08111734882113639
0 0.5941538207351786 0.5286581240671884 0.047547709341181486 0.0597225098858317
0 0.5804373134149963 0.6249282876033417 0.032231792011453916 0.08564833992388791
0 0.5612418707431328 0.5858830336490091 0.04763861600890866 0.06753500988583169
0 0.5264043414226323 0.678949942736538 0.06179202267663584 0.07592051285158127
0 0.48824762404517974 0.3525492688202614 0.05392497867599957 0.07091467787060939
0 0.4299640514003606 0.5110355894667773 0.04774770401018138 0.0769100098858317
0 0.3634668947326333 0.5005172421285156 0.057140885343726744 0.07885451186299797
0 0.6354862507160887 0.38978396646253416 0.02723520934118149 0.0588948389353046
0 0.3539453493793615 0.3533239071475437 0.05241702267663593 0.07553851087441484
0 0.3758561647039983 0.29018457859236235 0.05081816000954511 0.07234984387822055
0 0.5388106980426344 0.3358684461965791 0.04120680267345413 0.05165534190105418
0 0.567371502705271 0.3073587856261753 0.036519302673454136 0.051464340912471054
0 0.5530453733688621 0.2841295326604258 0.03492044000636341 0.04827567391627659
0 0.5669635173854066 0.4065138686299809 0.04120680267345413 0.05165534190105418
0 0.38740438140513306 0.5444409970714316 0.04298747867599957 0.07046900889724857
0 0.3595157387412239 0.5636074911399325 0.039698846674090585 0.056279174904859806
0 0.38690548941754155 0.6357835800752372 0.044440890674726855 0.06115767589344294
0 0.3621338507717679 0.7886074911399324 0.04118862133990877 0.05009284190105419
0 0.3214361254375861 0.7807021492388783 0.038027258672817865 0.04684050790866543
0 0.3528486627545869 0.6617266561589605 0.06164657200827239 0.06342051285158128
0 0.45589075206872415 0.5245860949039847 0.04129770934118149 0.05946784190105418
0 0.31966508744426764 0.8298253987445868 0.04287839067472685 0.061094008897248385
0 0.4887817840149539 0.13002035281265015 0.05397952267663584 0.0756021778706093
0 0.5156897293523173 0.16079019174795478 0.04620338534372692 0.07840884288963731
0 0.6437623747214974 0.42994605144350617 0.04436816534054522 0.05490767589344294
0 0.42342588677590404 0.8215592539915137 0.05090906667727228 0.08016234387822045
0 0.3926026007717679 0.7898489975657231 0.05416133601209037 0.09122717787060922
0 0.4213452187698589 0.7769643369953194 0.0444954346753633 0.06584517589344294
0 0.47332260538667936 0.4120688488583175 0.04763861600890866 0.06753500988583169
0 0.5257545253421358 0.08623586072131553 0.04596702800763595 0.058096342889637345
0 0.32203337273231514 0.49648631672936433 0.04771134134309048 0.0737850098858317