0 0.56940269114212 0.6638002581209701 0.055098676882026076 0.04936480032431163
0 0.49212260813831443 0.6635877982990119 0.03497717787060921 0.05369774431795715
0 0.5333325399632565 0.5910445965947286 0.060104511862998145 0.05725912094116268
0 0.41168569163641167 0.6642111355549545 0.07891817885919253 0.05914890340856651
0 0.2475502543742622 0.7646629232973643 0.0724771778706094 0.05435230925276535
0 0.05033435616114812 0.680667573052483 0.03877333992388783 0.0319045649348082
0 0.0325274322448715 0.7153289452114615 0.03752917490485978 0.03968979139585791
0 0.07074501524867711 0.7162232435071783 0.04352450692008221 0.033548885551659066
0 0.06727250536284538 0.7631255170461285 0.046649506920082205 0.033603432629560004
0 0.1497096150583967 0.6367754768680868 0.029844008897248565 0.042678423701106284
0 0.1886739559708677 0.6001834119332786 0.03383117193911027 0.02557274431795715
0 0.19869094311928642 0.6609027236216758 0.04103617688202612 0.04911933847375849
0 0.2524698591268976 0.6630867865278891 0.006632001977166358 0.009484094155801337
0 0.2341973615983556 0.6516953189952932 0.04090884288963732 0.045994338473758486
0 0.19327393125628833 0.7172072706995765 0.04020850593149907 0.02880683847375849
0 0.5696414075674732 0.4280263993546722 0.053217841901054184 0.041525026785361165
0 0.5580539446393422 0.2525724318220762 0.03233233893530461 0.027107970779006774
0 0.6144949456279254 0.246903084419864 0.023275673916276673 0.03475682954530477
0 0.6275387736888152 0.2716576225693109 0.024201503954332716 0.019159103084255058
0 0.6360224357420936 0.29336898133560896 0.04065417490485963 0.03974433847375849
0 0.6861033487839554 0.30967009131972284 0.045469008897248565 0.042951159090609536
0 0.5718962687458993 0.29604969643257284 0.045723676882026255 0.049201159090609535
0 0.14758208787235938 0.765627179790186 0.04766817885919248 0.058603432629560005
0 0.11531341593324913 0.791172650569193 0.07324118182494202 0.07310230925276535