0 0.6002523254784566 0.6020918243500063 0.07031680810555194 0.06757838544042372
0 0.6348413411942223 0.6648099929679171 0.057525709677128486 0.06125566256778647
0 0.6505241532287156 0.6133247610200939 0.06333906203449331 0.05191702400410492
0 0.6833730405322684 0.6127344085607659 0.02347604135632899 0.03450226502711473
0 0.7270524199779386 0.5809485982559155 0.0669007096771285 0.06131020472226432
0 0.7554470936754216 0.6256571102579681 0.06660961124870504 0.05506020472226432
0 0.7862604460327866 0.6352139174395605 0.04586046360606986 0.04556703005422928
0 0.8031076517809735 0.5587286854917373 0.05396406203449331 0.051862481849627426
0 0.850132509100737 0.4886707155459665 0.05545378742738762 0.05030907220870695
0 0.8662326980997012 0.445002528777683 0.05589043507002245 0.05968407220870695
0 0.8552545026905964 0.5129258269822851 0.07881851282028159 0.048882927594901204
0 0.8770545740307145 0.5482184323684793 0.07449488585581072 0.056668156517662285
0 0.8348991532287154 0.6143974233914887 0.06766268899896417 0.044131795081343836
0 0.8540108722114688 0.6402968480595238 0.06141268899896417 0.0440954336450254
0 0.8276281546764576 0.66983890231425 0.05530823821317554 0.04718407220870695
0 0.8240279656774938 0.7135798119551703 0.05105738585581108 0.056531801131468204
0 0.7846015926419645 0.7211650529781799 0.053818512820281585 0.04873748184962743
0 0.7773862520714238 0.7586332367214013 0.07031680810555194 0.06757838544042372
0 0.7236640926419644 0.7208105289740748 0.03372433664159917 0.05330680718159222
0 0.6864723076957763 0.7307531555357037 0.07791098428423418 0.06293633723582168
0 0.700678202857212 0.7613128091264999 0.056035984284234355 0.06280907220870695
0 0.6438823933039182 0.7727043061996337 0.041609611248705033 0.05491475897699054
0 0.6450381708065082 0.8821156676359522 0.06624573821317573 0.04724770472226432
0 0.6778657491759397 0.6470866826630669 0.039756012820281586 0.048655668617910666
0 0.7146572737830456 0.6457378061014378 0.04927656203449331 0.05183521077238851
0 0.6918533205160579 0.682333836253863 0.061014582712657625 0.06908634328594587
0 0.7457959578196108 0.6818662036421098 0.06363016046291677 0.058167024004105096
0 0.5818468120390026 0.8965958032727673 0.04124573821317572 0.047102258976990184
0 0.3918278192732036 0.22812201746300156 0.03099744292790545 0.028297716822512697
0 0.4313612001666158 0.2517958667990716 0.052037688998964174 0.044040891490547726
0 0.4322431116629898 0.09863450536275316 0.06504711124870503 0.0550511143631847