0 0.4993023518741442 0.25382371666190934 0.05140938730530316 0.04960126291777787
0 0.43690765195328646 0.22482785410472186 0.035420674452321776 0.036737587005972294
0 0.4232232366721648 0.18532959622093714 0.029534387305303157 0.049092116641249996
0 0.38908391739269266 0.2048614994313191 0.04060827962517113 0.05403418977951393
0 0.5011352880049483 0.16399815045749958 0.03238660266556703 0.039789851823611146
0 0.3919384812618885 0.2945779628621872 0.02600021034569906 0.034956881458888846
0 0.4169923055559256 0.318977897607708 0.029170674452321778 0.03659211664124999
0 0.3703817300082473 0.28414960913871495 0.013409282132453626 0.031540940729444425
0 0.3057963927820865 0.3036094303771178 0.03422188730530316 0.04920121941479172
0 0.2883982926238019 0.36491060628892336 0.02586381802583091 0.030269381458888932
0 0.3175318631569153 0.3564253058520831 0.03238660266556703 0.039789851823611146
0 0.2928668322781029 0.39915831971979143 0.02912521034569897 0.03502961664125
0 0.31565947459797095 0.39394348964767334 0.029534387305303157 0.049092116641249996
0 0.3380884040648575 0.4012286595755553 0.029079746239076342 0.033467116641249996
0 0.37037806683869673 0.4184336901607636 0.032522994985435094 0.04447735182361114
0 0.3516136949727998 0.44619566745934 0.02980717194503919 0.05846711664125
0 0.33234085774663896 0.4646008285535066 0.0233753155185485 0.05207164627652787
0 0.3555965013201482 0.4703053146857982 0.03082410266556703 0.03975348423243048
0 0.35731211401484514 0.5186700795034371 0.032568459092057724 0.046039851823611144
0 0.41135475633471313 0.5127278976077079 0.03596624373179384 0.05548758700597212
0 0.39479173047046573 0.598992705928333 0.04060827962517113 0.05403418977951393
0 0.35308160359000385 0.5835683808902081 0.038772994985435 0.044622822188333446
0 0.31673257812146777 0.5180531368741317 0.029716243731793844 0.055342116641249994
0 0.2876217396416657 0.525757187310972 0.0343128155185485 0.052326219414791805
0 0.27407371668041214 0.4815714294271872 0.022693353919208282 0.028634146276527873
0 0.25482962318604513 0.44532545811253443 0.02131271034569897 0.034847778685347205
0 0.2569484011618637 0.5334976053389928 0.0343128155185485 0.05232621941479163
0 0.26224365492278734 0.5661646349742706 0.021585494985435005 0.04422277868534721
0 0.28030333313603273 0.5626214076756941 0.02668217194503919 0.058394381458888846
0 0.29658521417312966 0.4591872831506595 0.01975021034569897 0.03481141109416672
0 0.27796324630558333 0.42839187804041645 0.032522994985435094 0.04447735182361114
0 0.35107178886287815 0.3306615864372914 0.05825042069139794 0.0700592332825
0 0.7290627450519421 0.40696232798482573 0.025119671945039102 0.05835801386770836
0 0.7441732680131957 0.4511117182774299 0.029716243731793844 0.055342116641249994
0 0.312797584389674 0.5727951882609025 0.0394094924781526 0.06649782218833344
0 0.3907193105704906 0.3633097790665969 0.026272994985435005 0.04433188145888893
0 0.5425498981923628 0.18957872549562454 0.030079956584775226 0.06784211664124999
0 0.7092968481797275 0.6837975849186799 0.028290136051661818 0.05999324905006951
0 0.6688105890085275 0.7604698409026036 0.03582985141192587 0.05080008700597229
0 0.6064924454350182 0.7556745445498259 0.026454851411925873 0.050581881458888846
0 0.42042954262380194 0.3618375448341663 0.03537521034569906 0.03517508700597229
0 0.6734719745979709 0.38561531126732584 0.02994356426490725 0.06315461664125
0 0.761933766363843 0.5920088220009021 0.023329851411925874 0.050509146276527875
0 0.6743739303913234 0.622933473311423 0.0394549565847754 0.06806032218833344
0 0.6994026741231172 0.5677004594437147 0.04124477711788863 0.07590918977951393
0 0.3842981628403462 0.476663764248958 0.03325042069139794 0.06947735182361114
0 0.4341677821989606 0.4263176189223607 0.03426735141192587 0.05076371941479181
0 0.7430951866595296 0.6759844317082979 0.03279577962517131 0.053852351823611144
0 0.3946613498290802 0.5498103235195135 0.030960494985435006 0.04444098423243048
0 0.6666463469260864 0.6738601936761452 0.03564799498543501 0.044550087005972294
0 0.7082368018615088 0.7470606511230897 0.03564799498543501 0.044550087005972294