0 0.4275388185869128 0.6001390216411053 0.07269316000954493 0.0724038489046432
0 0.5562161598902323 0.8250517565974107 0.03971702800763595 0.05738660266556721
0 0.5429365519175947 0.6230346155311837 0.052217028007635946 0.05775031551854859
0 0.5641853905951851 0.5431568989172787 0.09647610534690862 0.1027733105039836
0 0.6646848299252307 0.5703080837944416 0.09920111600890866 0.06848923871722903
0 0.7677007419239581 0.5826837148315385 0.04431362133990877 0.049710494985435005
0 0.8086888212524128 0.6198260136570395 0.06175566000954511 0.07208560015828454
0 0.8266853905951852 0.550794868829889 0.05704997867599957 0.07038670783841638
0 0.8815643419398664 0.46876963050837156 0.07587270401018102 0.07718227711788864
0 0.5642523093173188 0.13442675659741057 0.05377952800763595 0.05779577962517117
0 0.4563221779917276 0.07423575118713423 0.0758363413430903 0.0740572771178887
0 0.360346606659773 0.06128345862983934 0.05526930267345422 0.05159124373179384
0 0.29587502665500054 0.09457568025830941 0.05196248933799978 0.03587531551854848
0 0.2554858366486372 0.14029134553943107 0.11611589600572696 0.04555184389007838
0 0.27993130597550114 0.18867502124539395 0.08693747334499946 0.08843802586424747
0 0.1681671026416375 0.18933058762187224 0.06486247867599956 0.07061402837152993
0 0.2795580412953654 0.2879165032987053 0.056959072008272396 0.06257420783841657
0 0.7114320132479585 0.6498197390464333 0.08684656667727228 0.08062552586424747
0 0.6590775305538233 0.8507086376345075 0.06458975867281787 0.04717652837152997
0 0.6390922945576414 0.8219926042484126 0.053579533338636055 0.040608279625170954
0 0.7118950899109132 0.6771862210997446 0.05049089600572696 0.04364235141192587