0 0.5657854619767289 0.2570530541631181 0.04811384783255335 0.07218357593472771
0 0.5133408942959624 0.3270686336223307 0.05774351581733086 0.0791439709557058
0 0.46123722482831014 0.3098802110069509 0.04017401384016459 0.06846658008391256
0 0.5088072445999735 0.40694538777151557 0.04967634783255335 0.07230197510489074
0 0.5638794051703774 0.38230150789738443 0.046360346843970036 0.06737767676456467
0 0.5866749180219586 0.4447781971095037 0.04467051285158128 0.06413427759440164
0 0.6254111072612745 0.5544142288530903 0.05273768083635879 0.07097627344521662
0 0.6691770588206989 0.3287523006386331 0.04849584980971962 0.0815585759347277
0 0.7848338923187962 0.3382950892306969 0.04336268083635879 0.07026587842423862
0 0.6398940544092556 0.6995966742889869 0.04980368182494192 0.07542697510489074
0 0.608511403230392 0.7704293925454004 0.05774351581733086 0.07914397095570588
0 0.618789670036306 0.8506496888111339 0.0647575197716634 0.09836756763635819