0 0.6584301235365668 0.04728812094146009 0.0704852168225127 0.031733384798020646
0 0.7025017895221991 0.26188783003351784 0.06144656010845857 0.08927310015828453
0 0.30611364461380575 0.032348464898045506 0.04714771077238851 0.048238923198680436
0 0.24128807533196497 0.027336704473204236 0.08617384933607006 0.04312552586424746
0 0.11032844594166562 0.10791545157021036 0.06289088544042354 0.06900606426490725
0 0.18092222619228665 0.19592156842154235 0.055096566158582806 0.07190374373179384
0 0.24509835568078184 0.17825434679307225 0.058294289031219734 0.0844946719450392
0 0.4342472140920382 0.1689117536944167 0.09574883723582168 0.07777331050398359
0 0.35914319584346976 0.05030049452321665 0.056686337235821685 0.07663670783841652
0 0.46494270218818146 0.2651335358268703 0.051962475799503235 0.0702503155185485
0 0.3688035003927835 0.27014999326957545 0.058176114363184706 0.06418217194503928
0 0.5506938498270494 0.29966531169111776 0.06146474082661779 0.09239810015828454
0 0.5162183349963264 0.4502503333987301 0.06779655405833437 0.1066424565847754
0 0.47551554606330254 0.5967472486798517 0.0724113311856975 0.09427884890464337
0 0.26159849180857647 0.5655186660725444 0.10378859621281204 0.117063131037097
0 0.12080129586691087 0.4567166644231918 0.04722952400410509 0.06230142319868044
0 0.029277912960570078 0.4454178000791423 0.058555825921140156 0.07208560015828454
0 0.0071574732654204 0.5252500525864248 0.0143149465308408 0.06300010517284953
0 0.032301356368152914 0.6260456744523217 0.061464740826617834 0.09239810015828454
0 0.12499739559576437 0.6756257887963713 0.06454428903121974 0.08467652837152997
0 0.20708773292978186 0.667856404394062 0.05346134328594587 0.05935827962517113
0 0.21221104928475643 0.7273905287672413 0.05509656615858276 0.07190374373179384
0 0.005698991513988879 0.7619460705331134 0.011397983027977758 0.07076714106622681
0 0.2990479739527914 0.7096012866848002 0.0724113311856975 0.09427884890464337
0 0.27593266081927076 0.7878483071387713 0.09752950585373252 0.11531877461060631
0 0.31701620307194434 0.8445218559642722 0.08798178903121974 0.08535848997087
0 0.37199459456249206 0.7961130996960661 0.06601588544042354 0.06909699247815251
0 0.42204459153743007 0.7889742011079919 0.07077610831306061 0.08173338479802084
0 0.7729121999486864 0.7843371430447839 0.04883747579950324 0.07015938730530316
0 0.7287082028755526 0.7267914160060375 0.06141928903121965 0.08458560015828454
0 0.6129650282075175 0.743739572115959 0.08011474687674199 0.07575616943775679
0 0.5665440252806514 0.79864838097059 0.03777271077238851 0.04796613855894431
0 0.5088406095896068 0.7782162090255508 0.07547269867214013 0.08343227711788863
0 0.5359348955957643 0.6875828488381364 0.05832156010845857 0.08918217194503911
0 0.5598122362494315 0.8812790245440993 0.05357951795398073 0.07967077962517095
0 0.6114065525062102 0.8773105900626476 0.07087610226293642 0.09892088479802083
0 0.6419702303956991 0.9860273943649321 0.10182612041330899 0.027945211270135672
0 0.5999797357584523 0.5581741451563549 0.056586343285945875 0.05944920783841656
0 0.6394376663784156 0.4913419978219219 0.058203385440423715 0.0688696719450391
0 0.7011700519170351 0.4907940800335179 0.040870439695149585 0.04336956677218975
0 0.7046081484244346 0.5713764903000745 0.06763292759490121 0.07851745658477523
0 0.414760374125742 0.42932641646825587 0.06926815046753809 0.09106292069139794
0 0.4224405430382404 0.5866077190546806 0.0645261083130606 0.08155152837152997
0 0.1908006993595112 0.3782710671679011 0.1037613251355732 0.112375631037097
0 0.09993882914259399 0.550656881037097 0.09269656010845859 0.09018238229073816
0 0.34883591315696183 0.34458169193679195 0.056704517953980904 0.07976170783841656
0 0.45511318423420066 0.34298575118713426 0.0848295179539809 0.08058006175762475
0 0.6028239763886785 0.3379071092629776 0.0395261083130606 0.08082410266556703
0 0.5221552384889268 0.3699407077719095 0.05822156615858276 0.07199467194503928
0 0.32563982855341883 0.16809574828414037 0.07551815046753826 0.09124477711788873
0 0.12533984670379142 0.21383884263643718 0.037918156517662414 0.07296613855894432
0 0.4342750060501242 0.02982652164110535 0.10644998789975162 0.03746655925034233
0 0.4206210513278599 0.09350257673481258 0.07385565651766246 0.074011813011266
0 0.49771481645317034 0.1387218000126353 0.07227497579950323 0.07084134890464333
0 0.5435449460398616 0.18537549115800436 0.07539997579950324 0.07093227711788867
0 0.7649745184449601 0.2683938942984251 0.06916815651766228 0.07387542069139794