0 0.5198348460681566 0.5390183999793408 0.06748902837152997 0.06558993882958326
0 0.3446182342313894 0.6498617149494794 0.05673338479802066 0.0715853656913195
0 0.38362794378566556 0.9212652426848962 0.0468128155185485 0.05261716014423605
0 0.5103806603995708 0.9445417013661116 0.06321070533113407 0.07954333605604162
0 0.5679862234108367 0.8723952508530214 0.07718227711788864 0.0767456443766669
0 0.6155144412783831 0.9047726461796186 0.05222774122451135 0.07772626291777769
0 0.6562925539730801 0.9541920711414937 0.049102741224511345 0.07765352773541671
0 0.6219259141604944 0.9767956763383163 0.05306281551854859 0.04640864732336745
0 0.7233269412783832 0.907282009971077 0.11292120031656908 0.12442073138263901
0 0.8158029124446348 0.6577015436904173 0.07625627461060631 0.09858427678548623
0 0.6214702392459543 0.7000851461796186 0.06862563103709682 0.10465243882958326
0 0.8093376152684865 0.557483338143334 0.0665630258642473 0.08742857123840295
0 0.9160566282006102 0.5169694005480217 0.0743755258642473 0.08761040919430556
0 0.8647311235817565 0.3195482334699313 0.07405727711788898 0.07667290919430565
0 0.7911405108870596 0.26936508909326456 0.08098923871722903 0.10025587955902786
0 0.808953799683431 0.14078614741388956 0.09894962852981451 0.12721842306201392
0 0.6161525342440247 0.15740668369868108 0.07634720282385157 0.10170927678548622
0 0.4141541812492532 0.8125266755305558 0.08076191818411545 0.09244337955902786
0 0.5373369316449647 0.6629468624602783 0.08397784639736088 0.09564111474138884
0 0.7132796545270759 0.7420927678548617 0.04565949247815269 0.06664329255305557
0 0.7873476403413109 0.7758696622315284 0.032568459092057724 0.046039851823611144
0 0.8500318452767337 0.8515976672655216 0.08076191818411545 0.09244337955902786
0 0.610991324294037 0.03923791194718801 0.07801735141192587 0.051782011967847284
0 0.9618535468469439 0.7431877148525703 0.03646634890464355 0.07267508700597229
0 0.9745330547645029 0.6567053541952439 0.015380959092058078 0.045639808320625086
0 0.955561745909872 0.6101388255098967 0.056960705331134065 0.0793978656913195
0 0.6972217116658472 0.4610603201915631 0.04355142319868044 0.04785692496187508
0 0.6378490601747792 0.5402016531134727 0.04704013605166182 0.06042966014423605
0 0.7234933919906636 0.6328814220151742 0.054761707838416385 0.05748649810013902
0 0.8281317647144902 0.771346469602223 0.03895485141192552 0.050872822188333444
0 0.8743535468469441 0.741151129746459 0.04667642319868044 0.04792966014423605
0 0.6639412325820367 0.7987960563238546 0.039091243731793845 0.05556032218833344
0 0.6474153106369975 0.8562630642076394 0.04681281551854859 0.05261716014423605
0 0.3913090292959668 0.5766794412981253 0.05140938730530316 0.04960126291777787
0 0.40974914073702245 0.6146340361878823 0.04704013605166182 0.06042966014423605
0 0.4134220585254266 0.6764800727570142 0.0376196719450391 0.05864895459715278
0 0.38674589825886974 0.6797680737069448 0.03573892319868044 0.0476750870059723
0 0.2109251958307296 0.6232966021079516 0.038954851411925784 0.050872822188333444
0 0.4635704742022595 0.5650711004924309 0.05650606426490725 0.0637728656913195
0 0.7606788064138554 0.5102258252255563 0.04368781551854859 0.05254442496187508
0 0.7818013001456493 0.45599292011531317 0.05204588479802066 0.07147626291777787
0 0.8666764053184988 0.44076927003906324 0.04368781551854859 0.05254442496187508
0 0.8738892309326841 0.9451846663155911 0.039182171945039104 0.058685322188333444
0 0.8415624642396367 0.9545953806963896 0.03721049498543501 0.04458645459715278
0 0.8175111988002305 0.9751436168286812 0.041670674452321775 0.036883057370694416
0 0.7665708244270512 0.9794304201153132 0.05256271034569906 0.03557513050895835
0 0.5652212730942676 0.9895314124706079 0.03367631802583091 0.020937175058784164
0 0.5361331666677769 0.9942640453543927 0.0350114974927175 0.011471909291214643
0 0.3136768081297151 0.8266053996950002 0.05016513605166182 0.06050239532659738
0 0.4230314245853357 0.9104556824644101 0.039091243731793845 0.05556032218833344
0 0.2844165201247667 0.650024062689028 0.05650606426490725 0.06377286569131932
0 0.259672584389674 0.5869058136389586 0.03582985141192578 0.05080008700597229
0 0.6938179153476287 0.5243052026003825 0.046903743731793845 0.05574216014423623
0 0.6889880113492781 0.5828262174180214 0.046903743731793845 0.05574216014423605
0 0.8340290413701605 0.380594183033091 0.05797763605166182 0.060684233282500076