0 0.6306789484388049 0.3754026459854961 0.06840916327441153 0.05618153349844608
0 0.6300714388278665 0.33406917059260194 0.0893767605154494 0.06962760339082212
0 0.4436769154221182 0.3464299677398991 0.0805816146538925 0.0505137303552929
0 0.4016399016273082 0.4068195041338292 0.06914614767057933 0.07024403349844607
0 0.4758586516273082 0.41027629797135745 0.0653726944820761 0.027983758891340214
0 0.4852236855485062 0.45513503370333375 0.05360967887824373 0.04146406203449331
0 0.3513842740831169 0.444225304795783 0.05706222749876275 0.04785961124870504
0 0.43501564563441447 0.46370735897239346 0.0532821302577247 0.03521406203449331
0 0.5477236855485061 0.4580460179875681 0.07465916327441172 0.056472631926869354
0 0.4686027515818797 0.4948867384180636 0.07646732473980081 0.061232906533975395
0 0.5294583644267499 0.4961624480951919 0.08263543758467104 0.05996150496239885
0 0.5063008254171694 0.5301543043814982 0.06980788896415202 0.05312930810555194
0 0.4933814235627185 0.5661816956139927 0.06684666327441154 0.05610875889134022
0 0.4563727464934971 0.573810105043452 0.0702173247398008 0.06094180810555194
0 0.4272518125268706 0.6129796129013348 0.07326043758467105 0.05952485731976367
0 0.4142095799397252 0.6466632541338292 0.055581614653892684 0.04934933664159917
0 0.5040157083884276 0.6352591813459689 0.04259029172311415 0.03939213978475227
0 0.5245229601974499 0.6845335893276863 0.049004066033373664 0.04280823821317572
0 0.46905421019744986 0.6819500907754283 0.0635578889641522 0.05283820967712849
0 0.5661239620064722 0.7347904545053328 0.08929487336031983 0.06806510339082213
0 0.5685285877416412 0.6468366902373092 0.06471095318850324 0.04509848428423417
0 0.6010854601974499 0.6880995450758733 0.0573078889641522 0.052547111248705036
0 0.6658882666198851 0.6903384412707665 0.06380355042954129 0.057525709677128486
0 0.7080790886461524 0.6774959929661775 0.057226001809022264 0.050984611248705035
0 0.5850587477366924 0.8284141759692855 0.05730788896415202 0.052547111248705036
0 0.7475377363167317 0.7463573089296122 0.06108798620519007 0.06519266046291676
0 0.8796575175243962 0.724454537837163 0.05599105042954129 0.057161836641599
0 0.8537844142904643 0.7661133449092576 0.0635578889641522 0.05283820967712849
0 0.788806788216611 0.6267019344463408 0.0666828889641522 0.052983758891340216
0 0.844442634553138 0.6176030703021518 0.08468926051544941 0.06940927956950453
0 0.836654467999366 0.6920572607488578 0.10845430913596843 0.07675089867609249
0 0.6230888557203227 0.4833778118250963 0.06717421189493056 0.06235875889134022
0 0.6619023722286661 0.49531703969918983 0.08789614767057934 0.07111732878371627
0 0.7054542983933765 0.46383375330525967 0.08288109905006032 0.06464900496239867
0 0.76527967774659 0.4751929383752823 0.050976001809022266 0.05069351282028158
0 0.780400066710742 0.5257751352321292 0.05401911465389268 0.04927656203449331
0 0.8370628245126582 0.5214001583914929 0.06067855042954129 0.05738016046291676
0 0.891665115331261 0.5371921323366451 0.08649742198083885 0.07416955417661057
0 0.7301920267966503 0.5343474605011889 0.08361808344622794 0.07871150496239884
0 0.6576862630018404 0.5933178920565547 0.12317190637700648 0.08990587014004525
0 0.6560905427391669 0.7413187444139195 0.05944359905006032 0.0635573858558109
0 0.8360712918346558 0.7255418488381989 0.07317855042954129 0.057962357319763666
0 0.8218794012886239 0.20194168299859877 0.08008364767057934 0.07075345574818703
0 0.5297649016273083 0.41278702191650946 0.07589411465389251 0.05029540653397539
0 0.4131340015818797 0.4923032398658056 0.05590916327441153 0.055599336641599176
0 0.6341579890302652 0.8135554633966728 0.06487472749876275 0.048223484284234175
0 0.43265528550307764 0.53763501054397 0.07901911465389251 0.05044095574818712
0 0.8006439676606817 0.46592925433871707 0.06840916327441171 0.0561815334984459
0 0.8744090162812007 0.4755996608726923 0.0811548247398008 0.061451230355292805
0 0.6602568215719822 0.8654283325032608 0.05846095318850324 0.04480738585581108
0 0.6197579743309442 0.8510725800220614 0.04744156603337366 0.042735463606069855
0 0.5438671817033189 0.7859698107916391 0.06865482473980081 0.0608690334984459
0 0.788473674805914 0.8285362621965998 0.05533595318850324 0.04466183664159899
0 0.7187067294193268 0.776188204091048 0.06544793758467105 0.05916098428423418
0 0.5519154613291037 0.28522710214796787 0.06388543758467105 0.05908820967712849
0 0.7311802374483856 0.34501313275092976 0.06799972749876275 0.04836903349844608
0 0.5180848524409624 0.6062994274170276 0.06035100180902227 0.05113016046291676
0 0.5358964721832375 0.5743966100058507 0.04908595318850324 0.04437073821317572
0 0.57648385063194 0.560700137094156 0.059034163274411536 0.0557448858558109
0 0.5762658446390463 0.6160233378799441 0.07309666327441171 0.05639985731976367
0 0.6188417689947342 0.5361753260931199 0.05730788896415202 0.052547111248705036
0 0.6738977611928181 0.545753687341825 0.06404921189493056 0.06221320967712849
0 0.7840883107178482 0.581280272535682 0.0795923247398008 0.06137845574818694
0 0.8334741570543752 0.5718903099630694 0.05985967887824373 0.04175516046291676
0 0.6527807570089467 0.6484227690210254 0.08214411465389268 0.050586504962398846