0 0.3848612273889633 0.8475426641869703 0.040262901451278844 0.036194365177646404
0 0.30896092630050415 0.8252545953280516 0.043551592558271415 0.04102741439185813
0 0.3504316636866324 0.8475812055432993 0.02781746515360961 0.0371746683207995
0 0.15976690271722319 0.27270113771783766 0.04108135698624169 0.059631865177646404
0 0.23706601269868974 0.2902289319696507 0.059613102176918266 0.054255160462916764
0 0.3123090601589518 0.22647033891791074 0.0650099303072194 0.07478598428423436
0 0.4738889117028979 0.1477352551717957 0.09340774881887377 0.08390842721213972
0 0.38119049101432534 0.09258118238393544 0.04231647477225646 0.050329639784752286
0 0.14782993102500958 0.5134909576102139 0.020858137023308566 0.016571069892376045
0 0.1380010632389947 0.5233389925564019 0.029161710344286274 0.03099744292790536
0 0.11012159989948356 0.5316801854843074 0.05152778366526398 0.04607878742738745