0 0.6530633577936857 0.14770363355481894 0.07956567363517095 0.05646884793281672
0 0.40283657366340586 0.047608294259875526 0.06928062101845249 0.04024307063492081
0 0.31957602360693615 0.1014261042543382 0.07451415258848364 0.0499184592838688
0 0.343506347270342 0.12475298272425336 0.0668836631118273 0.052542811535622166
0 0.2530780393213645 0.17577645974529407 0.08710515785015546 0.052281995681063356
0 0.336019341938083 0.19665826110188345 0.12248121572854576 0.0716723457733484
0 0.12747879984470822 0.17084103099852374 0.06799113680346806 0.044830441085271476
0 0.13485866033981705 0.20400398442229636 0.0816742052052021 0.06594397748246603
0 0.059099797143285136 0.23962250693983034 0.08287268415851472 0.059794107032115386
0 0.09136553654935427 0.31251858883351813 0.0910492052052021 0.06654475478036197
0 0.07355568124533012 0.35418565468807695 0.0972992052052021 0.06694527297895929
0 0.02569503391851834 0.3075318977482466 0.01899219468185842 0.05881379549649317
0 0.3074518100857032 0.4812545041620531 0.0855272472985769 0.07864423658176456
0 0.21742604956235953 0.47237205505721713 0.08710515785015546 0.052281995681063266
0 0.05047376799232846 0.4523332580195644 0.05198670520520212 0.06404151603912886
0 0.08949003633759275 0.5342236081118494 0.08663472099021767 0.07093186613141392
0 0.12365990998688121 0.5729950138796607 0.07956567363517104 0.056468847932816854
0 0.2138452942301005 0.5445276573089706 0.07644067363517104 0.05626858883351815
0 0.3007614653050228 0.5267474768641571 0.08149219468185845 0.0628189774824662
0 0.34682439420186567 0.5826260394795135 0.08774219468185844 0.06321949568106326
0 0.26189565735604525 0.5810752290236255 0.05309417889684287 0.05632914558877822
0 0.26863077574366184 0.6165318676725735 0.08921368942018652 0.06175712523071262
0 0.3100216151920833 0.6456476711886312 0.0773507262518895 0.07189358883351815
0 0.22594972305635624 0.6721717959579185 0.10400423151356133 0.07515829117755643
0 0.12688289150044257 0.641694949104836 0.06054265785015547 0.05057979333702498
0 0.33840349140162057 0.7587682348837217 0.09978716837349921 0.056208032078257905
0 0.4124402308782768 0.7603993884920645 0.09288472099021768 0.07133238433001132
0 0.4013214493788329 0.6764051202934672 0.06457771046687402 0.06640505243632369
0 0.4393429070736966 0.8882135078626809 0.10520271046687402 0.06900842072720578
0 0.5761981649662044 0.8993185934569965 0.07965667889684287 0.058031347932816855
0 0.5457400363375928 0.5634614366094512 0.08269067363517095 0.05666910703211538
0 0.5380255178511542 0.6314604649870814 0.10133425782192056 0.08277053207825791
0 0.4845819994353026 0.6225873102990045 0.07424113680346807 0.0452309592838688
0 0.5220651308359245 0.811789512643043 0.1040042315135615 0.07515829117755643
0 0.1880508207502213 0.3288328061369513 0.0867257262518895 0.072494366131414