0 0.30574974067594496 0.503934155007558 0.05201278589277143 0.029474668373499213
0 0.3370356294731458 0.5267570049793232 0.0549960759347277 0.048315673635170954
0 0.27654841536591723 0.5496792945124491 0.051634277594401645 0.045008663111827475
0 0.2643211025034441 0.5730789971574025 0.06965057178554286 0.05694722099021767
0 0.31597869088572644 0.5978661655309018 0.05248638257342346 0.03572466837349921
0 0.3277692184801281 0.640554194470097 0.049716580083912554 0.04023015785015538
0 0.22123487594866087 0.620348839307247 0.06425267676456467 0.0472992052052021
0 0.27199281516078017 0.6435280050499104 0.054877676764564676 0.04675317363517095
0 0.23848249814912217 0.6734661340314578 0.05319677759440165 0.04509966837349921
0 0.2904952840418936 0.7029408024049569 0.046805067636358014 0.06339464206513981
0 0.40485009150578194 0.5081504891237205 0.06171967261537983 0.054929694681858446
0 0.65557398715146 0.6246455573136929 0.0560616684661948 0.06237817363517095
0 0.7163688545780366 0.5955187704114029 0.04538427759440165 0.04464464206513998
0 0.5309524954498298 0.6018311416416169 0.05269987012586892 0.05907116311182729
0 0.5492773655756986 0.6589001889966635 0.0685616684661948 0.06310621572854594
0 0.5827060948297743 0.6997372915992646 0.05992037427505377 0.051713689420186525
0 0.6331204919253448 0.7081182099727638 0.05187107593472771 0.0481336631118273
0 0.7020480906805894 0.7144661914863251 0.058239475104890734 0.050060184158514785
0 0.5398333558274364 0.7703536284874373 0.05920997925407558 0.04233868942018652
0 0.5896916458693926 0.7919247915992647 0.06254846680652086 0.06586719468185845
0 0.642556536741186 0.8121154652344356 0.07973596680652087 0.06686825256024846
0 0.6938580049975995 0.7808801467621145 0.0923543659766839 0.06915879465362344
0 0.755683498773822 0.7961481019673166 0.08466026514684692 0.0702662683452644
0 0.786684122424176 0.7536189677240972 0.05956517676456467 0.04702618942018653
0 0.7826585506386331 0.7004939677240972 0.06929537427505376 0.052259720990217674
0 0.8037154892260524 0.6293848071725187 0.04659158008391273 0.04004814732681172
0 0.8508282101817584 0.6865749518684945 0.06555506763635784 0.0644867052052021
0 0.9389910610115952 0.690154249152954 0.07829186597668389 0.0683397472985769
0 0.9376994029183626 0.6115210149379695 0.07275226099766208 0.0773507262518894
0 0.8145210894311894 0.5359001176817448 0.05246307178554303 0.05594616311182747
0 0.9842020143216544 0.5882269990823668 0.03159597135669116 0.046282736775233244
0 0.39637658590670455 0.611882433876166 0.06998245850815117 0.08185621572854576
0 0.46975488632162304 0.615378431174743 0.07661096680652087 0.06668624203690499
0 0.4879138130861877 0.6599929811606255 0.09415366431700996 0.07237479991529554
0 0.688645673664287 0.5581251862246533 0.08466026514684692 0.0702662683452644
0 0.9173421265733609 0.7534509097045325 0.05992037427505394 0.051713689420186525
0 0.8546295616362952 0.7777991913451509 0.09993006763635784 0.06648882096198286
0 0.9806572508368034 0.6444847043581561 0.03868549832639303 0.05850972099021767
0 0.9466185813333124 0.5429831175405706 0.10676283733337506 0.09211044724210708
0 0.5254576668158097 0.46772915742663246 0.08153526514684692 0.07008425782192056
0 0.6034311466945852 0.6037191363093578 0.0709762734452168 0.053913226251889414
0 0.2585670873565971 0.5074084945265666 0.06051237012586892 0.059526189420186525
0 0.21976561910018363 0.5393718550922626 0.049953378424238616 0.043355157850155555
0 0.427734252298307 0.6767107733245874 0.05859467261537983 0.05474768415851479
0 0.20288854026567088 0.6861712603821694 0.06053568091374952 0.039304694681858446
0 0.24021186412580614 0.7373466235081141 0.06976897095570589 0.05850972099021767
0 0.36047681993466496 0.7334620312876824 0.06484467261537982 0.0551117052052021
0 0.3548178931701003 0.6895755233951746 0.0631637734452168 0.05345819994353036
0 0.46092710582743635 0.765757862773009 0.061482874275053764 0.05180469468185844
0 0.41692865209317 0.7701954628153611 0.061482874275053764 0.05180469468185826
0 0.4103108765733608 0.7239197022920175 0.06508147095570589 0.0582367052052021
0 0.5149032881910784 0.7082330600857032 0.0631637734452168 0.05345819994353036
0 0.5535952448251299 0.510591491613382 0.07554537427505359 0.05262374203690499
0 0.8701962846665936 0.8292629808076896 0.07265717261538 0.05556673151356151
0 0.7979786651654246 0.861613478247441 0.09152557178554269 0.05822129465362345