0 0.6942317728220757 0.42762815467645765 0.04342862739018098 0.04564213978475227
0 0.7003198889534898 0.5104042673729048 0.030728368290882456 0.04193494292790554
0 0.7721984816445192 0.3236983258927414 0.05078005243632351 0.06312073821317572
0 0.5489216679494288 0.3121573201017731 0.05556768198597286 0.06490156203449331
0 0.3160090383997794 0.3214382365605459 0.046753886489479604 0.04891268899896399
0 0.3209282734403846 0.25147033891791076 0.05703005243632351 0.06341183664159918
0 0.2471100416389819 0.26117713275543897 0.052943329734219446 0.07256851282028158
0 0.17261998380398752 0.3093107258071789 0.04921755243632351 0.06304796360606986
0 0.1992418429955712 0.3456827193970381 0.03697836829088237 0.04222604135632881
0 0.18392652606127824 0.3879258773787555 0.0428674228866742 0.061194365177646405
0 0.21108860579549765 0.4571831455757206 0.051781347932816676 0.07874573821317572
0 0.7371084901255089 0.5220117014094701 0.051581088833518154 0.07562073821317572