0 0.7333541574266325 0.5291186069635181 0.0495897472985769 0.07581222749876275
0 0.7687070994776549 0.587828543643678 0.05418624203690499 0.07449538896415202
0 0.7052229101986427 0.3804387675243962 0.05400423151356133 0.07137038896415202
0 0.6680561101421729 0.4376847014910227 0.05840330517696728 0.09340916327441154
0 0.7438388181899726 0.2812100514455941 0.04362817363517095 0.05369156603337348
0 0.6253842207784561 0.32017629692303834 0.05426183674699843 0.10253850180902227
0 0.5573699681476202 0.3158329556748941 0.05840330517696728 0.09340916327441154
0 0.5252407366340589 0.2456089868825586 0.04288472099021767 0.06767217887824381
0 0.503789941839261 0.3052362924004826 0.06456229991529536 0.09217421189493055
0 0.4702949023767221 0.2917979121427578 0.07806335779368574 0.1100168091359686
0 0.37790227602601056 0.3235624892574078 0.04968075256024873 0.07737472749876276
0 0.3389762839185183 0.323859060379164 0.05813028939195171 0.08872166327441153
0 0.3374145129424181 0.24355408468942352 0.041595236775233246 0.07227779172311406
0 0.4562162628012437 0.397764629126071 0.0535492052052021 0.06355788896415211
0 0.3688751574972196 0.43602486770611026 0.05878273677523325 0.07317855042954129
0 0.28986322070786896 0.37658459068231737 0.047845236775233245 0.072605340343633
0 0.26942889434303996 0.42691878335537103 0.04288472099021767 0.06767217887824373
0 0.42508663111827316 0.505174337402957 0.05124325256024882 0.07745661465389268
0 0.4649142415427949 0.6139661612382467 0.05373121572854593 0.0666828889641522
0 0.33335415742663244 0.5081554952503016 0.04619173151356133 0.07096095318850323
0 0.6145095070454618 0.9224481258467107 0.061634720990217676 0.06865482473980081
0 0.795504088883724 0.6601096573930594 0.040412168373499216 0.05196529172311415
0 0.8665901336079347 0.6770758293738982 0.044447220990217674 0.06775406603337367
0 0.2510855019249642 0.753859741632257 0.04655575256024882 0.07721095318850324
0 0.23738921004335092 0.518703491632257 0.05987479991529536 0.09192855042954129
0 0.27238583632347535 0.5579231218899817 0.0640162683452643 0.08279921189493074