0 0.6543628207918044 0.26236288613907693 0.06454216378737562 0.05944359905006032
0 0.710998342847913 0.5085551334255435 0.07275518198597286 0.06610303482570909
0 0.7202243460871154 0.5711403426069406 0.060916516039128864 0.0514673247398008
0 0.6050394370801019 0.546031879241672 0.06494268198597268 0.06569359905006031
0 0.5639569548172738 0.7132536787667021 0.04649307063492074 0.06939845318850324
0 0.6718486004060521 0.6577672393730088 0.05300388648947951 0.0494953889641522
0 0.80649371067737 0.6343596376094149 0.04146560919158375 0.03954717887824373
0 0.8611113595053507 0.6447338936023088 0.07189358883351815 0.07695864767057933
0 0.7063866818383145 0.7992243990293757 0.07760336829088246 0.04455558344622812
0 0.6575591556201528 0.8321497636832683 0.07694203423772628 0.058536196291098366
0 0.7772184184200792 0.7145351385139261 0.06580427513842757 0.05483798620519007