0 0.6329523588040399 0.23345819318616198 0.031486349336070064 0.04117047077900686
0 0.5950619942444634 0.16693889489044528 0.07525453005422929 0.04505912986961631
0 0.5946473411446466 0.506755371351495 0.045621572208706954 0.05391593262955983
0 0.5608854195016736 0.5362480024389272 0.055023843285945874 0.05876707386326192
0 0.630289404474559 0.5569093299556371 0.05031816256778665 0.055560253246410875
0 0.7084189496540987 0.5547644030081201 0.031386355386194255 0.023982970779006862
0 0.7144007840612501 0.6007490588523188 0.040870439695149585 0.04289661201270896
0 0.4071150040070208 0.6498583092560606 0.05491475897699054 0.04001707386326174
0 0.40534342574818955 0.6858230827950109 0.039289758976990365 0.03974433847375849
0 0.3253519195998694 0.6051964200509534 0.039289758976990365 0.03974433847375849
0 0.15691047092772936 0.689378325488115 0.03766362646343309 0.0287795649348082
0 0.16065763964383603 0.7166538916407392 0.040861349336070066 0.04133411201270896
0 0.20148717272312747 0.6807885296280303 0.029832945745273953 0.025518197240056394
0 0.21301502518245546 0.7133964780859028 0.026698855386194254 0.023901150162155816
0 0.1800161728213233 0.7460004724038599 0.04709316861791084 0.038318206168510116
0 0.21197469994868637 0.7579413648553779 0.03301248789975162 0.03494774431795715
0 0.19301107651031535 0.794987397322782 0.029878397540671963 0.0333306972400564
0 0.2328775524080144 0.7903856720795484 0.0314318071815924 0.031795470779006865
0 0.24575480230981853 0.7253237337679457 0.03617384933607006 0.04125229139585791
0 0.2725536516458886 0.6842350836057898 0.03617384933607006 0.04125229139585791
0 0.2682701517440845 0.7491470174531656 0.036137487899751616 0.03500229139585791
0 0.2871655974893583 0.7238197349857616 0.0298693071815924 0.031768197240056396
0 0.3115252480550924 0.6991782451320313 0.05178975897699036 0.03996252678536116
0 0.3176252571302787 0.72485040097623 0.032994307181592394 0.031822744317957154
0 0.34653605230981854 0.7235645905056487 0.0220568071815924 0.03163182954530477
0 0.3731894559006147 0.7074759403434929 0.04399543969514967 0.042951159090609536
0 0.3823053806668456 0.7518435491097908 0.03927157825883123 0.03661933847375849
0 0.3494019770760494 0.7680412934277481 0.036137487899751616 0.03500229139585791
0 0.3033718595896067 0.7579083628267831 0.03457498789975162 0.034975017856907445
0 0.26181107348525323 0.785193611608967 0.0361193071815924 0.03187729139585791
0 0.25770938076504146 0.8188555454563428 0.05021816861791084 0.03837275324641069
0 0.29917017291951914 0.8087577966741588 0.04081589754067192 0.033521612012708604
0 0.3591264350197676 0.842082765424571 0.03776362041330898 0.04596706493480838
0 0.41398210666274055 0.8122219415613088 0.050272710772388506 0.047747753246410694
0 0.395363916869395 0.789892974028713 0.05020907825883123 0.03681025324641087
0 0.44554572405098725 0.757770220782302 0.05020907825883114 0.03681025324641087
0 0.4387326426688981 0.7203929517075787 0.06122839149054791 0.05106366801906326
0 0.46280542604277713 0.8793315750843732 0.03773634933607006 0.04127956493480802
0 0.5385003176315207 0.8928525584452818 0.03147725897699054 0.039607970779006865
0 0.5046702182954507 0.9340639395327139 0.04401362041330899 0.04607615909060954
0 0.2659167905041577 0.8851117909921161 0.056431807181592394 0.03223184740221256