0 0.14736544186046382 0.4942692626909535 0.0351154796419344 0.036319308004454244
0 0.1416370735695815 0.5348579000238626 0.046854016039128955 0.048946577339272324
0 0.17613318708010187 0.5821692520289532 0.04745479333702489 0.0583215773392725
0 0.2232992813122908 0.6147732140356347 0.04176599784053163 0.04264203333863605
0 0.3209660232927263 0.6401464787157705 0.054766645588778216 0.05059998400699968
0 0.39032849013473425 0.7167913420591792 0.018128238741233017 0.03924431333545435
0 0.2969394355389424 0.7344686433799978 0.062078497840531634 0.04287839067472685
0 0.2628858081487614 0.777855016709089 0.05612888648947969 0.04749316534054522
0 0.21499782310815618 0.7077146920353166 0.02770349784053163 0.04247840133672724
0 0.05693499923403287 0.7097846273472266 0.053304275138427594 0.052144302673454136
0 0.16782482958656114 0.8338226586966805 0.045591904688076924 0.05361589600572714
0 0.24904455120893107 0.8230402473742708 0.018889702344038462 0.02676249466899989
0 0.2850623943613858 0.8344050087125888 0.04312823874123302 0.039535214672181594
0 0.2737150817460295 0.8772737613780889 0.04060401603912896 0.048873852005090514