0 0.5009826178365837 0.2628850180902231 0.11788662252816078 0.06066526232447185
0 0.5405039397443259 0.29375655981333715 0.08063799480421992 0.040031857756487634
0 0.6066206126408036 0.3042270703287867 0.08383940445914587 0.06355124491161739
0 0.6096252803415013 0.3471958203287867 0.10135468639013112 0.06913950361804462
0 0.4874714109154338 0.41474076718571184 0.09335651609154354 0.04381195499752551
0 0.6278232593062795 0.41820436114738957 0.12021394703379293 0.0716846494796016
0 0.7797899508921906 0.45419052803984583 0.08340236188449915 0.05730124491161739
0 0.6456170466851463 0.46116978912112216 0.09313799480421991 0.040686954997525504
0 0.5251952860414846 0.45330197817613127 0.09041718639013112 0.06856629353213642
0 0.46700572762739573 0.47827432270363596 0.09313799480421991 0.040686954997525504
0 0.5889189324548588 0.4963393272261916 0.08787134059717552 0.05442190637700648
0 0.6626349379027404 0.5375651927845955 0.09433986188449897 0.057874454997525505
0 0.2882033844323302 0.43698982417397386 0.09793475544788163 0.04249511646291495
0 0.2164647782478144 0.49083079715018096 0.10738616510280767 0.06634205223856356
0 0.30754324631682917 0.4909336957252714 0.08987088317182242 0.06075379353213641
0 0.30900183951189475 0.5229240021477066 0.09291947351689647 0.0375619549975255
0 0.25186668270696033 0.551843540252776 0.11319912252816078 0.06041960085908258
0 0.41746454953513784 0.5044782965843541 0.08340236188449897 0.05730124491161739
0 0.4205238475576665 0.5482282965843541 0.06410605866619026 0.048506099050060314
0 0.3832095178562542 0.5711811177061102 0.10091764381548414 0.06288950361804453
0 0.42723802330413585 0.6108511273170487 0.10662134059717551 0.055404552238563554
0 0.36236142231540014 0.6292459232240343 0.05084123416055819 0.03691350180902227
0 0.22859806353299428 0.6977392164174864 0.08383940445914595 0.06355124491161739
0 0.2929337151421486 0.7050028397778062 0.08405792574646939 0.06667624491161739
0 0.35388764063651645 0.6972998824054313 0.0763875373788668 0.04603619629109836
0 0.4509047522689139 0.6821462731786058 0.08987088317182242 0.06075379353213641
0 0.48785881302879125 0.5649897506773686 0.06610560124083734 0.05483798620519007
0 0.5907981427302035 0.545476190071062 0.06610560124083734 0.05483798620519007
0 0.4857492818541106 0.7797139919709413 0.14321440445914604 0.06666295680654795
0 0.2750028059914257 0.8270482581406003 0.14663433540139542 0.0933073439616777
0 0.7644430923618863 0.602058139980205 0.08307457995351371 0.05261374491161739
0 0.8046910339477975 0.6321893752808838 0.11966764381548423 0.0638721494796016
0 0.6631423083372141 0.7563185148108628 0.13071440445914603 0.06600785956550989
0 0.6006098213266644 0.6635268272261916 0.11319912252816078 0.06041960085908258
0 0.30409545424638534 0.6308626549066686 0.13751070767745457 0.07414790818602893
0 0.8048438532576496 0.6789006009706242 0.12773151609154354 0.04561347241038014
0 0.8093945954639794 0.7328477945481892 0.12646394703379293 0.07201219810012063
0 0.20365196589845325 0.9198289003841127 0.0763875373788669 0.04603619629109836
0 0.16139450201681235 0.5938053109449909 0.08285605866619031 0.04948874491161739
0 0.5073404225675017 0.710012323608147 0.07416947351689647 0.03657930913596861
0 0.39352893086537494 0.7966757626631562 0.07035605866619035 0.048833647670579336
0 0.36937016502593306 0.8296586810259503 0.10662134059717551 0.055404552238563554
0 0.4256419443590282 0.8551809814554918 0.09368429802252862 0.048499454997525504
0 0.33060794980690983 0.8875630342598821 0.08263753737886681 0.04636374491161739
0 0.7006316006597595 0.6913419679993661 0.07057457995351371 0.05195864767057934
0 0.6726487122921571 0.6696373863621602 0.07715236188449896 0.056973696291098365
0 0.4921749724316157 0.5153991864530173 0.08787134059717552 0.05442190637700648
0 0.7300738101787996 0.5224182276103044 0.07035605866619044 0.048833647670579336
0 0.6274347652583641 0.6018833203287868 0.07460651609154353 0.04282930913596861
0 0.5668468265224444 0.6259515841235966 0.08743429802252863 0.04817190637700648
0 0.5673495710745629 0.5886153584338562 0.0768245799535137 0.05228619629109836
0 0.8153775256499243 0.5401213839873111 0.07013753737886681 0.04570864767057934
0 0.825375238523159 0.5717808197629598 0.08085651609154354 0.043156857756487456
0 0.14901483431611467 0.5503452380142123 0.08340236188449897 0.05730124491161739
0 0.1852033426139879 0.6448698439616777 0.10694912252816069 0.06009205223856355
0 0.273008981233692 0.7428779760284248 0.0768245799535138 0.05228619629109836