0 0.6698251249983523 0.2173808628070554 0.06361821509696401 0.06624504809323425
0 0.5375756866867496 0.20949149565401273 0.057040932629560004 0.04727679328391084
0 0.5974825206962813 0.23788682496544022 0.05262616801906326 0.06273810217691826
0 0.6402973120921391 0.2723511050025071 0.03376707386326174 0.055833337748947984
0 0.5491092504037418 0.28804308158886216 0.049528441558013545 0.06419147477225655
0 0.616497347805954 0.3419741242398008 0.04069891233702041 0.09511409255827141
0 0.6860149610364789 0.3387647894860777 0.04673072402541774 0.08283234736759475
0 0.5812786424482228 0.4291938712445759 0.05276253571381488 0.07055060217691818
0 0.6233843218313717 0.4230331512816428 0.041852309252765355 0.07173115626060227
0 0.6799888778377261 0.44138135799773204 0.056214818181219074 0.08940972958158007
0 0.6570110738599666 0.5133208453838602 0.05643300649282175 0.10190972958158007
0 0.6089378124958809 0.5806646020072822 0.04031708279171564 0.07323909255827132
0 0.6206213806770999 0.6678099379421317 0.03861821509696402 0.06537202885594055
0 0.7163157102224047 0.6863565520999495 0.0511454886359143 0.0673710384745874
0 0.7316314241048479 0.30981141026731746 0.07222164772652384 0.11183036660488854