0 0.9260621140148452 0.587671803663716 0.04217077962517095 0.05572836829088246
0 0.8640622191876947 0.5664791216777431 0.05743206677218993 0.044229663787375625
0 0.7852840013201483 0.5301225146456277 0.061148100158284535 0.06474242288667434
0 0.7384771974800822 0.5247748781561481 0.04515938730530315 0.05124112739018098
0 0.564701065189344 0.6059981924695474 0.049710494985435005 0.046854016039128865
0 0.6073659383088822 0.5922954403100791 0.06873327962517113 0.05743057063492074
0 0.6131014612701359 0.637277273283501 0.06409124373179384 0.05869268198597286
0 0.5165159662847008 0.6749193707548924 0.05788670783841656 0.059854663787375625
0 0.7604000100956368 0.6052331361757126 0.0479206744523216 0.038941386489479514
0 0.6598029650310595 0.6731437245478054 0.051136602665567035 0.04226664558877822
0 0.7027382742814019 0.5694470280638632 0.049574102665567034 0.04216651603912887
0 0.800572717538342 0.7040804487910689 0.060511602665566856 0.04286742288667415
0 0.7632318419115214 0.6962085895994853 0.06409124373179384 0.05869268198597286
0 0.6914106662055584 0.716652695090441 0.04157974623907634 0.03541586829088246
0 0.5866405981797275 0.7396815800387613 0.048329851411925875 0.05300388648947951
0 0.6812029404204533 0.7715707325673699 0.05448892319868044 0.05027940468807692
0 0.7140776249019047 0.8253360826596549 0.05686977711788863 0.07850453423772627
0 0.7928678661264161 0.7536799305924717 0.049710494985435005 0.046854016039128865
0 0.8144557096207832 0.7918505590623868 0.0640457796251713 0.05713018198597304
0 0.6355207158889893 0.8351733551771888 0.054716243731793845 0.05809190468807692
0 0.5660184904330885 0.2648224799464762 0.07204013605166182 0.06388082973421945
0 0.47694763024567416 0.23250253084164024 0.07213106426490726 0.06700582973421945
0 0.31096126590162465 0.31500774290328615 0.056005959092057724 0.04881703423772628
0 0.2310464453685112 0.3177136358711708 0.08007995658477522 0.07219397748246603
0 0.3706508514784328 0.4425004896640837 0.07065949247815259 0.0700307001845701
0 0.5630416252976163 0.6630294424695474 0.05011967194503928 0.060916516039128864
0 0.8278602947353729 0.6001637068106334 0.07084134890464355 0.07628070018457009
0 0.7484850318032492 0.6381259793281673 0.07373902837152997 0.0686684592838688
0 0.6484730084462842 0.7397304472499094 0.053335600158284535 0.06424177513842758
0 0.6593208948936575 0.5283120858988574 0.056005959092057724 0.04881703423772628
0 0.8620043110327089 0.7448043807770418 0.07543792069139812 0.07345608883351815
0 0.6509351157307048 0.8972122802233313 0.08834709765100221 0.08831962523071261
0 0.5791594041313646 0.9160938857142874 0.0594946719450391 0.061517293337024624
0 0.8390883335982512 0.9405779557308993 0.0722674565847754 0.07169332973421945
0 0.37100254097444924 0.5380132487633823 0.04989235141192579 0.053104016039128864
0 0.4249315230277606 0.5406864682262839 0.049528638558944314 0.04060401603912887
0 0.7441395464512326 0.9219700532022905 0.04782974623907634 0.035816386489479865
0 0.6032812142396367 0.974777273283501 0.04493206677218957 0.04342862739018116
0 0.404017000133014 0.9635732557032126 0.040380959092057724 0.047815738741233106
0 0.5183726683171295 0.8801075185031391 0.04667642319868044 0.04977875693983051
0 0.5391003569552162 0.8133403230989309 0.07056856426490725 0.0669057001845701
0 0.5864898339939625 0.771762894813586 0.04006271034569906 0.0368782387412331
0 0.7435438160472738 0.7810446645533428 0.04873902837152997 0.06706638648947968
0 0.896583899512511 0.7399759808693268 0.04998327962517095 0.05622901603912887
0 0.6797122997499379 0.6345015291435973 0.05444345909205772 0.04871690468807692
0 0.6178511457515874 0.6892402914820984 0.061011707838416564 0.060054922886674335
0 0.28218539654301017 0.36247422578442307 0.0798526360516619 0.06438147748246603
0 0.39307508392745555 0.29052697948505085 0.04180706677218975 0.04322836829088237
0 0.2813790659807669 0.28258646668512444 0.04939224623907634 0.03591651603912895
0 0.4667730643979212 0.9049783081395362 0.049483174452321775 0.039041516039128865
0 0.43622174637209027 0.9327633466961991 0.04663095909205772 0.04821625693983052
0 0.38213363994559957 0.9355588772332976 0.036846782132453626 0.0335529796419344
0 0.46297136144105566 0.06723847624584837 0.051136602665567035 0.04226664558877826
0 0.5256244741357525 0.11978128778147054 0.055960494985435004 0.04725453423772623