0 0.5218876927230177 0.3467848863129349 0.023330492142117264 0.03214133794672147
0 0.5159266370986652 0.3743196373015181 0.03241439371369381 0.026273339923887827
0 0.410699789703699 0.2897138270351255 0.02562073821317572 0.04783000494291585
0 0.4341544063290875 0.30513323859411245 0.02540241439185813 0.04314250494291585
0 0.509073015510878 0.4377600547920041 0.02198631596343468 0.036765170950527094
0 0.4980456242783836 0.42339380726346204 0.024165246071058633 0.01658000494291585
0 0.49239278370784306 0.4610529747539481 0.03263271753501122 0.030960839923887918
0 0.491373939208361 0.48292797475394805 0.030488020678164317 0.018397172927693363
0 0.4857746025667618 0.5361803087463368 0.022821069892376044 0.021203837946721472
0 0.45141456513937434 0.5874854821683219 0.03165241439185813 0.043397172927693364
0 0.4172621970662439 0.5171384900769873 0.03241439371369381 0.026273339923887917
0 0.390115346156621 0.5642509120160975 0.03219606989237613 0.021585839923887917
0 0.39861705087135074 0.5826189100389311 0.031943512820281586 0.04964717292769336
0 0.4299184007475162 0.6304688196207516 0.029726041356328992 0.035521005931499164
0 0.41536574917593966 0.6248236560845984 0.019987168320799498 0.027326503954332716
0 0.3963053800693518 0.648993326540834 0.02562073821317572 0.04783000494291585
0 0.3916564214256807 0.6148729945256115 0.027726893713693725 0.026082338935304605
0 0.3772664356937043 0.622477247491361 0.024674668320799585 0.027517504942915848
0 0.3662754317647629 0.607329749962819 0.021331344499481996 0.022702670950527092
0 0.3790986093911874 0.666849330000875 0.022131865177646405 0.03989017095052709
0 0.3622022078196108 0.6612996669590133 0.03583049214211718 0.03265067391627667
0 0.3321893761404104 0.6360105068829012 0.022131865177646405 0.03989017095052709
0 0.320414968158693 0.6544249258562619 0.019987168320799498 0.027326503954332716
0 0.2990472363556581 0.677908846806789 0.03299659057054054 0.038773339923887915
0 0.2882210523190928 0.6424806827763441 0.018133569892376133 0.021012836958138336
0 0.27343080624803423 0.6586786857420937 0.015008569892376223 0.02088550296574958
0 0.2565515213018462 0.6695034392021347 0.024456344499482086 0.02283000494291585
0 0.26302199917593966 0.6310311882135516 0.04586046360606986 0.04709517589344294
0 0.4320845223353035 0.5672194031188489 0.031506865177646406 0.04027217292769336
0 0.45603359863782045 0.5217968151721275 0.02809076674922295 0.03389483893530461
0 0.4588118422276796 0.5458563976816414 0.03612159057054054 0.038900673916276676
0 0.41271174586617076 0.3637097425484451 0.019696069892376045 0.021076503954332713
0 0.4564617458661708 0.3619270666550022 0.01962329528527036 0.019514003954332716
0 0.46723442597379466 0.38176206418354425 0.01969606989237622 0.021076503954332713
0 0.4764467601341945 0.36813064570447507 0.019987168320799498 0.027326503954332716
0 0.38155379115144106 0.3462649159704302 0.01493579528527036 0.019323002965749493
0 0.3600983221686877 0.3214068374152489 0.01649829528527036 0.019386669961943957
0 0.3508881420610639 0.3015081728905124 0.01827911910658786 0.024137836958138335
0 0.4002908668347855 0.5466814100389311 0.023039393713693634 0.025891337946721472
0 0.4273991763880794 0.5338803211036265 0.01962329528527036 0.019514003954332716
0 0.3729449627820095 0.5813256654761385 0.01962329528527036 0.019514003954332716
0 0.33772874669474034 0.6677552554000264 0.016643844499481995 0.02251166996194378
0 0.474220672459138 0.5163771447158919 0.0215496683207995 0.027390170950527093
0 0.46926349876165485 0.4721323961987666 0.014863020678164317 0.017760502965749582
0 0.49148525517179564 0.44705414175014246 0.027872442927905538 0.029207338935304604
0 0.3679214766357484 0.43805316794759647 0.021549668320799586 0.027390170950527093
0 0.43119195637186875 0.6031250696207517 0.019768844499482085 0.022639003954332715
0 0.4101174770500332 0.5868289075674732 0.01827911910658777 0.024137836958138335
0 0.43775663358400846 0.5124045691264602 0.025946069892376043 0.021331171939110403
0 0.4784372915657258 0.49281231072350307 0.023112168320799497 0.027453837946721647
0 0.2956462162966662 0.4495755997725386 0.02482021753501131 0.03064250494291585
0 0.312364873659211 0.6765864273391367 0.018351893713693723 0.025700336958138337
0 0.42150443321250497 0.6604428211036264 0.027945217535011224 0.030769838935304605
0 0.4949141621200558 0.5241113902672676 0.01827911910658795 0.024137836958138335
0 0.47541714537083274 0.557656060723503 0.018133569892376043 0.021012836958138336
0 0.448542122211469 0.6156741491645162 0.018351893713693813 0.025700336958138337
0 0.32762600062368175 0.6837622573771928 0.019914393713693725 0.025764003954332714
0 0.3062989642297516 0.6394047623201086 0.019914393713693725 0.025764003954332537
0 0.39313130004278124 0.28185224749136106 0.01984161910658786 0.024201503954332716
0 0.3970182793646168 0.2988487465027778 0.024601893713693722 0.02595500494291585
0 0.3665173343697968 0.5184264174533049 0.01827911910658786 0.024137836958138335
0 0.391100073202145 0.2250119984799442 0.01649829528527036 0.019386669961943957
0 0.42549434388030943 0.20645565806176477 0.019696069892376045 0.021076503954332713
0 0.42505554218489844 0.2493607410655704 0.021258569892376046 0.021140170950527094