0 0.6229931255128821 0.24299406328089274 0.045405341901054184 0.04368429802252862
0 0.45053980536065785 0.2932568711907784 0.053026840912470875 0.03954310124083724
0 0.8644815830409867 0.45307852950832217 0.03864600593149916 0.030747255447881726
0 0.8244706897707885 0.5609021011639627 0.037274506920082474 0.03532549480421991
0 0.8518436146756482 0.6017674017843813 0.029207338935304604 0.028529191585911207
0 0.8475208706071473 0.6295099895315652 0.051273339923887565 0.03474634059717552
0 0.8894510440291323 0.6643820162667703 0.03864600593149916 0.030747255447881726
0 0.8111177969948817 0.6729268537618527 0.04177100593149916 0.030965776735204998
0 0.7805707925462576 0.6497571515322798 0.03902800790866543 0.04012225544788155
0 0.7570643083635883 0.7228997205900303 0.036348676882026254 0.0508412341605581
0 0.7875330583635883 0.7250303031414341 0.034022172927693536 0.03198197351689647
0 0.7858087322798649 0.7591867818541107 0.04046317391627667 0.03710651609154336
0 0.8172351458160183 0.7465828750491761 0.04508700692008212 0.03587179802252862
0 0.8523250702265864 0.7856507288879035 0.04208934091247087 0.038778276735204995
0 0.8873367401885304 0.8036794630484616 0.03727450692008212 0.03532549480421991
0 0.6412947283255322 0.730384802637231 0.06791701186299796 0.06083894703379293
0 0.5509907218997416 0.693688195948512 0.043044345855386724 0.062215776735204995
0 0.5642202337627398 0.7507030204541443 0.03727450692008212 0.03532549480421991
0 0.6077765741809191 0.787246807833011 0.06096667490485981 0.04321440445914586
0 0.6289631660819733 0.8292375658787827 0.061348676882026075 0.05258940445914604
0 0.6662748236866276 0.7890003319703262 0.04314250494291585 0.02638753737886681
0 0.7124905904925415 0.871692499671024 0.04884867688202625 0.05171531930985225
0 0.6587116744849302 0.8710480074646941 0.06935217787060921 0.05782320767745475
0 0.6887785178688592 0.9206709490506053 0.05471667490485963 0.04277736188449879
0 0.57672418684222 0.9237416827069603 0.05334517589344294 0.04735560124083733
0 0.511571372127203 0.9914956802735583 0.06897017589344294 0.0170086394528834
0 0.6304022851690648 0.9865184211809431 0.0565975098858317 0.0269631576381137
0 0.6957089501880928 0.9951628506597597 0.011255834980972068 0.008577324505632334
0 0.6847886962337602 0.9757026564759583 0.046967841901054186 0.04379355866619043