0 0.6551890205454317 0.20666535586872153 0.05305506763635783 0.06375866311182729
0 0.5455413334079049 0.18872596892407908 0.07386447510489073 0.05097023677523325
0 0.5421571468950779 0.25797649786327426 0.06408765601864026 0.08617969468185845
0 0.5065874224148871 0.3063453794050705 0.05580155933798814 0.07947466837349922
0 0.467916008722577 0.33449276620853857 0.08127515601864026 0.08718075256024882
0 0.5459934645314359 0.3189595004941102 0.058216164317009954 0.07028167889684286
0 0.5617620197202392 0.4027884689240791 0.06879846680652087 0.06623121572854576
0 0.5251267027085811 0.43709485046587526 0.05184776514684693 0.06835515785015538
0 0.5101412427505375 0.4568004057134297 0.04609467261537965 0.0540196420651398
0 0.4553460763589349 0.39643132408692894 0.0564168659766839 0.06706567363517105
0 0.4475228435803745 0.4588781161803038 0.0607258576783142 0.08287268415851479
0 0.4740154112167323 0.5185415425168978 0.04718357593472753 0.04786064732681172
0 0.5033127475244223 0.5427302004376404 0.056535265146846925 0.06862817363517096
0 0.5433932958647483 0.5435345662650082 0.060489059337988135 0.07974768415851478
0 0.5594793145360802 0.5072862531249461 0.08198555103961844 0.09655575256024881
0 0.5809981944102114 0.4495346663073606 0.05341026514684692 0.06844616311182747
0 0.6039513649509988 0.5039113531672983 0.05078217261537983 0.05429265785015538
0 0.6215164506339887 0.4354042768730566 0.06252515601864025 0.08608868942018652
0 0.6427985321677938 0.3745276900554711 0.060489059337988135 0.0797476841585147
0 0.6822987400512451 0.357317803252003 0.0720418659766839 0.0679757262518895
0 0.6669268068624105 0.6101011690087838 0.07490675684847722 0.08525423151356151
0 0.5773664767784978 0.5776519610315713 0.08368976099766208 0.07798776308359248
0 0.67942865209317 0.7129531532237682 0.06396925684847724 0.08461719468185844
0 0.7048537819673012 0.654974053252003 0.03288427759440164 0.04391659997176518
0 0.7447818875710229 0.7366111901260582 0.04176237012586874 0.05843412628012441
0 0.85362132345915 0.56783953234649 0.047183575934727884 0.0478606473268119
0 0.9132923213845576 0.5682875824029597 0.039252676764564856 0.04584312101845249
0 0.8518481037528438 0.6997720718090289 0.02088118506293455 0.029217063140062293
0 0.8768606817621641 0.739904248145623 0.06420605518880329 0.08774219468185844
0 0.8454097722190388 0.7597841086407318 0.04008147095570571 0.05678062101845249
0 0.8313929711794206 0.6680061323182551 0.057268970955706065 0.05778167889684287
0 0.882031588605997 0.6320994534214123 0.07886055103961845 0.09637374203690499