0 0.44084279333095155 0.2067678068672068 0.046481516091543364 0.04110018899896399
0 0.45825988627391556 0.16441548697483063 0.060041271539424915 0.079109611248705
0 0.43046303218308674 0.05833030686720679 0.05785605866619044 0.04785961124870499
0 0.4903679099070276 0.07435125910073713 0.04579310124083733 0.05352741439185815
0 0.5381387743894166 0.10739704549466726 0.07773151609154336 0.04255568114108117
0 0.52993279048096 0.1469689677444083 0.054403276735204995 0.04302656203449331
0 0.5525997481584145 0.2133195597626909 0.05182457995351371 0.05069351282028158
0 0.4940059981584146 0.21604860752916055 0.05295003737886681 0.044516287427387446
0 0.6124392878830699 0.16115343817490368 0.06308986188449897 0.05589043507002258
0 0.22779612613445693 0.3209352764691327 0.08282320767745457 0.07082623035529281
0 0.24023042415698553 0.36424862882649756 0.04168475544788164 0.039319365177646406
0 0.2162355492830363 0.40220454714729714 0.07479218639013112 0.0673373573197635
0 0.14791723801895595 0.37795371794929605 0.05516810124083724 0.05396406203449331
0 0.11136237898444856 0.3820076712162837 0.06912134059717552 0.05305653349844599
0 0.17959320893796232 0.42742502502139057 0.04880884059717552 0.05211046360606986
0 0.1240151982943006 0.4284460235736486 0.06265281930985207 0.04964043507002262
0 0.13901176760415265 0.47477521402035466 0.07555701089576328 0.07827485731976366
0 0.16419208406401312 0.464980683003108 0.054512537378866854 0.04458906203449331
0 0.48610492491329016 0.5738268742783836 0.040012994804219916 0.03768409057054054
0 0.4660598587055313 0.6570589052956303 0.05774679802252862 0.04629711124870504
0 0.4282702816020091 0.6658731331697237 0.05741901609154336 0.041609611248705033
0 0.3893170422456708 0.6692549983473702 0.05963707995351371 0.051057385855810725
0 0.3267677657625673 0.7050876445422632 0.06610560124083724 0.054473484284234173
0 0.3669392976935525 0.7079193920610638 0.05171531930985207 0.04913101282028158
0 0.566069838426614 0.9439724003332316 0.05327781930985207 0.049203787427387624
0 0.29039285920973434 0.8125940835412273 0.039685212873234656 0.03299659057054072
0 0.36810831378509584 0.7470546666681697 0.04168475544788164 0.039319365177646406
0 0.2552262655104657 0.6347430653442622 0.05226162252816069 0.05694351282028158
0 0.22403624967102384 0.670682719397038 0.05226162252816078 0.05694351282028158
0 0.1532431484301866 0.6222495275025899 0.05887225544788164 0.04011988585581072
0 0.16560103679778918 0.642052605252849 0.03743429802252858 0.045351041356328815
0 0.2046196141534129 0.70685781389652 0.07762225544788164 0.04099318114108108
0 0.2502270450956624 0.7313826248975561 0.06032549480421991 0.038630160462916764
0 0.21049790957805142 0.7685037892894142 0.07210422896477811 0.07344180810555194
0 0.23051048877526056 0.5951369098437442 0.06087179802252862 0.046442660462916764