0 0.6865960359035419 0.2773251406365165 0.051418336056041625 0.06443384059717552
0 0.6514573164887502 0.24210890647595829 0.04763871941479181 0.03609031930985207
0 0.4115233007211807 0.25497026735205114 0.04335126291777787 0.05295003737886681
0 0.3387294188810422 0.64610908355981 0.05610583605604171 0.0647616225281606
0 0.6116051808488894 0.741628305235121 0.06548083605604163 0.06541718639013112
0 0.5736681165443408 0.6867169301090703 0.06046602773541672 0.05102690445914604
0 0.518726696616459 0.7054944272590786 0.04618532218833345 0.04066855866619044
0 0.5165290701915631 0.7451196559717552 0.047966027735416715 0.05015281930985207
0 0.4843387385039244 0.9706224005238736 0.04327852773541672 0.04982503737886681
0 0.3671324014979521 0.9281074825710742 0.0556330573706945 0.04444912252816095
0 0.8070846010611119 0.9300127340836836 0.03223192496187508 0.04437271287323483