0 0.5552585699793191 0.15558446301188372 0.05036362667090888 0.03154089149054777
0 0.7489273013208188 0.09655087235821651 0.050418170671545325 0.036228391490547775
0 0.7399250186585004 0.0644650802037388 0.05975680800445442 0.033157933645025485
0 0.4650597366327288 0.2527225625443455 0.039535214672181594 0.040852258976990366
0 0.527676820615866 0.3773140172666098 0.056649989337999786 0.03470225292686617
0 0.49201149327659355 0.42085948418731844 0.04107953333863605 0.039298849336070064
0 0.5303012866009121 0.4874929931643089 0.044204533338636054 0.039317030054229284
0 0.5886041352641851 0.5128338816297946 0.056722714672181596 0.04095225292686635
0 0.6746592665897763 0.5703696465587134 0.052089758672817864 0.04561248184962743
0 0.5998950765834129 0.6168128545024315 0.04418635200509069 0.03775453005422928
0 0.830427461250822 0.612684932466675 0.059829533338636054 0.03940793364502539
0 0.46664731926323044 0.5191560836215844 0.04885567067154532 0.036219301131468026
0 0.4429291032781844 0.40885438787631045 0.05977498933799978 0.034720433645025396