0 0.1773719751063803 0.26513940889862136 0.06690327673520509 0.04510468639013112
0 0.20751257919720914 0.15652387956552624 0.07962179802252863 0.049103771539425
0 0.317647049864114 0.17136799354371218 0.06835651609154336 0.04365144703379289
0 0.3652979460253867 0.20146540294653667 0.05327781930985207 0.05037134059717552
0 0.30817386087609283 0.21789878611835914 0.04513753737886681 0.04513753737886681
0 0.370128285614156 0.44368575393527243 0.06701253737886681 0.04666718639013112
0 0.49717175083317927 0.49466410986768655 0.0377620799535137 0.0508412341605581
0 0.40638285986768663 0.5033449772000672 0.04768338317182241 0.05930929802252862
0 0.3447897960057162 0.516981142302875 0.077228771539425 0.08158848960843983
0 0.3658946176613568 0.559818852326118 0.12882412252816078 0.0634283514929388
0 0.2942820615930565 0.6277983100035727 0.08845049480421992 0.04194683540139543
0 0.4242209338691157 0.637370415935987 0.05763753737886681 0.0460116225281606
0 0.35014429550151316 0.6627635358662576 0.09644866510280767 0.06738387797604233
0 0.45998237931342467 0.2593711020740165 0.07082595222957302 0.034494968321116384
0 0.4164948232451244 0.32538386816555986 0.08296531930985207 0.05244729282674854
0 0.33589503326836756 0.3551202806704775 0.08929172896477802 0.07621257475773362