0 0.11752525968673658 0.5552182680561673 0.05893989532659725 0.0504563569862416
0 0.12704638326184076 0.595362118418987 0.05399782218833336 0.03935516587924912
0 0.17023268559854215 0.572671152084251 0.051018292553055566 0.04549603847458741
0 0.2369480601235769 0.5882713594333124 0.043133057370694415 0.04209821996293304
0 0.19973965406340327 0.6330282987262065 0.04327852773541672 0.04834821996293322
0 0.18266191004732693 0.6706820661494015 0.04447735182361114 0.03277778366526398
0 0.21658296836795196 0.6859176857495151 0.03677395459715278 0.037192465153609786
0 0.24214666603125057 0.7110094549868087 0.048002395326597204 0.050074411069925516
0 0.29804986749427137 0.6309970619730503 0.03993532218833336 0.03886409255827132
0 0.32548584289298665 0.7029911130615094 0.043060322188333354 0.038973219962933216
0 0.4087165701915631 0.7238517392850448 0.05566942496187508 0.04409722958157989
0 0.40266789836382005 0.7993601707733905 0.062101262917777865 0.05212798439090349
0 0.3765060950771882 0.8491865559826005 0.05090918977951393 0.04080853847458741
0 0.31747593398302154 0.8283904171451933 0.03546602773541672 0.04807540145127902
0 0.3145879765360771 0.8720040078893664 0.0320500870059723 0.03546627404661677
0 0.41705966631559105 0.914613148540872 0.06366376291777787 0.05218254809323426
0 0.46346123441986187 0.8623710914619631 0.05225348423243048 0.03148810217691818
0 0.4796317482875702 0.8863542284852717 0.06802395459715278 0.038283739200226916
0 0.4837750408406258 0.9302133558899334 0.05581489532659738 0.05034722958158007
0 0.4938955764598272 0.9625719881039185 0.05697735182361115 0.03321429328391083
0 0.5506722533215633 0.9536260632389947 0.02888871941479181 0.03379464664195524
0 0.5922051366803133 0.9269742832019279 0.048002395326597204 0.05007441106992587
0 0.6583197927404868 0.8832267724021545 0.060611498100139015 0.055198420688572725
0 0.5050785046527435 0.5039608799365505 0.03666485182361114 0.03250496515360979
0 0.3494513261754867 0.7600322867453069 0.06682513050895836 0.05385417549789597