0 0.7085114728511437 0.27452421542804106 0.04495967292769336 0.0301965773392725
0 0.6393940583264073 0.2838713960852688 0.051719008897248564 0.042769302673454225
0 0.5926954718625606 0.2684912967456782 0.026209672927693363 0.029978401336727068
0 0.7533212485543063 0.3968628394334499 0.04495967292769336 0.0301965773392725
0 0.852761468933992 0.6525866754455403 0.04177100593149916 0.028597714672181595
0 0.8532363128122127 0.7025684941119948 0.05576983893530461 0.02719884667409058
0 0.6014814477166348 0.9440543707431328 0.04709517589344294 0.04427725867281822
0 0.5776009373365115 0.8945810820734966 0.05053851087441501 0.05212612133990859
0 0.5550202831918984 0.9536651807367695 0.023339340912470873 0.03619203866963616
0 0.487624536157648 0.9669367927275427 0.04215300790866543 0.03797271467218124
0 0.3957434422794274 0.9158913660486796 0.0628475098858317 0.047584072008272214
0 0.4373222223568522 0.2690260040579064 0.04122717787060921 0.053579533338636055