0 0.6460165484400701 0.712553736196987 0.05897626291777769 0.05100912094116268
0 0.4754358639788897 0.9329229630650737 0.06849673328249999 0.05742276217486477
0 0.35603124733763963 0.9027251741048479 0.10098323138263901 0.11109323295387127
0 0.38711432712541727 0.7283388287312306 0.055705792553055564 0.04470457386326192
0 0.422253046540209 0.761751346588138 0.07343880642076392 0.06844208279171564
0 0.2944735386564242 0.7743586663942101 0.06558993882958344 0.06674321509696383
0 0.26260594281673677 0.7808308088457282 0.0684603656913195 0.055860262174864596
0 0.2310097974901395 0.7318614748361966 0.06871493882958335 0.06679776217486459
0 0.17924727573864643 0.7223676980508353 0.06533536569131951 0.05580571509696384
0 0.1852939879352435 0.5459824760540126 0.048002395326597294 0.04925570616851012
0 0.1532607783040976 0.44468302881395605 0.07521951196784729 0.07784435633066593
0 0.13607197188333364 0.3772227934244527 0.0874649388295834 0.06712504464226879
0 0.36103299145062523 0.24526723011120236 0.08771951196784719 0.0780625446422687
0 0.4301278303564585 0.22773090259449247 0.06406380642076392 0.06827844155801363
0 0.4049998905769446 0.1882456627407622 0.07808993882958344 0.06696140340856664
0 0.5159549211621529 0.15738322077571149 0.09273432028847228 0.09220686525911974
0 0.6504974945847573 0.3682406745085897 0.06715243882958344 0.06677048863591431
0 0.6005248233256951 0.8382707564895264 0.05414329255305557 0.04467730032431163
0 0.6103218637914585 0.11842190665168224 0.05566942496187508 0.04314207386326192
0 0.5428830567051044 0.2742122106294418 0.052726262917777864 0.050900026785361166
0 0.5128675951740973 0.2260514001588605 0.06199216014423605 0.04637616801906326