0 0.9481643591700397 0.3141158307565302 0.0735386858759707 0.09656708279171564
0 0.7053865239426921 0.3208122954497523 0.09061709172016955 0.09061709172016937
0 0.6364689285690748 0.3547548729664622 0.06490797970746058 0.04955571509696401
0 0.589467243503883 0.39142303002847684 0.061782979707460585 0.049501168019063256
0 0.6080496481302655 0.4268929257264057 0.033685253246410876 0.05057274431795715
0 0.6751416907439394 0.4225969379012703 0.06655230032431163 0.054270488635914306
0 0.6522496615229463 0.4534378348170153 0.05863070616851011 0.04788412094116268
0 0.775673524753471 0.45481119439409207 0.09050799756436803 0.08436709172016954
0 0.7050706984545771 0.4816952483718516 0.06647047970746059 0.0495829886359143
0 0.7223497017009881 0.5319816205308301 0.06501707386326191 0.05580571509696384
0 0.7610167353862082 0.5100072090045886 0.054079573863261746 0.05561480032431163
0 0.6226360738599667 0.5466423640380084 0.06633411201270896 0.0417704886359143
0 0.6433537228043065 0.6149520332748877 0.061946620941162676 0.05887616801906326
0 0.5958611140380083 0.6234951903369023 0.06345457386326174 0.055778441558013724
0 0.5952474594116258 0.5883389403369023 0.04922843262955982 0.046157979707460585
0 0.6279838672844194 0.6740406611159091 0.07323867694751698 0.07937958279171564
0 0.5881225263750288 0.7170815491032003 0.07609094155801373 0.0638091298696164
0 0.6139952796214396 0.7675179257264058 0.07776253571381489 0.0700864034085665
0 0.5267992426898088 0.7386604943146619 0.09198867694751697 0.07970686525911966
0 0.40135318343704346 0.6661797479681099 0.04303297970746058 0.049173885551659066
0 0.44902307020651866 0.6677928409060951 0.05863070616851011 0.04788412094116268
0 0.48997535267392267 0.6872519529188039 0.041361385551659066 0.04289661201270896
0 0.4483412317327602 0.6287303409060951 0.03522047970746058 0.049037517856907444
0 0.46662758157060436 0.6024951233734992 0.06973184740221221 0.057450035713814886
0 0.5350872552717105 0.6318065223178391 0.04799321509696401 0.06488070616851012
0 0.5000616444768177 0.5491888912304067 0.06803297970746058 0.0496102621748646
0 0.5846451501588605 0.5178627991032003 0.08749209172016954 0.09056254464226861
0 0.5353388510523649 0.4224997061652149 0.06331820616851011 0.04796594155801355
0 0.5093587779998818 0.500147419233584 0.08061480032431163 0.05451595048646727
0 0.4322292621715693 0.555814992286067 0.10626936525911965 0.0924523271096728
0 0.47914339813026563 0.4246428587630026 0.054297762174864775 0.06811480032431164
0 0.42412861566286153 0.4049382848997408 0.09171594155801355 0.06408186525911966
0 0.3689871481302656 0.42272007426700375 0.05594208279171564 0.07282957386326191
0 0.3712530316533299 0.3735558713449044 0.07603639448011287 0.06068412986961622
0 0.33630924147528807 0.2956257402574721 0.053861385551659244 0.04311480032431163
0 0.3911643368489054 0.2614377008902092 0.11073867694751698 0.08003414772652384
0 0.33663434415250604 0.49322744317957135 0.05229888555165925 0.043087526785361166
0 0.4280854586008469 0.4526490819776415 0.07323867694751698 0.07937958279171564
0 0.5486104184228051 0.37743266801576797 0.06493525324641088 0.051118215096963834
0 0.6867918514561067 0.7320810320570716 0.07595457386326192 0.0559966298696164
0 0.6957771136309713 0.7994048997518235 0.06501707386326175 0.05580571509696384
0 0.6750924667152265 0.8224742069759937 0.06493525324641088 0.051118215096963834
0 0.6315742917963043 0.8349917978853844 0.061946620941162676 0.05887616801906326
0 0.6799264224799948 0.5624815982096958 0.07137616801906325 0.06216480925276535
0 0.4785064241048479 0.3434064955324779 0.06814207386326192 0.055860262174864596
0 0.32390647321134347 0.4352103916374439 0.06978639448011296 0.06057503571381488
0 0.3501086887153445 0.32554506533855 0.05704093262955982 0.04629434740221221
0 0.4019030137964224 0.3397263421239112 0.07768071509696402 0.06539890340856669
0 0.5913605746707455 0.6788684829505762 0.07450116801906326 0.06221935633066593
0 0.8264626830333016 0.3666623579489285 0.07611821509696384 0.06537162986961631
0 0.4947622642001642 0.6482849103051302 0.0666068474022122 0.0573954886359143
0 0.8542815401747464 0.5733350978026588 0.08212275324641069 0.051418224025417736
0 0.7497339565689567 0.8479884500761351 0.07600912094116268 0.05912162986961604
0 0.8910336976437983 0.3521692098153676 0.09368754464226896 0.08754663879807012
0 0.8672746436660388 0.42282658319216215 0.09012616801906326 0.06249209172016936