0 0.32354385128900204 0.3475396406515328 0.06804202267663592 0.07774307063492074
0 0.38865123062541096 0.3290387669619796 0.06462612133990878 0.052542811535622215
0 0.4408773492998197 0.2753117921004072 0.030287484006999675 0.053464961443337164
0 0.4032324459739103 0.21817111813399884 0.08882723734881744 0.11966975478036197
0 0.26944669728677484 0.3604914211886312 0.03971702800763595 0.05875323874123302
0 0.2728529606142751 0.40371049506275447 0.03799089600572696 0.04459060919158375
0 0.27918422927277553 0.4643173280361765 0.05704997867599957 0.07235466378737562
0 0.30620071526895754 0.4941945951550396 0.06666133601209037 0.0932679410852714
0 0.27993765993000325 0.5339487075858258 0.04115225867281787 0.04791586829088246
0 0.25075868992682154 0.5555338109173134 0.0413704346753633 0.06666586829088246
0 0.2453086686028211 0.4863832927187161 0.04927384134309047 0.07497901603912886
0 0.3411927859245944 0.5777475747969739 0.045985209341181485 0.060716256939830335
0 0.29707006858691276 0.606975197406793 0.020512494668999893 0.018489184145441227
0 0.29904164859168525 0.5719190769564423 0.03664657200827239 0.0632404796419344
0 0.2604058625875491 0.599934652990034 0.04589430267345431 0.05290375693983016
0 0.291037697247004 0.6550622439830203 0.049219297342454206 0.07029151603912887
0 0.3267752025780041 0.6745527236249547 0.05059998400699968 0.054766645588778216
0 0.2989496472390498 0.7142067065060915 0.05083634134309047 0.07507914558877822
0 0.4419013105904126 0.5904559307493551 0.036464758672817864 0.0476154796419344
0 0.369970671904868 0.7250126010151356 0.04146134134309047 0.07447836829088246
0 0.3446808652530492 0.6139353986710973 0.08690111067790855 0.08831962523071261
0 0.25043033123809527 0.7181339404669627 0.04941929201145401 0.08747901603912886
0 0.2456524719128222 0.65840848704319 0.04296929734245412 0.06989099784053181
0 0.21990013594050276 0.45269990514950215 0.049146572008272396 0.06404151603912886
0 0.18251721992363987 0.574615675507568 0.06666133601209037 0.0932679410852714
0 0.3736080332988652 0.2780374714654864 0.04752952800763595 0.0592538864894796