0 0.4992808806543406 0.9332650986233235 0.05487103847458741 0.05092730032431163
0 0.4865874184959559 0.8607861266265008 0.06575397477225664 0.04955571509696384
0 0.5324505008026081 0.763833260149565 0.08494048439090349 0.06238299756436803
0 0.6536781708582085 0.6983974005724882 0.09464286660488845 0.07192163879807012
0 0.5921677519837345 0.6830548185915515 0.07104167549789597 0.06682503571381489
0 0.9033160723094873 0.7284359078793841 0.07562004809323426 0.06378185633066594
0 0.8278522808396751 0.7164637877490005 0.07071429328391084 0.057450035713814886
0 0.7248339190441101 0.6541604310112973 0.0896279843909035 0.06246481818121907
0 0.7866022543459872 0.520188805605908 0.07071429328391084 0.057450035713814886
0 0.770669719499597 0.5564263145343616 0.07756449400955034 0.0747466298696164
0 0.8474603979927178 0.5840097978952701 0.011319445916316085 0.011128414772652384
0 0.8344420428205748 0.5693842362068728 0.042207347367595106 0.04602161201270878
0 0.8659375794810635 0.5758700154278661 0.09593254809323426 0.06413641233702042
0 0.9412451143274538 0.5385961120192995 0.058978185116542646 0.07910684740221222
0 0.8907639315731636 0.3018324975709586 0.058105165879248945 0.05410684740221221
0 0.823239125675381 0.270960372976348 0.07422123920022657 0.06844208279171564
0 0.8390898149682752 0.2323791140478943 0.07885417549789579 0.06696140340856668
0 0.25527532095872496 0.1690873705374208 0.09765873920022675 0.0688511858759707
0 0.7539831502701525 0.10097120130383681 0.13263393992586625 0.08663870373287823
0 0.6443875056119316 0.7681332021146157 0.04700397477225664 0.04922843262955982
0 0.6463517988958424 0.8243832021146158 0.10267362141421188 0.07830800649282174
0 0.7770933674074967 0.8299183616122623 0.08806548439090331 0.06243754464226896
0 0.721225280206703 0.5955939545502477 0.08683036660488845 0.07178527110331831
0 0.7685863420101173 0.22813767330065962 0.08548612141421189 0.07800799756436802
0 0.3867658792187602 0.03937082264874119 0.08477679328391083 0.057695497564368016
0 0.3967063636096636 0.10017195495398949 0.12087798439090332 0.06301028896022584
0 0.34271083357259674 0.14332766558672655 0.10908731252120454 0.08310460064862313
0 0.27673614790789974 0.26877372483949186 0.027108137023308564 0.016088650162155816
0 0.23833584681944062 0.24364703977430002 0.10267362141421188 0.07830800649282174
0 0.5804465127835078 0.6160309598252535 0.07512897477225663 0.04971935633066593
0 0.7665873986256899 0.7081524557680636 0.08957342068857237 0.06090231818121907
0 0.7950000861044855 0.6263569849890569 0.09151786660488845 0.07186709172016936
0 0.6228275080590023 0.9342354890462466 0.07879961179556502 0.06539890340856651
0 0.0943427662420688 0.060109611201929945 0.04059028366526396 0.04443183847375849
0 0.08054565027015248 0.11272609659143336 0.027762901451278844 0.034838650162155815
0 0.19944198320977702 0.1372294444006827 0.0531448473675948 0.04621252678536121
0 0.12740329210278448 0.13379652719239832 0.06435516587924912 0.05421594155801359
0 0.5486508095259797 0.10846392167580651 0.05815972958157989 0.05566934740221226
0 0.7074330432839109 0.043935997163921506 0.08639385698624161 0.05928527110331836
0 0.7825967343909034 0.04731436729430518 0.08283234736759493 0.04673072402541769
0 0.15329868102500957 0.5171720888807956 0.06101191106992569 0.047911394480112966
0 0.11784979826287026 0.7108772244324548 0.06775298439090341 0.062082988635914306
0 0.2494420825611064 0.8750879545469523 0.06704365626060227 0.04177048863591395
0 0.39870052729629607 0.9631628786550955 0.05276290145127884 0.03527502678536152
0 0.520352294086519 0.820328722000118 0.051800602176918176 0.0524352532464107
0 0.46436269971414906 0.7392247723244296 0.08247024881887377 0.08107845048646745
0 0.7530258956304652 0.7451303043880919 0.06273810217691818 0.05262616801906326
0 0.7027084039831676 0.513054189939751 0.06408234736759474 0.04640344155801372
0 0.5360466936388812 0.4862576850684871 0.06580853847458741 0.051118215096963834
0 0.6301984869227921 0.5408985462704171 0.08305060217691818 0.05298072402541756
0 0.44680314436452073 0.5050134135581317 0.08973711179556502 0.06558981818121908
0 0.3359574136018144 0.531963471593081 0.05147321996293312 0.04306025324641087
0 0.3280506220471841 0.19361403774570513 0.08294147477225655 0.049855724025417644
0 0.4371354453681618 0.20578102678865653 0.08310516587924913 0.05454322402541774