0 0.186044884102912 0.30195861975432586 0.044070904567984306 0.03716503087881238
0 0.23763171754914011 0.22834527500631766 0.05574538896415202 0.05154577962517113
0 0.3281405308689802 0.26305890729705583 0.04472600180902227 0.049665030878812376
0 0.36690645974722397 0.22506481380268886 0.06437676051544958 0.06739810015828454
0 0.5675139693581623 0.18943250534376935 0.05130355042954129 0.056096887305303114
0 0.5235050197877038 0.1333810821450889 0.06232293758467104 0.05797763605166186
0 0.3128474807781232 0.09204171364440426 0.06355788896415202 0.051773100158284555
0 0.6681314450479029 0.19548994022093227 0.04760534034363317 0.04506845909205777
0 0.3212409984181203 0.4842890496169239 0.05895227611928178 0.053199207838416564
0 0.2656294855278215 0.3958199315119506 0.06668288896415202 0.051864028371529966
0 0.19677658695273106 0.48536215314042075 0.06331222749876275 0.04708560015828454
0 0.20698042458283067 0.5146093839400908 0.04744156603337348 0.041943459092057725
0 0.14402007915081494 0.4767851235152495 0.05426477611928182 0.05306281551854859
0 0.14009721901947816 0.4023390529821361 0.035848968792335525 0.029125210345699058
0 0.18601947139432734 0.5562513146606186 0.05377345318850333 0.04368781551854859
0 0.1638335329051451 0.6361972274344578 0.05081222749876284 0.046721887305303154
0 0.14289359113660255 0.5878590158351176 0.033133404567984304 0.036846782132453626
0 0.2634240971294964 0.6469194302583094 0.03609463025772479 0.03381271034569906
0 0.27533759893851867 0.5987547148980454 0.048267081637205764 0.02792642319868044
0 0.35350910730626167 0.8091586689755383 0.04760534034363299 0.04506845909205772
0 0.3064769770485369 0.8406527098834806 0.049659163274411534 0.05448892319868044
0 0.2652721229100939 0.8206751790046681 0.05113977611928178 0.05297188730530315
0 0.22587875226330753 0.8109220942857899 0.04028416327441153 0.05421613855894449
0 0.15453934079791828 0.8135409774344579 0.05878850180902231 0.05007420783841639
0 0.29958184588630093 0.8975702996169239 0.04711401741285455 0.03569345909205808
0 0.3611434656285762 0.9322240959351425 0.06832727611928177 0.05347199247815269
0 0.513241554163187 0.941344346330854 0.0514673247398008 0.05922188730530316
0 0.42331923903432445 0.9551591422533612 0.05533595318850324 0.04373327962517095
0 0.4374470160581175 0.8796734089464084 0.050566566033373485 0.04203438730530316
0 0.6453479630265843 0.3614870132613281 0.04768722749876275 0.04663095909205772
0 0.6377678363869042 0.29710626451496935 0.06873671189493055 0.0612844924781526
0 0.33895636363783976 0.6389454573761981 0.05944359905006032 0.06257420783841638