0 0.40663973898254613 0.49667144561372983 0.057872684158514785 0.057553550429541286
0 0.34329059954824215 0.45845879466379014 0.0551117052052021 0.06363977611928177
0 0.4120699626035996 0.5629958084586001 0.04197466837349921 0.05204717887824373
0 0.44976665465462223 0.6182255410457456 0.04582771046687384 0.06471095318850324
0 0.46674975732781043 0.5734519516066235 0.042702710466874017 0.06454717887824372
0 0.48701748372087417 0.49089175712454763 0.049498742036904984 0.07424972749876275
0 0.5123961862952404 0.5499015869527311 0.057311242036904984 0.07465916327441154
0 0.5529448625612474 0.600280045229617 0.0542772472985769 0.07605788896415203
0 0.5436069308923942 0.6955892232033497 0.05905575256024882 0.07786605042954128
0 0.5820400993364806 0.6692823507475409 0.05813028939195171 0.08872166327441153
0 0.5270634439759867 0.7748196997976013 0.03977513154179633 0.04102779172311397
0 0.5447815649944393 0.8099383282463037 0.03434417889684287 0.05476274310259512
0 0.4964427755319004 0.8007171364777612 0.04252069994353036 0.06142217887824373
0 0.45330742556013526 0.7731996460886996 0.04306673151356133 0.07079717887824373
0 0.6362333176252751 0.8059291796712132 0.05015118942018652 0.05870661465389269
0 0.6409810017837898 0.8605347925160836 0.07688028939195171 0.08970430913596843
0 0.590298462321251 0.8514364314802355 0.07264781570031094 0.09727114767057934
0 0.5807498860975964 0.75476614936806 0.04252069994353036 0.06142217887824373
0 0.6129414888413718 0.6347502204898162 0.05189569994353036 0.06191350180902226
0 0.3871092180064459 0.4169806235874624 0.059981215728545846 0.06701043758467104
0 0.44406414427245283 0.46649926673548603 0.06043624203690499 0.07482293758467104