0 0.6353415563204019 0.14400037408495064 0.08115144703379293 0.0665158853437268
0 0.5604290376309684 0.12205210140831473 0.08474634059717552 0.05094542934436315
0 0.37932650310209315 0.13321522605027042 0.0731204257464693 0.06329997867599957
0 0.5392367346647612 0.1873771094048149 0.07624542574646931 0.06333634134309048
0 0.4697054846647612 0.18656804006204258 0.07890053218308672 0.07897952267663592
0 0.5099373647344906 0.11443904873486051 0.08940098960843983 0.07285679201145401
0 0.4013596762506725 0.21387488005249758 0.06566855866619026 0.04603975334181776
0 0.3831831126408036 0.27767375071608863 0.09019866510280768 0.06193747334499946
0 0.2956231284802454 0.24230786803786192 0.05218521287323465 0.03183180267345422
0 0.2924870568246049 0.28676639270368015 0.056512079953513795 0.04905566534054504
0 0.37979566870910386 0.34086409404836143 0.09576025025210155 0.07449201734563582
0 0.22648499841051611 0.3141005046944533 0.08216764381548422 0.05872156667727228
0 0.31244963158233857 0.3713050247055891 0.05484031930985207 0.047474984006999676
0 0.18742785224924347 0.347212449355499 0.07380884059717552 0.05081816000954502
0 0.11750311834078682 0.3854295173456358 0.07090236188449901 0.05390679734245411
0 0.12063882601824143 0.4525988360120904 0.08394866510280767 0.06186474801081765
0 0.08862935535133658 0.47486418734086333 0.09532320767745461 0.06824201734563573
0 0.4275554615358524 0.42104249005408845 0.11272922896477802 0.07156701201463563
0 0.13434032912033456 0.5815596300127266 0.10680701089576328 0.0761817866804538
0 0.5613837943393577 0.5264214280712695 0.07937042574646931 0.06337270401018139
0 0.1994350874182078 0.6752101800206809 0.10146394703379284 0.06675224267981754
0 0.06146519385482515 0.6892170413351362 0.03136996832111634 0.06905908267027243
0 0.13737176601466877 0.7923607700111359 0.05930929802252858 0.044404528007636127
0 0.6498606943590282 0.8428191347469509 0.06207366510280767 0.061610209341181485
0 0.8304440588414173 0.8800480567711315 0.12424588317182242 0.057649962682999246
0 0.8053076650259332 0.8219901087682681 0.07602690445914603 0.060211341343090294
0 0.7746807418773537 0.741230457431541 0.10658848960843983 0.07305678668045382
0 0.6565098960843981 0.7258043574156325 0.08761996832111638 0.06971361067790856
0 0.7835044487985037 0.588332724100859 0.09554172896477801 0.07136701734563573
0 0.8525765129125757 0.6718815681094495 0.09866672896477802 0.07140338001272681
0 0.9559836052252859 0.91276165412154 0.08803278954942825 0.05572383601209054
0 0.8572904181280261 0.9513963454407677 0.06287134059717552 0.05069089067472703
0 0.7223855404040854 0.9310918414226321 0.10971348960843982 0.07309314934754454
0 0.49798720190059687 0.7138117927275427 0.10447968639013112 0.06522610534690845
0 0.42664743346326495 0.7652828387173614 0.11352690445914604 0.06064769334818117
0 0.45569007727874916 0.8233862400540884 0.050808383171822416 0.056795440006363405
0 0.6644866510280767 0.6166111707510871 0.08529264381548422 0.05875792934436319
0 0.5522480030252186 0.8869589387332697 0.09241672896477801 0.071330654678545
0 0.6240790803808423 0.9541469860757239 0.07857275025210164 0.07429202267663584
0 0.7549355964723856 0.9904277420432708 0.0987324309422494 0.01914451591345845
0 0.46425633012874074 0.8789095340547247 0.11483803218308672 0.07939769334818117
0 0.33006201056678713 0.7571334367043164 0.14019866510280768 0.0625192760184536
0 0.33497374967102383 0.6822516153723619 0.11672831411407199 0.08410337468172671
0 0.24401026006258406 0.6093766420273624 0.0793704257464694 0.06337270401018139
0 0.3583787626604741 0.5927533107097253 0.11985331411407199 0.08413973734881744
0 0.41269492206329855 0.5434260200509067 0.10379127153942491 0.07770792401336309
0 0.37994812404077 0.4993305747135433 0.06498014381548423 0.05852157200827239
0 0.2564231427302034 0.5189698180299077 0.05763753737886681 0.04282384667409058
0 0.19012615337386515 0.5197596113542262 0.08427644703379289 0.06655224801081765
0 0.3093353392597932 0.4384016180378619 0.0852162341605582 0.035338610677908555
0 0.23082792700697713 0.43202380136058965 0.09438342055068931 0.09945565467854482