0 0.1227732926238019 0.38043607649501693 0.0769094924781526 0.07043121838316742
0 0.16822453345260185 0.4592712777593212 0.05926735141192578 0.05370479333702498
0 0.15022703972080803 0.5129074174880033 0.05324467194503919 0.06111677513842757
0 0.26798885273207407 0.44687950416205313 0.04355142319868044 0.04957849784053181
0 0.2189389019532865 0.24962496992432692 0.07029577962517113 0.05753070018457009
0 0.07924694998736473 0.5044452729789592 0.05140938730530311 0.05164164558877822
0 0.09200169959165332 0.6578904480251018 0.05297188730530311 0.05174177513842757
0 0.13757261236549248 0.6788130197397567 0.06891513605166191 0.06368057063492075
0 0.1252939212201234 0.7242058628922116 0.044659282132453626 0.03405362739018099
0 0.1338505673009151 0.7529316401901075 0.027289925705962937 0.026702202344038462
0 0.16617733399396256 0.7448280459579186 0.039045779625171174 0.055528109191583755
0 0.26683055186150895 0.7825864666851243 0.0546253155185485 0.054966904688076926
0 0.21139289410223466 0.8048631824473983 0.05154577962517113 0.05632914558877857
0 0.2891398093833563 0.8497634747046888 0.03983538981258557 0.029065738741233103
0 0.27361409778401613 0.8722497439830204 0.06662521034569897 0.03858044108527139
0 0.2831793143979212 0.8932130860557409 0.08127874373179385 0.059794107032115205
0 0.34412282607640376 0.8431117589424151 0.05940374373179384 0.05839229333702463
0 0.322204710478713 0.9238913895717985 0.05403428213245363 0.03465440468807692
0 0.30674719503930675 0.94403390885013 0.04939224623907634 0.03591651603912886
0 0.3286760193333439 0.9704857873200453 0.05725021034569906 0.03797966378737527
0 0.2068692154932779 0.9603319324473982 0.0671253155185485 0.05576794108527139
0 0.14981523343996658 0.957458453885198 0.04635817445232169 0.03884125693983052
0 0.21820988077439957 0.9922654480251019 0.05086381802583091 0.015469103949796193
0 0.25796270256115417 0.996692132170543 0.04911946159934022 0.00661573565891409
0 0.2908206666677769 0.9962811219915102 0.04296038981258556 0.0074377560169796905
0 0.22174772090355427 0.8524891540697681 0.046767351411925784 0.052903756939830515