0 0.5714703157585469 0.3609375 0.05069351282028158 0.0484375
0 0.5877052837078429 0.48203125 0.06282963978475227 0.040625
0 0.290627038255957 0.2515625 0.04785961124870504 0.0546875
0 0.33722805645292203 0.27421875 0.05988873035529289 0.078125
0 0.3719220417706136 0.11640625 0.03939213978475227 0.040625
0 0.4285142584815646 0.7296875 0.06363016046291677 0.0578125
0 0.3124268780024372 0.85703125 0.042953787427387445 0.05
0 0.3472385256450724 0.84765625 0.03648546360606986 0.0453125
0 0.39242043900347323 0.90078125 0.031142992142117087 0.03125
0 0.43328087945017923 0.9125 0.04785961124870504 0.0546875
0 0.49307325641465 0.9203125 0.05432793507002263 0.059375
0 0.5799204390034732 0.90078125 0.03121576674922295 0.0328125