0 0.554114286497137 0.25868387282613237 0.011164758976990541 0.03957192224974104
0 0.44954041598563227 0.23427672415003986 0.037609084308955334 0.02049659057054054
0 0.3859530763139236 0.6869072644729114 0.03610112646343309 0.02979881596343468
0 0.25071955826174686 0.6938935109582547 0.03925339754067192 0.0346318651776464
0 0.2824053746167214 0.7547603904039248 0.04864657825883123 0.038193512820281585
0 0.29701732046019114 0.7952954991714305 0.03619203005422929 0.04542381596343468
0 0.29126676932872303 0.8434782880465601 0.03154998184962743 0.05301799214211726
0 0.3645138926688981 0.7452998072769823 0.04399543969514967 0.044225188998964174
0 0.35012868492157173 0.8001135858130297 0.056586343285945875 0.06043238585581108
0 0.5058832603517326 0.8925472965236153 0.0533068071815924 0.033724336641599
0 0.5831179260427771 0.9148996395753553 0.04249657220870695 0.05508991439185813