0 0.30715591062287906 0.6536180853755436 0.033148843285945875 0.05819430800445442
0 0.3915218202637994 0.6561623773869976 0.048792024004105095 0.061501121339908774
0 0.49449332592114015 0.41515666406745144 0.0755272408266178 0.09149770401018138
0 0.5741358950065892 0.2895123214114964 0.058176114363184796 0.0631727093411815
0 0.553614316747758 0.3252134640754056 0.04406816256778647 0.0551965773392725
0 0.6412234010567135 0.3074816187539505 0.05978406615858276 0.07100339067472686
0 0.6320574793155446 0.2714350307526779 0.06926815046753827 0.08986247867599957
0 0.6008852682485685 0.12340606341499624 0.06769656010845856 0.08828179734245412
0 0.5592643530485033 0.4284111894095874 0.051962475799503235 0.06934998400699968
0 0.688596808163551 0.625241830760632 0.05664088544042354 0.06784202800763595
0 0.7298576124182772 0.6507236360995863 0.0831579336450254 0.06033861067790856
0 0.6467314950300302 0.7036662754216778 0.07857042759490121 0.07747156667727229
0 0.6217320159108775 0.568991283418178 0.04720225292686635 0.056795440006363405
0 0.6284814647794092 0.6175105994191324 0.05516019867214013 0.08188634667409059
0 0.5803893984244347 0.5575719780792237 0.048782933645025395 0.05993862133990877
0 0.5816564617543472 0.6083714094127691 0.04724770472226432 0.06460794000636341
0 0.49525237090428825 0.2846879140674514 0.052044289031219645 0.08341248400699967
0 0.5151745063447117 0.21772768073676949 0.04876475292686635 0.05681362133990877
0 0.37701597619228666 0.19502488271799762 0.0881272347764936 0.10883065467854491
0 0.6200291362259904 0.4588077614178598 0.07843407220870695 0.054034066677272105
0 0.6720683591968233 0.5117605860916321 0.06928633118569749 0.09298747867599957
0 0.7398916634515494 0.537551474100859 0.05834883118569749 0.09286020934118148
0 0.7644058501216369 0.4870520347708133 0.07868860226293642 0.0977840666772721
0 0.7349854739527915 0.7093810207669954 0.04874657220870695 0.053688621339908774
0 0.7121565071302787 0.7388048914305865 0.0535704275949012 0.07718066534054521
0 0.6896906337901035 0.84011285276095 0.05989315046753827 0.08975339067472703
0 0.5979707664018568 0.8929554947485417 0.07547269867214013 0.08212270401018103
0 0.5291354497522947 0.6382310847389967 0.05822156615858276 0.0709852093411815
0 0.4645507749860638 0.5929453093968607 0.07544542759490121 0.07743520401018138
0 0.45013427186280575 0.519335086728179 0.07234769867214012 0.08208634134309048
0 0.4465405974893583 0.7341515647278609 0.07396474082661779 0.09147952267663584
0 0.41554006148320066 0.8252032787237246 0.08659200585373253 0.11349997334499946
0 0.2845218656397309 0.7838322967059073 0.11161018657189174 0.1169158746817267