0 0.36968017138386855 0.4289393286123662 0.07955609604505716 0.08835452267663584
0 0.4464065623493611 0.42570469326863936 0.08438570767745457 0.06811474801081766
0 0.4863377936599277 0.4463166379296851 0.04470049480421991 0.036428396005727136
0 0.4280114774521688 0.3650308226050483 0.04727919158591121 0.028652258672817864
0 0.4304369909458222 0.30801775393859376 0.046918558666190435 0.0458215773392725
0 0.4130141801859448 0.18878649594209357 0.07021394703379294 0.0663886160089087
0 0.36399752597890045 0.1753057986155478 0.046918558666190345 0.04582157733927246
0 0.3668986508528497 0.21196091394813873 0.06846577673520518 0.04138861600890866
0 0.24942729156624077 0.28436371996341075 0.05193384059717552 0.05056362133990877
0 0.290969571403539 0.11448702462604732 0.07490144703379284 0.06644316000954502
0 0.7744597785767905 0.1884837672263231 0.07090236188449914 0.05390679734245411
0 0.7594578554282112 0.26906160522759576 0.07490144703379294 0.06644316000954502
0 0.7824693845092048 0.3195337725573232 0.0778079257464693 0.06335452267663592
0 0.6667354878437289 0.4340695345719589 0.05193384059717552 0.05056362133990877
0 0.6313660703951328 0.40403713657704954 0.04949725544788173 0.03804544000636341
0 0.5708984639585155 0.4203530272517765 0.07279264381548423 0.05861247867599957
0 0.5796836020740165 0.47333257658341293 0.08729218639013112 0.06502611067790856
0 0.7104587186500925 0.6013928472310957 0.08260468639013112 0.06497156667727211
0 0.6826347313874412 0.7648650012333228 0.05640281930985207 0.04749316534054522
0 0.6783021464902488 0.7040274985678228 0.09383711733238051 0.091643154678545
0 0.6651633721008322 0.8361042019016864 0.08296531930985189 0.04780224801081765
0 0.6049960504451917 0.7923092959102769 0.0891824683211162 0.06973179201145392
0 0.5873718718487307 0.9103871339115497 0.08882183540139543 0.08690111067790837
0 0.5863117524226631 0.8362411092457315 0.08038662252816078 0.05557838534372692
0 0.5272045501930901 0.86659222792014 0.08260468639013112 0.06497156667727211
0 0.48463999177900136 0.8389853959261853 0.07969820767745457 0.06806020401018138
0 0.5451711163239745 0.19661608259073077 0.12952324505632157 0.11079314401654469
0 0.4971599512211668 0.2580626599300032 0.08987088317182242 0.05724997334499946
0 0.5318902303021604 0.3083984672581398 0.12182000569998319 0.11226473734881744
0 0.8524051900733018 0.40224572788036916 0.07265053218308673 0.0789067973424542
0 0.7755366874754118 0.3851860445576413 0.09677644703379293 0.06669769867918127
0 0.7270392033148537 0.420097393897232 0.08227690445914586 0.060284066677272284
0 0.7278861552923251 0.4638019405633684 0.09223105866619044 0.04634883601209037
0 0.7019138811550101 0.5226502292330046 0.09452553218308672 0.07916133601209037
0 0.6139386337529001 0.5416280432447769 0.061887994804219915 0.03662839067472703
0 0.5718386150634667 0.5631945079169582 0.03954310124083733 0.051980670671545326
0 0.5767885589951665 0.6263666699156858 0.08438570767745475 0.06811474801081766
0 0.5511440667888365 0.6805274585853219 0.0891824683211162 0.06973179201145392
0 0.6109125506972932 0.7188627052435042 0.0731204257464693 0.06329997867599957
0 0.5428291862149042 0.7547825712524128 0.07969820767745457 0.06806020401018138
0 0.473559652190232 0.5955626599300032 0.10658848960843983 0.07305678668045382
0 0.4254063754550269 0.6367149186028211 0.10869729282674853 0.08088746801399935
0 0.38015921345431236 0.5693279712762753 0.05451253737886681 0.04278748400699968
0 0.47287160131771183 0.6947086845958215 0.08696440445914586 0.06033861067790856
0 0.4517507181458894 0.7511586792648213 0.07090236188449914 0.05390679734245403
0 0.3959377607205363 0.7455632072724574 0.05193384059717552 0.05056362133990877
0 0.37000369141068423 0.7927018366088663 0.06330838317182241 0.05694089067472685
0 0.36260609067405014 0.6975529686107753 0.07748014381548422 0.05866702267663584
0 0.31979587780081536 0.7292756832829569 0.08038662252816078 0.05557838534372674
0 0.24897491543178382 0.6145688406270018 0.06879355866619026 0.046076116008908666
0 0.2445280800303884 0.7004881592934564 0.09433986188449897 0.05417951734563573
0 0.18754075267476464 0.7675034839672288 0.11127598960843983 0.07311133068109026