0 0.4673690756141854 0.47864406264247156 0.0376196719450391 0.059695904567984216
0 0.35290106182413183 0.3645140428547678 0.041943459092057725 0.04744156603337348
0 0.4241970517950019 0.2734110080290587 0.03963681301126591 0.07540279172311407
0 0.37812002216983076 0.3288697919502567 0.06173913354437932 0.08436171189493055
0 0.42964776675955446 0.43459749152071536 0.05268238229073816 0.09480788896415202
0 0.3619972655059132 0.4272220827688596 0.03082410266556703 0.04061835594746519
0 0.3767835280423255 0.5356553804848675 0.046341454077492815 0.09135534034363317
0 0.5544301210744742 0.24786437415328932 0.04561402837152997 0.06635534034363308
0 0.5474466836900287 0.32701628561867857 0.0394549565847754 0.06915279172311406
0 0.3802147534317193 0.6322028318643484 0.028471992478152595 0.06701708163720568
0 0.4122399917532368 0.6843485080290588 0.033341348904643374 0.07351274310259512
0 0.44508358399396253 0.7083691841937692 0.03954588479802048 0.07227779172311415
0 0.4812484045270759 0.6986732796257847 0.04955738229073816 0.09464411465389269
0 0.4575260965303748 0.8169253126424716 0.052438341382795885 0.14003850180902228
0 0.3709270184754141 0.7637394369073025 0.03868206677218975 0.04259029172311415
0 0.36390178015389657 0.7102835662605161 0.036329956584775315 0.06898901741285446
0 0.41272206189063876 0.8286340965636695 0.03578438730530316 0.050239017412854636
0 0.3819805272509027 0.8396058960886996 0.06022209765100213 0.0858423247398008
0 0.353878259304214 0.8402986148810353 0.04092652837152997 0.06610967887824373
0 0.32418239911679964 0.8153329144060653 0.049011813011266 0.07589411465389233
0 0.3920027334399666 0.9241070488476616 0.06049488229073816 0.0952173247398008
0 0.4219713782671171 0.9396977493226315 0.05659699247815251 0.06849105042954129
0 0.4543044374509524 0.36466012777133394 0.0376196719450391 0.059695904567984306
0 0.42991688822973995 0.559392773632891 0.047585705331134064 0.08049972749876275
0 0.45974312905854 0.6334953369527311 0.026409387305303157 0.049747694482076096
0 0.43667770209893575 0.6487452007021124 0.03417642319868044 0.0485946302577247
0 0.41180207106183886 0.7530166208739291 0.035511602665567035 0.040864017412854635
0 0.3375893327403213 0.7030818978977219 0.026227530878812466 0.0434976944820761
0 0.5188978540522223 0.8792338828597167 0.02935253087881229 0.043661468792335255
0 0.5142427609535667 0.6907036493680601 0.029397994985435005 0.04522396879233561
0 0.4978425226320492 0.6377391016520522 0.03721049498543501 0.04563340456798422
0 0.389978546846944 0.6987761782008752 0.03302310015828454 0.06257524310259513
0 0.533637899446004 0.18498923790267074 0.026409387305303157 0.04974769448207601
0 0.3296237200456244 0.6551357208285005 0.032659387305303156 0.050075243102595125
0 0.3076374082879997 0.7405343102676223 0.04928459765100213 0.08526911465389268
0 0.3781176736608988 0.24852387268295129 0.029579851411925782 0.051473968792335525
0 0.38834578299038347 0.11147757406243228 0.04230717194503928 0.05994156603337353
0 0.47168581723440817 0.24986064337516617 0.027699102665567032 0.040454581637205764
0 0.4032430764721152 0.6450370245374021 0.024528638558944316 0.03872830732694617
0 0.3662071115740696 0.9527609933297377 0.02305706677218975 0.04177142017181623
0 0.3742098281879748 0.972623113976524 0.02223871285298138 0.013646420171816586
0 0.3069674700456244 0.6563230845778818 0.029352530878812465 0.04366146879233561
0 0.43034541488541017 0.16934098371879922 0.024574102665567032 0.04029080732694625
0 0.4266604737400412 0.21555756445149385 0.03247753087881229 0.043825243102595036
0 0.45282187615554603 0.7641278612629906 0.03555706677218975 0.042426517412854636
0 0.3527299140939874 0.47763151854450836 0.03578438730530316 0.050239017412854636
0 0.3750679153476287 0.48738165479512696 0.032659387305303156 0.050075243102595125
0 0.39627297710525344 0.40202400893356993 0.02461956677218975 0.041853307326946164
0 0.4685644804039587 0.11585413557325006 0.026136602665567034 0.04037269448207601
0 0.48711825211157106 0.14842429613412816 0.031005959092057722 0.04686835594746528
0 0.5029321540648576 0.38239318238474673 0.024483174452321777 0.03716580732694634
0 0.49834760563506786 0.27186511816039555 0.032522994985435004 0.04538774310259504
0 0.47016981518934403 0.5432421511770823 0.039045779625171126 0.05509029172311415
0 0.431577361969781 0.7972236442796774 0.027699102665567032 0.04045458163720568
0 0.49137121377741827 0.5920547874277009 0.018142246239076343 0.033713258706427315
0 0.36335987404397496 0.5948632841483406 0.026091138558944314 0.0388101944820761
0 0.4056693944979461 0.6152676373822723 0.027653638558944316 0.03889208163720568
0 0.42372202718439567 0.3701631772963641 0.034085494985435005 0.04546963025772479
0 0.5082574662181937 0.1457563195398765 0.027835494985435007 0.04514208163720577
0 0.43135971628470077 0.6170414993226314 0.030778638558944315 0.03905585594746519
0 0.38709289073702247 0.5834787268213942 0.027699102665567032 0.04045458163720568