0 0.57578125 0.26484375 0.0390625 0.0484375
0 0.603125 0.21171875 0.04140625 0.0390625
0 0.6578125 0.2171875 0.04375 0.0375
0 0.6640625 0.425 0.04375 0.01796875
0 0.6953125 0.44140625 0.0296875 0.02421875
0 0.70546875 0.4703125 0.04375 0.0328125
0 0.77578125 0.51640625 0.04140625 0.046875
0 0.671875 0.51484375 0.07109375 0.046875
0 0.65546875 0.5671875 0.0390625 0.02890625
0 0.57578125 0.51953125 0.0390625 0.0375
0 0.65234375 0.6765625 0.0796875 0.06015625
0 0.54609375 0.63046875 0.0625 0.0484375
0 0.528125 0.66953125 0.0609375 0.0328125
0 0.60703125 0.55 0.04140625 0.03359375
0 0.5140625 0.49140625 0.0328125 0.0390625