0 0.9237178161591008 0.464533250847046 0.06247901603912922 0.05189569994353036
0 0.9209525639996323 0.5070392692628974 0.0569904796419344 0.03912268415851479
0 0.871894500304542 0.4879399297438889 0.052803627390181164 0.046662168373499215
0 0.8035147401255089 0.5099584138882862 0.044790868290882455 0.04308214206513998
0 0.8510498766149887 0.5542397639306385 0.045191386489479866 0.049332142065139986
0 0.8745968005813971 0.5912924428980685 0.04721496144333699 0.03232665258848364
0 0.8413732904023641 0.6112633086548491 0.0382404796419344 0.03803062101845249
0 0.8181255575212273 0.6400631428415988 0.05154151603912922 0.05125866311182729
0 0.7464124413898133 0.5611183664626523 0.04146560919158375 0.03977513154179633
0 0.7279313540974547 0.6398271953877301 0.04459060919158375 0.039957142065139985
0 0.6436459916666685 0.6706137347796818 0.05729086829088228 0.04381018415851479
0 0.6619837839239592 0.7487464400554711 0.06404151603912886 0.0519867052052021
0 0.6989318738372114 0.7991335769295264 0.0525032387412331 0.04197466837349921
0 0.7574860510428223 0.7706298743551601 0.03737888648947969 0.048877115756780755
0 0.7682523727574773 0.8162685980468009 0.0335529796419344 0.03775760523343692
0 0.6674501387966062 0.870757947947979 0.06716651603912886 0.052168715728545575
0 0.6085769841085293 0.8208636347373295 0.05336483189368764 0.031128173635170953
0 0.596166621677743 0.847463932092376 0.07095285009228505 0.038379231513561506
0 0.5983892581672228 0.894384434723212 0.05935401603912886 0.051713689420186525
0 0.5935107934846832 0.9283877084007355 0.05961483189368764 0.03149219468185862
0 0.5321227105112613 0.9249056636059375 0.030227720542635693 0.03445059471009344
0 0.48359557294204747 0.9018545714560929 0.05154151603912886 0.051258663111827474
0 0.40657319555186644 0.8624273213855058 0.06277940468807693 0.05658319994353036
0 0.505539512643043 0.44889690045175784 0.037839961443337164 0.03178062101845249
0 0.7123552213086028 0.7026835111586281 0.07039164558877822 0.053913226251889414