0 0.7023509353142017 0.409937586182301 0.05799564437666671 0.07827618942018652
0 0.71212336597566 0.29347812827567576 0.03924564437666689 0.07718412628012442
0 0.6797998688254515 0.2120160256730747 0.03884560087368065 0.05999662628012441
0 0.6731491721120835 0.16091625725722325 0.038591027735416714 0.04905912628012436
0 0.6603608442241669 0.2818812046405047 0.038591027735416714 0.04905912628012441
0 0.6283640021842014 0.18093335466873964 0.03848192496187508 0.04437162628012441
0 0.5541725809251394 0.6470673179076238 0.03263196846486114 0.06119510523343692
0 0.542690873478195 0.6900892758142491 0.04480466014423605 0.04786064732681172
0 0.545689240119445 0.7183507837067568 0.03866376291777769 0.052184126280124234
0 0.5101699674180213 0.7342264126883042 0.035756968464861316 0.06137711575678075
0 0.5371688785121881 0.7545235021367258 0.02271145459715278 0.03721157366340577
0 0.5137657864722227 0.6540761811041558 0.02165810087368065 0.05899556840173403
0 0.4404360828250005 0.5873899390672508 0.03702852773541672 0.04896812101845249
0 0.45829638326184075 0.617297246945641 0.026018292553055565 0.04520608418674961
0 0.4183798980794797 0.6118516127730089 0.02434668977951393 0.04042757892507769
0 0.41525555128986164 0.6452178496188292 0.044913762917777864 0.0525481473268119
0 0.45212042486496584 0.6871547206372818 0.037101262917777864 0.052093121018452496
0 0.4528847974901395 0.7535154680064459 0.025690984232430658 0.031143584186749607
0 0.4524315090211465 0.8010807127447741 0.03684668977951393 0.04115562101845249
0 0.4642326862641323 0.36954228640817993 0.02292966014423605 0.046586573663405864
0 0.4861668101235769 0.6079978416557343 0.0434603656913195 0.057144642065139806
0 0.48753059479284777 0.6665915916557343 0.04527743882958326 0.0681731473268119