0 0.2725156361849378 0.4810009812618885 0.02890505243632351 0.061664925705962936
0 0.30298438618493784 0.4801144311827462 0.041644884330011324 0.0901081744523216
0 0.345220753396086 0.4172818105704906 0.030868070634920742 0.06796038981258548
0 0.326757057373569 0.2064950747562555 0.023216256939830336 0.045903533386094875
0 0.21235699105758488 0.3611036698999751 0.045931866131414 0.08399456677218967
0 0.2580700092561822 0.3535352108079174 0.03439358883351806 0.07430131802583091
0 0.3221780698689537 0.6308358452102266 0.035956088833518064 0.07434678213245363
0 0.367290310769655 0.6326423861181689 0.03771884793281668 0.07751724623907634
0 0.42418185842561656 0.6574999821198183 0.043207384330011325 0.09015363855894432
0 0.493702616445181 0.6313035434817318 0.046292811535622036 0.06529003087881229
0 0.5530473380675509 0.6178798894833812 0.029906347932816678 0.07728992570596294
0 0.5165102583333315 0.6891244036691461 0.036056218383167506 0.07590928213245363
0 0.47708801049279986 0.7323803101747791 0.04392927513842757 0.05274456677218975
0 0.43836786706348985 0.8255225564138555 0.04156573874123311 0.04019910266556721
0 0.4088410533683994 0.8482159103330638 0.03944203423772628 0.055733174452321774
0 0.40099707742709284 0.7759233731860451 0.04256703423772627 0.05582410266556721
0 0.35096560148578626 0.704858366917839 0.037479016039128954 0.04943771034569906
0 0.35136851481173653 0.8202560463847256 0.03162953423772628 0.05550585391920819
0 0.24372240284237562 0.626100532594672 0.027442681985972862 0.06318196159934023
0 0.25767667643964376 0.7247282492085771 0.056508420727205876 0.10301735141192588
0 0.29198992212070707 0.6395121632360576 0.026881477482466033 0.0787614974927175
0 0.4570327336563292 0.5707668602539214 0.04120479333702498 0.058903638558944316