0 0.4354163630720128 0.4113565852170593 0.06076043758467105 0.0582688569862416
0 0.3834820488476616 0.40537196924514285 0.05418288896415202 0.051800602176918176
0 0.5903306716421546 0.13378960200728224 0.07210737336031983 0.06646330290255768
0 0.5938518193127338 0.06660210200728221 0.051883404567984216 0.037683538474587386
0 0.6357527142697798 0.07059763204434912 0.06133364767057934 0.06920635698624167
0 0.6693364981909777 0.024975107997731994 0.05936835594746519 0.03170635698624167
0 0.6731741491409174 0.08566707133724313 0.02564845318850324 0.04300595553496285
0 0.7065598592268256 0.07358373358829517 0.02606453301668683 0.021185519237293705
0 0.7081290032793603 0.10316210618363346 0.03962906603337348 0.04193452885594055
0 0.7172417316826343 0.03343988322547546 0.04423467887824373 0.040535719962933106
0 0.7496414738807182 0.025290077327692916 0.06635534034363318 0.0459871117955651
0 0.7816273790145294 0.18871517106709065 0.06157930913596843 0.07389385698624165
0 0.35416860583592363 0.6075892336731131 0.034614017412854546 0.035520837748947896
0 0.3456224434660232 0.636741020333602 0.06191350180902226 0.05051092068857255
0 0.36886519165700093 0.6842782192451429 0.04357293758467105 0.057668656260602094
0 0.43876161182881745 0.6600024163425852 0.05861808344622812 0.07690972958158007
0 0.4794718210102145 0.6718377282308176 0.04522396879233561 0.02965278366526398
0 0.4831799971749248 0.7052405052726596 0.04472600180902227 0.04991071996293304
0 0.5388944086403141 0.6986159938399142 0.06338747060135788 0.07863592068857254
0 0.5998219425615121 0.6520386050025071 0.060105340343633 0.0457688569862416
0 0.6382835770031083 0.721659135039574 0.07605124491161738 0.0821974303072194
0 0.7375431863414756 0.16686001843468548 0.05944359905006032 0.06290179328391084
0 0.7573068097017954 0.1022245995602115 0.07391553482570909 0.07120536660488849