0 0.08150070727245735 0.44692381858825614 0.10425224267981759 0.09867505357072233
0 0.02941313796945595 0.5002221424515181 0.0588262759389119 0.10268071509696383
0 0.45021762866009124 0.04056908401282692 0.09622156667727229 0.07978868587597074
0 0.4232074966184113 0.348009437097082 0.06502611067790856 0.08393071509696393
0 0.3400393659293669 0.5142714111224997 0.04749316534054513 0.053943206168510116
0 0.36888143391950373 0.5864094638824433 0.06965906667727229 0.07932503571381488
0 0.21015931989977732 0.7344629545469524 0.08998974801081765 0.08124209172016936
0 0.2504234299411391 0.4291345263816194 0.05699543467536321 0.06504434740221221
0 0.504519489258458 0.5426440527632389 0.11375451201463563 0.10977619480442442
0 0.5506774212683212 0.46919687013367894 0.04593066534054522 0.05391593262955983
0 0.5756677832590944 0.5367156067409984 0.07901588534372692 0.07792617694751698
0 0.6027853612746845 0.4214218433483177 0.08056020401018138 0.07639095048646745
0 0.6593086286203202 0.32982863271558066 0.09326019867918127 0.09379663879807013
0 0.7270046586171386 0.3520797337712409 0.05863066000954511 0.0713216209411625
0 0.7317916086091845 0.41057802638491464 0.07100339067472702 0.06060230925276535
0 0.7947188699475024 0.37276833482690114 0.0695681600095451 0.07151253571381497
0 0.9387859485996394 0.4772631457045195 0.06175566000954476 0.07137616801906325
0 0.82919222525464 0.5650961566615681 0.07894316000954511 0.07167617694751698
0 0.7105785852562307 0.555450195621794 0.07096702800763595 0.057477309252765355
0 0.6903200819144131 0.6182911148586732 0.07263861600890867 0.06687958279171564
0 0.6088609965786403 0.6376780888840908 0.0851931600095451 0.07178527110331849
0 0.5259939525780041 0.6438110864484589 0.07563634667409058 0.0559966298696164
0 0.3891206612428678 0.6594787711066137 0.08969884667409059 0.05624209172016936
0 0.4144655592377771 0.696528757713933 0.09458634134309048 0.07351141233702041
0 0.5064070638924595 0.7831872321463879 0.10245338534372675 0.07833528003177222
0 0.5718417072326865 0.7312741302799487 0.06155566534054522 0.05418866801906326
0 0.4901906232097784 0.9014150807664161 0.12154883068109026 0.10835006249917604
0 0.3943155965547779 0.817168540181337 0.06315452800763603 0.057340941558013725
0 0.28467696721836894 0.8417339379078609 0.10528748400699968 0.05338982710967279
0 0.14873837253346067 0.97845446225759 0.11762385200509065 0.03954551542127547
0 0.1853394912078694 0.9207959208617323 0.108794292011454 0.08625687418757337
0 0.2993678179105951 0.6532344995962582 0.08212270401018137 0.07641822402541773
0 0.20397350190964053 0.6619294354722289 0.10099997334499947 0.08768300649282175
0 0.07676611191123137 0.6524334788966817 0.14209768801718103 0.12901711850553071
0 0.6554081852323683 0.7321587459461055 0.07738066000954494 0.0716489034085667
0 0.8440717905792766 0.6288859212720647 0.026853401336727246 0.025463650162155814
0 0.806936511935094 0.46394275974582316 0.08846361067790838 0.08433981818121908
0 0.894827410606321 0.4288216915646042 0.08375792934436319 0.08269549756436803
0 0.2508972392982289 0.25416179992056975 0.0931329293443631 0.08285913879807012
0 0.23062055462286563 0.318565219157449 0.08386701734563581 0.09207049756436803
0 0.3613700206079118 0.4264168551161453 0.09451361600890866 0.0672614123370204
0 0.5427585699793191 0.14283892167580653 0.06936816534054521 0.05432503571381497
0 0.590223915977092 0.15841332873782116 0.06620680267345413 0.0511454886359143
0 0.08872395595959277 0.29604711120192995 0.08820907200827235 0.06246481818121907
0 0.09122169995227492 0.34989881412402923 0.09456816000954502 0.07194891233702042
0 0.12118137261300246 0.39311698011449764 0.0993647480108177 0.08140573295387137
0 0.16316778325909434 0.5439158210238881 0.07883407200827235 0.06230117694751698
0 0.19914219326863936 0.47298966639750545 0.0772897533418178 0.0638364034085667
0 0.2683734512651395 0.49755724391421535 0.08199543467536322 0.06548072402541774
0 0.09139858720564224 0.9388385831987527 0.041443160009545024 0.07102161201270896
0 0.3623292525461873 0.8809952609603439 0.052089758672817864 0.04621252678536116
0 0.28669038331477353 0.13168678206366227 0.07260225334181776 0.06375458279171564
0 0.4161495219605473 0.2833020547918337 0.09603975334181776 0.0641636858759707
0 0.48987409190009557 0.7272372410748416 0.0787977093411815 0.05917617694751698
0 0.5457610125716407 0.6903315304421044 0.08050566000954511 0.07170345048646745
0 0.6603278779837736 0.10798090625453102 0.1009454293443632 0.08299550649282175
0 0.5931798105506416 0.8441599139651688 0.0663704346753633 0.0652079886359143
0 0.2599775065643229 0.7492152013005415 0.07881589067472686 0.06073867694751698
0 0.24945598786605166 0.9821640689952933 0.0659340826702726 0.027707988635914303