0 0.44835054365079186 0.671875 0.08243057063492074 0.0671875
0 0.5214900501291969 0.7984375 0.04927810919158375 0.0375
0 0.5778308852620871 0.83359375 0.030989184145441228 0.0203125
0 0.6221513841823529 0.8125 0.07185401603912886 0.0484375
0 0.4910201025655204 0.7375 0.05965440468807692 0.053125
0 0.5350599992340329 0.70859375 0.05124112739018098 0.04375
0 0.6538204912144684 0.7328125 0.07391716378737563 0.05625
0 0.6153680629291234 0.68671875 0.07537953423772628 0.0546875
0 0.8668607117571042 0.7 0.11973031153562204 0.0640625
0 0.8060350308508655 0.78359375 0.12219397748246585 0.078125
0 0.6868554318383145 0.8390625 0.14024307063492075 0.0671875
0 0.7131583135474322 0.8796875 0.06374112739018098 0.04375
0 0.7569583783222569 0.87890625 0.0398029796419344 0.0359375
0 0.8111452305740103 0.88671875 0.0858559592838688 0.071875
0 0.9008678670634899 0.83984375 0.09493057063492075 0.0671875
0 0.6537284585179016 0.63671875 0.05689035009228505 0.034375
0 0.713233866445181 0.646875 0.08369268198597286 0.0625
0 0.5714363926633428 0.61640625 0.1387807001845701 0.06875
0 0.4288879472591346 0.59765625 0.06696625693983034 0.0453125
0 0.4511541710409729 0.628125 0.061878238741233105 0.0390625
0 0.38507858806755096 0.63515625 0.08817992288667416 0.059375
0 0.32113600401439485 0.62109375 0.11201794108527148 0.065625
0 0.2712256415836086 0.5953125 0.10829216378737554 0.05625
0 0.22771547347729643 0.5671875 0.0601154796419344 0.0359375
0 0.19098503393318444 0.48203125 0.08525518198597286 0.0625
0 0.2418046591638971 0.39609375 0.09300712523071261 0.0859375
0 0.35426508636950793 0.42109375 0.09074371838316742 0.075
0 0.41749627159468333 0.421875 0.062078497840531634 0.0421875
0 0.42876324105758484 0.36796875 0.08525518198597286 0.0625
0 0.47027891502399327 0.3296875 0.08661742288667415 0.059375
0 0.49224475015688346 0.36484375 0.07916586829088246 0.040625
0 0.5123977614156505 0.40390625 0.09589229333702498 0.0578125
0 0.3081329611387953 0.50703125 0.15344397748246602 0.078125
0 0.35046136104651027 0.54140625 0.10017927513842757 0.0515625
0 0.43714983266888013 0.5296875 0.07109255243632351 0.0609375
0 0.42949682141011325 0.490625 0.07557979333702498 0.0578125
0 0.6493797223975623 0.54609375 0.1048062183831675 0.075
0 0.5943894386212614 0.42890625 0.09981832973421945 0.0703125
0 0.48921178285345024 0.4609375 0.10324371838316751 0.075
0 0.506821982576595 0.5640625 0.09266716378737563 0.05625
0 0.779253396825396 0.3359375 0.09519138648947952 0.046875
0 0.36243134639165725 0.07421875 0.1039050524363235 0.0609375
0 0.3558356832225905 0.3234375 0.11135660703211539 0.0796875
0 0.7065551789036538 0.2390625 0.14563147748246602 0.078125
0 0.7519363325119967 0.16484375 0.08329216378737563 0.05625
0 0.6762192319582863 0.37109375 0.14563147748246602 0.078125
0 0.7528120103359164 0.3828125 0.09402940468807693 0.053125
0 0.6540357464562557 0.4734375 0.09064358883351815 0.0734375
0 0.5663657657345871 0.48828125 0.08425388648947951 0.046875
0 0.9128297555555545 0.4703125 0.06374112739018116 0.04375
0 0.9161142442967872 0.43125 0.07311612739018117 0.04375
0 0.9539053385289762 0.46328125 0.03551599784053181 0.0421875
0 0.39833047116094455 0.16015625 0.08485466378737563 0.05625
0 0.927631823726465 0.89765625 0.03259125693983052 0.0453125
0 0.4880009338408994 0.51640625 0.08671755243632351 0.0609375
0 0.39446618908268666 0.25703125 0.0696907387412331 0.0390625
0 0.630492129088224 0.1703125 0.05905362739018098 0.04375
0 0.2906285926910294 0.1828125 0.06460272054263579 0.0328125
0 0.4856116232281279 0.23671875 0.05689035009228505 0.034375
0 0.5422330606127715 0.2796875 0.0569904796419344 0.0359375
0 0.5024450771133259 0.059375 0.07614099784053181 0.0421875
0 0.8556947833148756 0.2890625 0.08888082973421944 0.0703125
0 0.8653213047526755 0.34609375 0.08102875693983051 0.0453125
0 0.5847884053063858 0.13984375 0.06696625693983034 0.0453125
0 0.47462166332595024 0.115625 0.08465440468807692 0.053125