0 0.6329145774732643 0.5950397085086765 0.031477258976990365 0.041065090992986344
0 0.6793219448615111 0.6518997802233313 0.040879530054229285 0.046353368290882456
0 0.633986718963812 0.645089773283501 0.0441045240041051 0.06374112739018098
0 0.6530503363520589 0.7001975778792929 0.04395907825883114 0.038741127390180985
0 0.638392938713191 0.7312775971576244 0.034720433645025396 0.061577850092285044
0 0.574448092500379 0.6131598503968269 0.028270445745273952 0.026802331893687636
0 0.5567020562978297 0.6502896105758597 0.02832498789975162 0.03617733189368764
0 0.5540952067653678 0.7391518514765612 0.04082498789975162 0.036978368290882455
0 0.6223457578968359 0.7919449868863065 0.051953385440423536 0.07049177513842757
0 0.5724326371889394 0.9379095265227037 0.05039088544042354 0.07039164558877857
0 0.5370582185710286 0.8981566116555939 0.0441045240041051 0.06374112739018116
0 0.5686646833504378 0.29025327652270355 0.033157933645025395 0.06147772054263569
0 0.3240647347764936 0.12853931677740946 0.02374657220870695 0.054626943244739844
0 0.33839085518980255 0.17475298272425338 0.042460210772388506 0.04957849784053168
0 0.3620374334486337 0.21219242596899318 0.03621930113146821 0.0507404796419344
0 0.4027169756031115 0.22417079425987554 0.039398843285945874 0.06031573874123301
0 0.36637599638576274 0.4209864350682918 0.03781816256778665 0.05709060919158375
0 0.5071747549699698 0.7283354649870815 0.06449883723582168 0.07910531153562221
0 0.6022918122497579 0.70084961751569 0.019022710772388506 0.048076554595791875
0 0.5781139688656162 0.7063288594961256 0.03936248184962743 0.054065738741233105
0 0.5950014870159889 0.655867784542268 0.047193162567786474 0.05769138648947951
0 0.6946424178323439 0.6005573257198247 0.056577252926866176 0.059854663787375625