0 0.4890625 0.24358223462710082 0.121875 0.05823370031656907
0 0.34140625 0.33069109270294417 0.0453125 0.06069345909205772
0 0.36875 0.3994267208370473 0.0640625 0.03936402837152997
0 0.32265625 0.4695179119824163 0.046875 0.03417642319868044
0 0.2765625 0.46929660312778554 0.05 0.021767351411925873
0 0.4953125 0.4777753782006101 0.0828125 0.055534597651002215
0 0.51796875 0.40836614865458126 0.0671875 0.0566424565847754
0 0.6375 0.4666068944979461 0.09375 0.05585284639736088
0 0.68984375 0.6111775969260863 0.0984375 0.05286423871722903
0 0.76953125 0.6690151774883295 0.0953125 0.05902331050398359
0 0.41640625 0.5003838155850555 0.059375 0.05016513605166182
0 0.359375 0.4911057554767833 0.0578125 0.029807171945039103
0 0.2875 0.5260096043814266 0.05625 0.061011707838416564
0 0.30390625 0.5614697312618885 0.059375 0.045477636051661816
0 0.5703125 0.5724681010827213 0.0640625 0.02373902837152997
0 0.5109375 0.6023207371343833 0.0640625 0.051864028371529966
0 0.67890625 0.690402095672445 0.0671875 0.0894549565847754
0 0.62578125 0.6755416252976162 0.0875 0.06973348997087019
0 0.5609375 0.7274283857224575 0.059375 0.04704013605166182
0 0.57109375 0.8130703690294101 0.05625 0.04538670783841638
0 0.403125 0.7320202604913483 0.071875 0.0552163489046432
0 0.4546875 0.7398949449727998 0.1171875 0.0784098079967011
0 0.45703125 0.6562329988128658 0.065625 0.06909699247815268
0 0.38046875 0.5943982400373772 0.05625 0.05788670783841656
0 0.43203125 0.5686791745188287 0.09375 0.07460284639736088
0 0.3734375 0.5313215785171792 0.053125 0.04529577962517113
0 0.284375 0.6925067825946721 0.0671875 0.0410174565847754
0 0.2515625 0.7309615288337483 0.075 0.05686977711788863
0 0.33359375 0.8926371632360576 0.0484375 0.04203438730530316
0 0.42734375 0.3383468168386967 0.0609375 0.04083560015828454
0 0.45859375 0.3905625347062431 0.06875 0.052000420691397944
0 0.3484375 0.6773615042231421 0.04375 0.040335494985435004
0 0.3921875 0.643276009237707 0.075 0.058432277117888634
0 0.6015625 0.6114025689502677 0.0515625 0.03587531551854859
0 0.29140625 0.77277094411487 0.0359375 0.0416706744523216
0 0.26328125 0.7876517980340783 0.0625 0.045568564264907255
0 0.19609375 0.7903880046188535 0.0515625 0.0640003155185486
0 0.51328125 0.8483462909744492 0.0703125 0.058295884798020836
0 0.61015625 0.901777516363843 0.0734375 0.06463681301126627
0 0.30703125 0.9441913030486433 0.0921875 0.06049488229073816
0 0.22578125 0.8637429365930227 0.0546875 0.040653743731793666
0 0.22890625 0.6027145083797772 0.05625 0.04851170783841656
0 0.48203125 0.3476930731069029 0.0625 0.04088106426490725
0 0.4453125 0.30266772961253585 0.0546875 0.05159124373179384
0 0.6 0.2544167830568904 0.05625 0.04226170783841656
0 0.5765625 0.28947374465623066 0.065625 0.042534492478152594
0 0.70703125 0.4942712417532368 0.0421875 0.03872753087881229
0 0.58984375 0.39143104974993786 0.0734375 0.045886813011266
0 0.48671875 0.2959941807870348 0.059375 0.04704013605166182
0 0.23359375 0.9385156160599092 0.0765625 0.05066524122451135
0 0.1640625 0.9171012688046185 0.0421875 0.04341503087881229
0 0.140625 0.8740332304039586 0.04375 0.030960494985435006
0 0.32265625 0.8429554119824164 0.05625 0.040699207838416386
0 0.378125 0.8507164361973111 0.059375 0.05016513605166182
0 0.49609375 0.8941588961472988 0.0671875 0.051954956584775405
0 0.56015625 0.6883886177757688 0.0578125 0.0423071719450391
0 0.50078125 0.6893350038274307 0.0484375 0.046721887305303154
0 0.39296875 0.6784095271843957 0.071875 0.05521634890464337
0 0.3734375 0.3149153285171792 0.0640625 0.04561402837152997
0 0.34453125 0.6384126644896988 0.05625 0.054761707838416385
0 0.50390625 0.8087753256141854 0.0609375 0.043960600158284534
0 0.36796875 0.9181994528903588 0.05625 0.046949207838416385
0 0.62734375 0.8239336611909935 0.0640625 0.044051528371529966
0 0.46796875 0.518414750066507 0.0625 0.04713106426490725
0 0.1921875 0.5467516648854103 0.0453125 0.03725595909205772