0 0.5377352088530681 0.5886038020766783 0.05501713978475244 0.041243165340545215
0 0.5573905833363394 0.6365145907463144 0.042517139784752446 0.041097714672181596
0 0.49470864681857485 0.6396935874044967 0.05196491439185813 0.042769302673454135
0 0.5482124824267167 0.68252652474536 0.06660961124870504 0.055432934675363296
0 0.5477009061241997 0.7270759560789054 0.03917381596343468 0.03637385200509069
0 0.5199547417323416 0.7689634640754056 0.03277826674922295 0.03317612667090888
0 0.5076024449993293 0.7320810820734966 0.03917381596343468 0.03637385200509069
0 0.48752753949881117 0.7099606340706331 0.053309090570540715 0.038099984006999675
0 0.44246975062368177 0.7039646253978151 0.034049668320799496 0.026944308004454243
0 0.46769872891206 0.8168191614019513 0.0371746683207995 0.02698067067154497
0 0.45499752171613095 0.8377765514003606 0.027508569892376045 0.02062158267027243
0 0.43453731844914334 0.8742771253978152 0.03477741439185813 0.0425693080044546
0 0.3903164375557312 0.8503123667249973 0.05189213978475227 0.04120680267345413
0 0.4231781333791207 0.9335521280633152 0.05828768899896399 0.044404528007635946
0 0.3497193244449993 0.6981953360518612 0.03939213978475227 0.04106135200509069
0 0.3041521133201288 0.7031368273790434 0.02318494292790545 0.028379538669636162
0 0.2288032028572121 0.7601038953691802 0.05018409057054054 0.038063621339908774
0 0.2336491763880794 0.5553618513685439 0.06133991439185813 0.04287839067472685
0 0.27897448490791604 0.6395283133752254 0.07166098428423436 0.06329997867599957
0 0.21013040136668878 0.40578856536440766 0.07122433664159918 0.05392497867599957
0 0.5827139925564019 0.12637652207985997 0.0416823858558109 0.0567045333386361
0 0.4527867440041439 0.1803634933959062 0.04615156203449331 0.05207157733927246