0 0.8294625982235356 0.3511447756450724 0.06704625889134022 0.06704625889134022
0 0.7792678531859344 0.27396799959022444 0.06595463978475227 0.043608758891340124
0 0.7475961681159118 0.33468932982168276 0.09858735731976367 0.0747517510334573
0 0.6740323895798646 0.324083623659211 0.05091183664159917 0.055381012820281586
0 0.6069347808123589 0.34202029446120996 0.05465326674922295 0.03528683664159917
0 0.6096380957423363 0.4011405833363395 0.04996576674922295 0.03506851282028158
0 0.5698136164205007 0.38584522312109176 0.03902826674922295 0.03455909057054054
0 0.5714274662966663 0.43488203660332714 0.04982021753501122 0.031943512820281586
0 0.578092689208361 0.475888026264245 0.061631012820281585 0.05120293507002245
0 0.5123970686540311 0.4469860843697968 0.05018409057054054 0.039756012820281586
0 0.7622835986378205 0.5047278480186479 0.07035104135632882 0.037577082712657625
0 0.7507981350317505 0.5504769956612829 0.06617296360606986 0.04829625889134022
0 0.6725318939230907 0.49019877523078764 0.03434076674922295 0.03434076674922295
0 0.6218041478520322 0.508152562658175 0.05018409057054072 0.039756012820281586
0 0.653124768406362 0.5386555459089519 0.03219606989237622 0.021767992142117266
0 0.6408045508713507 0.5688524681586931 0.0573073858558109 0.058797111248705035
0 0.5483987270500332 0.5778336699779386 0.05970463978475245 0.04331766046291676
0 0.5046465729972572 0.6133923343697967 0.05934076674922295 0.03550516046291676
0 0.5104770419800106 0.6388460986378204 0.044225188998963993 0.04571491439185813
0 0.588858907157657 0.5962176428896334 0.04996576674922295 0.03506851282028158
0 0.6576238697302695 0.6429063982663169 0.0699871683207995 0.029764582712657806
0 0.6764444902845995 0.6739915783739407 0.050329639784752266 0.04288101282028158
0 0.7260635006236817 0.6631054282501062 0.0669007096771285 0.06392125889134022
0 0.7746272791597291 0.6748755281262717 0.05955909057054072 0.040192660462916766
0 0.6849440409465533 0.7258259061241997 0.04386131596343468 0.03790241439185813
0 0.6287496989282706 0.7105134292835635 0.04349744292790554 0.03008991439185813
0 0.47213582589274133 0.7256033899941492 0.066536836641599 0.05610875889134022
0 0.45456949028459953 0.6843255725829724 0.05501713978475227 0.043099336641599
0 0.5899033686968123 0.7411662698541042 0.03506851282028158 0.04996576674922295
0 0.6349054995902245 0.7624569189444813 0.04651543507002245 0.061412688998963995
0 0.6698969296978483 0.7810956029810466 0.0669007096771285 0.06392125889134022
0 0.7366135488044362 0.7546015694826006 0.051057385855810725 0.05850601282028158