0 0.3554405310053338 0.5844689213572709 0.062287168373499215 0.05345819994353036
0 0.3173174466774098 0.7105455739457546 0.056765210466874015 0.06559417889684287
0 0.2363635782897932 0.6799850896601829 0.0653211631118273 0.05207771046687402
0 0.23914694404657388 0.714314587029347 0.0653211631118273 0.05207771046687384
0 0.26629254394775187 0.8169922659967771 0.04437162628012441 0.039957142065139804
0 0.1557814362246533 0.6423478527437754 0.06090667889684287 0.05649219468185844
0 0.4085101360270092 0.8361455424463106 0.06513915258848364 0.04895271046687384
0 0.3368773307088676 0.8983262950065594 0.04362817363517104 0.053928636803468065
0 0.30536202019964137 0.8821321476091605 0.05712923151356133 0.07184417889684269
0 0.5945147964374135 0.947600439984884 0.05034861049510884 0.035633663111827474
0 0.22080500967629763 0.8839214317394404 0.07369510523343692 0.035436242036904986