0 0.607139973839727 0.2780299287475872 0.0935536818249421 0.07292951734563582
0 0.2704848908359213 0.27567435136854385 0.06316584486680377 0.055396572008272305
0 0.30836423421985026 0.32374877204008906 0.07792868182494202 0.07274770401018138
0 0.4779193419382352 0.4412919027291335 0.07493101581733086 0.07583634134309047
0 0.7455458992388783 0.3210270454328136 0.08360567885919253 0.0587579293443631
0 0.9469200568435326 0.28042186879372144 0.06836268083635914 0.06795111600890866
0 0.23650641064476585 0.7641095953612259 0.08293451680591399 0.08061474801081765
0 0.4692487015966055 0.17100667472945166 0.08280718281352524 0.07748974801081769
0 0.4253342169196447 0.2431174847230883 0.06817167984777565 0.06326361600890866
0 0.35564645802239614 0.2001390967138615 0.05541701186299815 0.05686816534054513
0 0.3202554446765233 0.1364760387094071 0.06147601087441492 0.052253390674726896
0 0.2961467826232448 0.15806013737268002 0.049294345855386903 0.05992044000636336
0 0.23417731771794745 0.32366640869668045 0.04441584486680368 0.05517839600572696
0 0.18030290121604464 0.3238204026893626 0.07604784684397004 0.06491702267663584
0 0.21561300152005583 0.40466187002704423 0.09355368182494202 0.07292951734563573
0 0.3064608360067361 0.41118513737268003 0.06115767589344294 0.044440890674726855
0 0.3391115099230128 0.4459237640435889 0.0886751808363588 0.06818747334499946
0 0.2768807653602202 0.47096867003499837 0.08567751482874755 0.07127611067790855
0 0.23422503315471738 0.5548073206954077 0.06029551285158128 0.061610209341181485
0 0.32434069718516223 0.5433618380410435 0.051719008897248564 0.042769302673454315
0 0.35278669075937164 0.513238533378407 0.03896434091247105 0.03637385200509069
0 0.3894590198088445 0.4933623853834977 0.05458934091247105 0.03655566534054522
0 0.4418637782118015 0.5337970287237246 0.06147601087441501 0.05225339067472703
0 0.5718775889724858 0.4283293734086329 0.04071784190105419 0.04107953333863605
0 0.5369680311775511 0.5489594994032241 0.0534088428896375 0.045912484006999675
0 0.6970553666156335 0.1658486494270866 0.04872134288963732 0.04585794000636332
0 0.6966083335352783 0.4040117207590412 0.05528967787060921 0.05374316534054522
0 0.6560615879839025 0.4246236654200869 0.05541701186299797 0.056868165340545215
0 0.6489613538012333 0.4995054867520416 0.051719008897248744 0.042769302673454135
0 0.6236695351318837 0.5687094727482236 0.05340884288963732 0.045912484006999675
0 0.630634459542452 0.6054918574156326 0.04084517589344294 0.044204533338636054
0 0.470683797983465 0.6278379300604519 0.06629084486680377 0.055432934675363296
0 0.5220844718997416 0.662794732733906 0.06147601087441501 0.05225339067472703
0 0.5314886468046014 0.7019481394016333 0.049294345855386903 0.05992044000636341
0 0.4949781438388519 0.687467468730088 0.02809050790866543 0.03780908267027261
0 0.4274033246752107 0.7538368087205429 0.04384284190105418 0.04111589600572696
0 0.3454410588578799 0.677918651376498 0.03896434091247105 0.03637385200509069
0 0.3806874921656967 0.7571976187141797 0.03896434091247096 0.03637385200509069
0 0.3217581611390575 0.7674442280394527 0.06029551285158128 0.061610209341181485
0 0.5768183928502687 0.6837344887412238 0.0670548488211363 0.0741829346753633
0 0.5347635440291324 0.6098424554025877 0.06147601087441501 0.052253390674726855
0 0.6372558271466687 0.7679918574156326 0.06316584486680377 0.055396572008272395
0 0.54442633999825 0.8278202960693605 0.0748036818249421 0.07271134134309029
0 0.6276181833821789 0.8764219754137237 0.08181768577927465 0.09153406667727211
0 0.7654073434582911 0.846790114099268 0.07961851581733086 0.07589088534372693
0 0.876752067260837 0.7239258734484038 0.07381418479069168 0.08675566000954511
0 0.817155596881151 0.4686656614417222 0.058605678859192524 0.058467028007635945
0 0.8643595662350727 0.3239713267822674 0.0456600098858317 0.0473840773392725
0 0.8795654135733344 0.39052302745063094 0.06329317885919253 0.05852157200827239
0 0.9966362139538951 0.48102185280072113 0.006727572092209755 0.04247840133672707
0 0.9583920450177154 0.6194570967934032 0.06504667984777583 0.06322725334181775