0 0.8108309910748416 0.5079736094445858 0.03036933847375849 0.03940794533736351
0 0.6726276075517773 0.45713672075904127 0.05057274431795715 0.03339430267345413
0 0.6798400896948698 0.49160262742676847 0.06170115909060954 0.04445907200827222
0 0.6091418060096497 0.46811912675045064 0.032013659090609534 0.04411362667090888
0 0.6778588039810548 0.5603435367599957 0.055560253246410875 0.05063634667409058
0 0.6964900271956936 0.6121333034293137 0.06795115909060953 0.04453179734245403
0 0.6714746160764892 0.7470259240929048 0.05852161201270878 0.04129770934118149
0 0.7068393717585321 0.7802565947644501 0.07066705600635448 0.02113066000954511
0 0.5745411148586732 0.7044833407463145 0.03829093262955983 0.04574885200509051
0 0.5687644476503888 0.6325265247453601 0.07924321509696383 0.06497156667727211
0 0.5306019744357501 0.5805094914067239 0.03206820616851012 0.047238626670908876
0 0.5868656112052252 0.58038276941436 0.07123980032431163 0.05394316000954511
0 0.4410076404262185 0.6099419053946336 0.03966251785690744 0.03482953333863605
0 0.4961763814977648 0.6277748427354968 0.03796365016215582 0.02699885200509069
0 0.47227523133560895 0.6540646227323151 0.046157979707460585 0.04896475867281787
0 0.36281841071875787 0.657479429384134 0.05054547077900677 0.03183180267345413
0 0.4461433794691699 0.7186174713955881 0.04914661201270896 0.04118862133990877
0 0.4779564411575671 0.7314901887332697 0.03845457386326192 0.05512385200509069
0 0.5370314322291133 0.7493685794079965 0.05388865909060954 0.04436816534054522
0 0.35030081980936745 0.6135748880489977 0.028588650162155817 0.026889764003817974
0 0.3921707199715232 0.5874941933879521 0.06534435633066601 0.0741829346753633
0 0.4154678981368562 0.551039072724361 0.05375229139585791 0.03655566534054522
0 0.4728440215136508 0.5767117820655424 0.08075116801906326 0.06186474801081765
0 0.4457145056853381 0.5193532680617244 0.03185001785690744 0.03473862667090888
0 0.5082690527632387 0.5169555214035422 0.039826159090609534 0.044204533338636054
0 0.4374713575517772 0.45440043006045183 0.057150026785361165 0.052217028007635946
0 0.4690116838506711 0.4828981473981334 0.05235343262956001 0.045912484006999675
0 0.35798840909390484 0.4417544320496341 0.052380706168510205 0.047474984006999676
0 0.3909957780064725 0.4757390807208612 0.06032957386326192 0.05537839067472703
0 0.4404793551161452 0.3716061113939972 0.04925570616851012 0.04743862133990877
0 0.5318407406678045 0.330473128739633 0.032095479707460586 0.04880112667090888
0 0.5981339423720877 0.29295549474854166 0.05070911201270896 0.041206802673454224
0 0.6927509671288541 0.3339083060948138 0.049010244317957155 0.03337612133990877
0 0.7199271217552368 0.2990611387650864 0.05558752678536116 0.05219884667409058
0 0.7597532808458463 0.25576567210372253 0.055451159090609534 0.04438634667409058
0 0.7644504634754061 0.2104986254375861 0.057313668019063256 0.06159202800763604
0 0.32939403044210447 0.5578515993793615 0.06649775324641087 0.05076361600890866
0 0.26774741842939564 0.5977675273710892 0.06164661201270878 0.041334072008272396
0 0.38081838839762355 0.7006663553866794 0.05550570616851021 0.047511346674090585
0 0.5257178311734532 0.6812543787396329 0.06800570616851012 0.047656797342454024
0 0.410488297488233 0.6572527100572702 0.04303297970746058 0.04892839600572714
0 0.8785230515454228 0.47984915678704 0.06509889448011279 0.0601204346753633
0 0.7734831753292545 0.677886120106586 0.07932503571381488 0.06965906667727229
0 0.6812939009795252 0.8112156934277228 0.08705571509696383 0.06506247334499946
0 0.6783070430240062 0.6689645587603138 0.09338753571381489 0.06982269867918127
0 0.8048088620160041 0.4500792934436313 0.05377956493480838 0.03811816534054504
0 0.8424804115295368 0.5302213267822674 0.05709547970746058 0.04909202800763594
0 0.8859576761400334 0.5463554041215398 0.0585216120127086 0.04129770934118149
0 0.5632701984611678 0.4996231180776328 0.07266593262955982 0.046148841343090476
0 0.7788467853133685 0.7287400954407678 0.06331820616851011 0.04760225334181776
0 0.3304871517903042 0.6742942120464523 0.06323638555165925 0.042914753341817755
0 0.6390224005724882 0.636469684754905 0.06331820616851011 0.04760225334181776
0 0.27137302476006164 0.5243572993714073 0.053861385551659244 0.04280566534054522
0 0.30793386201600415 0.4442976293761799 0.050627291395857824 0.036519302673454136
0 0.37596288758354934 0.35210158605186126 0.05057274431795715 0.033394302673454224
0 0.5030202654245708 0.369989614735815 0.05846706493480802 0.038172709341181485
0 0.48567880682042863 0.3338430294000424 0.053834112012708955 0.04124316534054513
0 0.32273888149776464 0.6257567147119525 0.034838650162155815 0.026962489337999784
0 0.30451103287773645 0.6403913793761798 0.044240923701106105 0.028634077339272323
0 0.24168375041033235 0.6584141260343621 0.03648297077900686 0.03166817067154533
0 0.2768263636408572 0.6596044560391345 0.0490920649348082 0.038063621339908774
0 0.3768615454596381 0.7482862427195884 0.04898297077900686 0.03181362133990877
0 0.6045303981368562 0.5532390140833598 0.046021612012708955 0.04115225867281787
0 0.7164418372592378 0.40919920743154103 0.039607970779006865 0.03170453333863606
0 0.7931662041432106 0.5351173647755859 0.04432274431795715 0.033321577339272504