0 0.4636999370011122 0.14789640015309938 0.05981461575678075 0.03673067885919248
0 0.48591584222043166 0.1010068127006695 0.10731124203690498 0.07607702174882984
0 0.5016131057981343 0.540725887301518 0.07469616311182747 0.051366181824942105
0 0.499717405854604 0.6000372203053237 0.05585515785015538 0.04903967787060921
0 0.3544041768307043 0.5256805019399853 0.06339464206513998 0.04467051285158128
0 0.8262623082313262 0.3193987380626398 0.04684417889684269 0.05490767589344294
0 0.8923360873116957 0.4562183057434062 0.04023015785015538 0.04840300790866543
0 0.744831755755782 0.4863899198875818 0.08489021046687384 0.06581068380210837
0 0.658948192686307 0.582637520191593 0.05778167889684287 0.055353344866803766
0 0.668309240182528 0.7163121832334547 0.07809417889684286 0.05618101581733086
0 0.5116266006776369 0.6899618833471853 0.06099768415851479 0.05704317885919252
0 0.4697436665897093 0.8202688072634621 0.05759966837349921 0.052228344866803764
0 0.4208749851326177 0.9500809826626135 0.0769867052052021 0.06392984882113666
0 0.6647383771977575 0.89805693175058 0.062196163111827296 0.050856845855386724
0 0.7739522954300824 0.6956402444884304 0.06752069994353035 0.061985346843970036
0 0.37379600284259745 0.20611741844188813 0.05888915258848364 0.04760451186299815
0 0.3695279188676094 0.4533598329666246 0.06641322625188942 0.06973417984777566
0 0.6639758688817269 0.45617052068588465 0.05245714206513981 0.044224843878220454
0 0.5605583823888423 0.8267005379860901 0.08883425782192056 0.08000051779449713
0 0.6276464428274814 0.7319981916364117 0.07175317363517095 0.05436384783255317
0 0.47205919759504306 0.21848081418354423 0.06421368942018653 0.05873301285158128