0 0.41762932542963194 0.6807487113606254 0.047238626670908876 0.03452781930985207
0 0.4344441080919503 0.6475155942803463 0.033285214672181596 0.04291947351689629
0 0.4889407040897232 0.6272852217521856 0.03333975867281787 0.04760697351689647
0 0.4762412567631774 0.6782139372233104 0.023764764003817974 0.029763909654926125
0 0.588032184754905 0.6094096708796654 0.04892839600572714 0.0455745799535137
0 0.624824207431541 0.6803341760754454 0.037881808004454245 0.03543475544788173
0 0.5727639101288577 0.9099395486036063 0.025272720003181703 0.025185670298587582
0 0.5887343554662212 0.9385344421669888 0.03626476400381797 0.030637994804219915
0 0.6508980007956304 0.9052577664205195 0.061464758672817865 0.049573665102807495
0 0.558270317393361 0.40350923214374584 0.03475680800445424 0.0352162341605581
0 0.6016657813892247 0.3699811841212172 0.044331802673454136 0.05305929802252862
0 0.5660186353834977 0.33025204860360624 0.03163180800445424 0.03499771287323465
0 0.6349408107097252 0.27304619996065904 0.07416475334181775 0.06763525025210156
0 0.4652822913749072 0.2739634797979573 0.0631727093411815 0.0621829257464694
0 0.5497809434674938 0.9506409582585323 0.07058522000318171 0.02835422896477837