0 0.3076585379003121 0.4448186380727022 0.05116376291777787 0.05029089149054773
0 0.2512987819163885 0.4827771803253758 0.06228310087368065 0.058167024004105096
0 0.5592632843849306 0.14233502926866237 0.06181032218833345 0.03785452400410509
0 0.5874590599361456 0.2401685412707149 0.07852634992375015 0.0848204275949012
0 0.3287288784216661 0.7145089693565956 0.06355466014423614 0.04567611436318479
0 0.33099924002892295 0.7512459000747548 0.05407055737069442 0.04093407220870695
0 0.3844697321451383 0.7367112222834618 0.062137630508958354 0.0519170240041051
0 0.39773214513916605 0.7711680355151783 0.0556330573706945 0.04094316256778665
0 0.427418991928784 0.8049390475172309 0.0875376740119446 0.06924996974937869
0 0.44184647426135354 0.7221992703898679 0.03710126291777769 0.05020907825883114
0 0.5111595187142702 0.7319787913689109 0.0403353656913195 0.05491475897699054
0 0.5422647015599299 0.7048123033709633 0.05901263050895835 0.05189884328594587
0 0.5661191224377424 0.7541764991162372 0.05145470364722229 0.06279089149054773