0 0.5731803140202082 0.17552886024287845 0.05181837955902786 0.08074538896415202
0 0.4517767862847915 0.21609854929788758 0.06093880642076392 0.07029921189493056
0 0.46207720022874976 0.27765020296136067 0.05163654160312507 0.07293288896415202
0 0.5014293345374303 0.3344667689947342 0.03899107123840277 0.06602779172311397
0 0.5369122396476733 0.3558814235627185 0.04716724715020852 0.08206222749876275
0 0.3948513730064233 0.376595636023476 0.04186149810013884 0.05525406603337357
0 0.22308547577996496 0.3629005489592033 0.04836607123840277 0.06651911465389251
0 0.7023560549021525 0.33873926842890734 0.06929682028847228 0.09414614767057934
0 0.6077157021286108 0.33847259554355735 0.04829333605604162 0.06339411465389251
0 0.7707235419843746 0.3923832468321813 0.03423083605604162 0.06265713025772479
0 0.8111842346136802 0.4351782564431197 0.03404899810013902 0.0548446302577247
0 0.1527502195117009 0.5954397320213186 0.05312630642076392 0.06988977611928178
0 0.32176840397288126 0.8280076498182858 0.04560474715020835 0.08198034034363318
0 0.35549009375239515 0.7906647800760107 0.039136541603125075 0.07227779172311415
0 0.22647474097885353 0.7885965897778061 0.04615026101791671 0.105417840343633
0 0.22943804644968693 0.694887533355371 0.053744555470833434 0.09645227611928178
0 0.2660983258006243 0.9009637929663095 0.043678571238402776 0.06627345318850324
0 0.359829488794652 0.9402929658516594 0.07987064437666672 0.07909435775648746
0 0.4135214525098605 0.7506849112382467 0.0561058360560418 0.06380355042954129
0 0.4857412914156939 0.7732426639517801 0.046548998100139016 0.05549972749876275
0 0.49921995032565897 0.8998837290806424 0.05843205547083343 0.09669793758467123
0 0.7361231511230897 0.7699383587725404 0.042552482332569495 0.08494156603337366
0 0.7627259379765621 0.5679597789443569 0.03884560087368065 0.05977779172311415
0 0.76610355148368 0.6580901339873111 0.06119337955902786 0.08123671189493056
0 0.7116894616279161 0.609870639980205 0.030851262917777688 0.05155585594746519
0 0.7193188172512495 0.6853619629109834 0.051891114741388834 0.08387038896415203
0 0.6554011344055898 0.7093892831282285 0.03593880642076393 0.06898901741285464
0 0.7301557062126734 0.25337165648854826 0.07736389342673604 0.10549308344622813
0 0.6323910066495138 0.21930651571537388 0.06093880642076392 0.07029921189493056
0 0.5240868909581943 0.2683847455889859 0.05312630642076392 0.06988977611928178
0 0.5265182938842358 0.4327747942095049 0.06101154160312507 0.07342421189493056
0 0.6902177711828121 0.42336325192056395 0.05305357123840278 0.06676477611928178
0 0.7066402453472566 0.524345897782121 0.06711607123840277 0.06750176051544958
0 0.5325481287060065 0.5433814235627186 0.06093880642076392 0.07029921189493056
0 0.5763695574676037 0.6098186510614813 0.056251306420763925 0.07005355042954128
0 0.5754233468865273 0.6840783446390463 0.07652743882958327 0.06955558344622795
0 0.5939512220771521 0.8962441519659926 0.054761541603125075 0.07309666327441136
0 0.42194828229763814 0.9263400084792845 0.042188806420763926 0.0693165660333733
0 0.7556160739007632 0.873428528944357 0.056251306420763925 0.07005355042954128
0 0.3962476060045829 0.5182475474888653 0.047021776785486226 0.07581222749876275
0 0.4375811208222219 0.5235425570998037 0.04335126291777769 0.05221095318850324
0 0.4608543134515273 0.5654368080043148 0.048038762917777686 0.05245661465389251
0 0.4355296179724302 0.44365033921197927 0.043533100873680654 0.06002345318850324
0 0.6179758292190968 0.6033949106724197 0.03404899810013902 0.0548446302577247
0 0.6078754370266315 0.5332495070089467 0.03891833605604163 0.06290279172311415
0 0.7672342128621871 0.4414791660994867 0.04186149810013902 0.05525406603337366
0 0.7983906810427078 0.5815619335123412 0.034303571238402775 0.0657821302577247
0 0.42998421352777727 0.6482968956344144 0.048038762917777686 0.05245661465389251
0 0.37415178761597173 0.6610149016273082 0.0511273953265972 0.05105788896415202
0 0.35363861265409663 0.7021788121881863 0.04829333605604171 0.06339411465389269
0 0.31081533301881886 0.6936769154221182 0.027435322188333444 0.03889208163720568
0 0.2906483033835411 0.6863623824054313 0.035320557370694505 0.042426517412854636
0 0.22936661768808975 0.6307431462002413 0.048038762917777866 0.05245661465389269
0 0.19510072046163143 0.6242541287873868 0.04178876291777787 0.05212906603337366
0 0.272682819435451 0.5172472122336148 0.046548998100138926 0.05549972749876275
0 0.3823286167381592 0.612164643825392 0.038736498100138926 0.05509029172311415
0 0.5279463220009021 0.8083070607178483 0.04822060087368065 0.06026911465389269
0 0.5003863260849647 0.715344954770383 0.08081489532659739 0.05261374491161739
0 0.5701533122172563 0.7424673767512218 0.04335126291777769 0.05221095318850324
0 0.6041464525098605 0.7606751441640763 0.04560474715020835 0.081980340343633
0 0.6857588220009021 0.8165776633859533 0.051418336056041625 0.0635578889641522
0 0.6946779206903813 0.9038696234718614 0.051891114741388834 0.08387038896415219