0 0.07797583128715908 0.6970113938154843 0.05279003087881238 0.04579310124083733
0 0.09360684296564158 0.7519009896084399 0.06941524122451137 0.08126070767745457
0 0.34642326906731585 0.9465625516288249 0.07097774122451135 0.0813699683211162
0 0.4393321830947963 0.9242119402485288 0.051182066772189574 0.04412134059717552
0 0.3982980061351921 0.9073086635133236 0.05627874373179385 0.05851162252816096
0 0.5578321305083715 0.9239219991668207 0.021312710345699058 0.0357953883676025
0 0.49034075362790974 0.9355754111675353 0.03349446159934022 0.025731973516896288
0 0.45779267808023133 0.9691638073288079 0.06082985141192587 0.05415190445914604
0 0.5866769490629279 0.17356672008582716 0.03381271034569906 0.03666947351689642
0 0.5300130750854599 0.3161805549830195 0.05935827962517113 0.057167643815484226
0 0.4969685575344826 0.4666832995351379 0.043733279625171304 0.05607503737886681