0 0.23079513038143587 0.5745754173261857 0.028217841901054187 0.04139788981258548
0 0.26929921486811625 0.5702205379384413 0.03740184091247105 0.03698317445232178
0 0.3135492805717163 0.6552009431904331 0.03533000494291585 0.02443771034569906
0 0.34392518867066213 0.6967579573761981 0.03689250494291585 0.024483174452321777
0 0.33115593323345466 0.7221982265765281 0.026591674904859808 0.03978992570596276
0 0.4005253571497313 0.6898009152146146 0.050220175893442943 0.04515938730530315
0 0.3830367682144266 0.7158860420950764 0.022575336958138337 0.017823997492717503
0 0.3764538457810248 0.7430706677218971 0.03245967292769345 0.030596782132453627
0 0.4302791827391631 0.7274289473470683 0.03389483893530461 0.027517246239076344
0 0.4515785211801761 0.703801230733163 0.03746550790866543 0.03854567445232178
0 0.49861534726389956 0.7395856180384662 0.024838173916276674 0.03505696159934022
0 0.47707858688377625 0.7882360667056828 0.03089717292769336 0.030551318025830908
0 0.4488872612943444 0.7506534986798518 0.049294345855386903 0.06073892319868044
0 0.4868409060474173 0.8557872795586642 0.05372717787060921 0.05462531551854859
0 0.4348128324351519 0.8081250178801817 0.02276633794672147 0.022511497492717324
0 0.3935803373780678 0.7834599870013693 0.04266234387822054 0.05118206677218975
0 0.3644512528913874 0.7880876510288497 0.013900673916276585 0.03473871285298138
0 0.33462183144656876 0.8099028150563299 0.0378475098858317 0.047920674452321774
0 0.4971204673395742 0.5651168154520414 0.045405341901054184 0.041897994985435005
0 0.4175152444884304 0.8295226447606435 0.03370383794672147 0.022829746239076344
0 0.28852276426009393 0.7319081956977156 0.026400673916276672 0.035102425705962934
0 0.3099547538799706 0.7818089072970558 0.03465884288963732 0.04626724623907634
0 0.5848578892786845 0.5426400733696003 0.03408583992388792 0.03220474623907634
0 0.5952343151721274 0.499140125956025 0.025665844866803768 0.05536946159934022
0 0.5592013146778358 0.5004382015037033 0.03746550790866543 0.0385456744523216
0 0.654863983156905 0.49461776200768687 0.0383568458553869 0.06042067445232178
0 0.5365291131184113 0.2698186873179384 0.025092841901054187 0.04130696159934022
0 0.6083178828900749 0.17804637595602502 0.0378475098858317 0.04792067445232164
0 0.6074358152093084 0.10371396568946833 0.029907675893442943 0.044568353919208284
0 0.6524963058177683 0.14960913888814875 0.026464340912470873 0.03666492570596289
0 0.6827859836883776 0.097302492807357 0.027581171939110406 0.025772889812585565
0 0.45718387543852 0.6046279448397858 0.0237850098858317 0.047511497492717505
0 0.49400739619876666 0.5071451910788621 0.05130251482874755 0.07172188730530316
0 0.5484985780237087 0.4367705065974105 0.036794345855386726 0.06037521034569906
0 0.2787577865032153 0.6260302687381115 0.02802684091247105 0.036710389812585474
0 0.44460698509689023 0.8748949807331631 0.02560217787060921 0.05380696159934004
0 0.16705096536240785 0.5648988889546558 0.034340507908665385 0.03845474623907634
0 0.19444645349940975 0.6220127069804867 0.03328734387822054 0.050909282132453625
0 0.1198602889746733 0.609674179862598 0.03484984387822054 0.050954746239076344
0 0.1041371298871443 0.5732365746897485 0.04189833992388783 0.03243206677218975
0 0.24325934380385844 0.7485812186589692 0.03529551285158128 0.06189224623907634
0 0.2047526007239407 0.7146093839400909 0.03934634288963732 0.04640363855894432
0 0.16784284973535749 0.7182284774344578 0.036059516805913946 0.08064224623907634
0 0.17663952958313314 0.6559103338609485 0.028090507908665387 0.038272889812585476
0 0.18237358194086034 0.8031263146606186 0.0459146778706093 0.05439799498543536
0 0.21748341099033325 0.8244844891129404 0.03934634288963732 0.04640363855894449
0 0.29893102365163415 0.6876269982841403 0.03896434091247105 0.03702863855894432
0 0.26531607452648653 0.8407376264182436 0.029716674904859807 0.03988085391920819
0 0.38946188726433706 0.9421219331613033 0.03408583992388783 0.03220474623907634
0 0.5733672909518397 0.6134837707831755 0.029334672927693362 0.03050585391920819
0 0.49688433988670677 0.37895199491892806 0.03752917490485981 0.0401081744523216
0 0.37143737642710317 0.5974399189755383 0.032841674904859806 0.03997178213245363
0 0.3481961946021612 0.6687238855894435 0.035839340912471054 0.03693771034569906
0 0.13206451722584345 0.7132765529821362 0.03386034684397003 0.06497178213245362
0 0.4770096027011069 0.7131451384924373 0.03127917490485963 0.03992631802583091
0 0.4758914075674731 0.45264790769276725 0.04346083992388792 0.032477530878812465