0 0.9063486514074303 0.5648959569705433 0.03830008700597247 0.035684528855940555
0 0.8690850407501038 0.5534301781146027 0.05101829255305575 0.04549603847458741
0 0.7998797926499648 0.6041816570632104 0.060284189779513754 0.04113592068857237
0 0.8416659427262146 0.6900844407284744 0.04335126291777769 0.05147321996293321
0 0.757435759880555 0.7145090326537736 0.051345600873680654 0.059558538474587405
0 0.7229523103173954 0.6843750993513293 0.04004442496187508 0.043551592558271325
0 0.6277138519205204 0.6106796498068163 0.049492160144236054 0.04700397477225664
0 0.6055108903895133 0.6575992898253498 0.05886716014423623 0.0473313569862416
0 0.6759493705378814 0.7218279701325692 0.03517508700597212 0.03557540145127884
0 0.7035652242613535 0.7446851167745245 0.06210126291777769 0.05212798439090349
0 0.6613049890789924 0.7463368968115914 0.03837282218833345 0.03880952885594056
0 0.6367043793715966 0.7618974094254632 0.04625805737069442 0.04220734736759475
0 0.6141585385659022 0.6891766720393349 0.05388871941479163 0.03466766587924912
0 0.5155937519967703 0.691207908792491 0.05098192496187508 0.043933538474587405
0 0.5847229988626383 0.8116865890997105 0.06555357123840296 0.06629961179556502
0 0.5649209515599299 0.7218601972670784 0.060320557370694416 0.04269842068857255
0 0.8130188383371524 0.44279028927719555 0.047966027735416715 0.048511911069925515
0 0.7665977800165275 0.4552431600584354 0.04629442496187508 0.04376984736759475
0 0.7439071220564928 0.3551513908211416 0.05098192496187508 0.043933538474587405
0 0.712674652641701 0.38689989862568996 0.05116376291777769 0.051746038474587405
0 0.6506227154276383 0.70139641904411 0.044695557370694416 0.04215278366526398