0 0.42395553846084477 0.15745141646825583 0.07976458271265763 0.07097774122451135
0 0.3958348465663966 0.22372963433580226 0.08310790653397522 0.07575616943775679
0 0.3264320291552198 0.2412149995377816 0.04891268899896399 0.04511392319868044
0 0.308116522745079 0.21649614436493209 0.08950345574818694 0.07906302586424747
0 0.32397265508623324 0.13815819569771562 0.07634848428423427 0.064636813011266
0 0.3124679208019989 0.07540814311129086 0.06170378742738745 0.051727636051661884
0 0.381487594499482 0.032945509962622854 0.09527826674922295 0.03554034639736085
0 0.7085874036384912 0.20474291976696116 0.08201628742738745 0.05231866943775669
0 0.6515219203877142 0.2358505157686106 0.07925516046291677 0.06004024122451135
0 0.6961088283694316 0.2550922607540457 0.05374573821317572 0.048375315518548415
0 0.676496187551222 0.1187683158477529 0.08336046360606986 0.04767663354437941
0 0.7232727959044428 0.2855299185133199 0.07158820967712849 0.06293792069139795
0 0.6972582595105127 0.3300240645941116 0.05545378742738745 0.05154577962517113
0 0.7950364799410081 0.25172923152458593 0.03343323821317572 0.04778428213245363
0 0.7865176586008898 0.28658996483153854 0.08052656203449331 0.05383570533113406
0 0.7783070523145836 0.3113171801918024 0.06406680810555195 0.06896060015828454
0 0.8056529563673596 0.34566108795107664 0.04429796360606986 0.04654003087881238
0 0.8267252816364191 0.29556179955041684 0.0486943651776464 0.040426423198680436
0 0.8588143436709125 0.3479881175762478 0.058433238213175545 0.04851170783841656
0 0.8851199784932661 0.30974397149545607 0.060359611248705036 0.05636967194503919
0 0.8481058219592906 0.23532899320306844 0.08510705417661057 0.0851766335443794
0 0.788724475597782 0.41772630456498183 0.06758991439185813 0.044096992478152505
0 0.7892917098820161 0.48015810840504775 0.06944351282028158 0.050392456584775404
0 0.7832814584342742 0.535376805818623 0.05552656203449331 0.053108279625171305
0 0.8277934377561097 0.5195077649106807 0.051819365177646404 0.040517351411925875
0 0.9172540440424161 0.4971446830947963 0.06428513192686935 0.07364810015828453
0 0.8397326656302033 0.5580845316037282 0.06504711124870503 0.05650606426490725
0 0.8745464673256145 0.6020080278428045 0.05886988585581108 0.05788670783841656
0 0.8573803920565547 0.652220976510021 0.08819351282028158 0.05093802586424747
0 0.8435234073580358 0.7399793892838602 0.09426373035529281 0.08076191818411545
0 0.765282783289049 0.6347175762725941 0.06653683664159918 0.05498902837152997
0 0.7459356238595897 0.671603810833188 0.06072348428423417 0.0641821719450391
0 0.756213844290085 0.590762987792792 0.07202485731976367 0.07231292069139794
0 0.7198717758454509 0.5140269915537158 0.07932793507002263 0.06160274122451135
0 0.6704390101296852 0.575003943981856 0.06831766046291676 0.059721992478152686
0 0.6903726745215433 0.6177142812080169 0.10312930810555195 0.07009720282385175
0 0.6019480293601076 0.6455688450772126 0.0752568651776464 0.04119931301126591
0 0.6240563157540377 0.6009610387298642 0.06846320967712849 0.06284699247815269
0 0.6503426798982268 0.5455521247023838 0.07820208271265763 0.07093227711788863
0 0.5414235982190265 0.5689094051854848 0.08325345574818713 0.07888116943775678
0 0.661308066787495 0.6972282849689405 0.05745293507002245 0.060966243731793844
0 0.667254159839235 0.7746402311288746 0.049713209677128486 0.06230142319868044
0 0.726391565339753 0.7545155992338477 0.042735463606069855 0.04649456677218975
0 0.6453342721213973 0.9237991451563549 0.06839043507002263 0.06128449247815269
0 0.5307858128585536 0.7090343000126353 0.036194365177646404 0.04006271034569906
0 0.5810833734453048 0.817384009104693 0.0463698858558109 0.057522994985435005
0 0.9372883699306481 0.6927754318411551 0.04876713978475209 0.04198892319868044
0 0.892628571545006 0.3872013817620128 0.057234611248705033 0.05627874373179385
0 0.5067123804791274 0.14191499617256928 0.07107878742738745 0.052000420691397944
0 0.7031509644301301 0.7078080837944415 0.048767139784752264 0.04198892319868044
0 0.7088102671589985 0.8460666017411302 0.061849336641599174 0.05485263605166182
0 0.5393346751407159 0.859079764119258 0.05218323821317572 0.048329851411925515
0 0.5153920609965268 0.9145568743066723 0.05247433664159917 0.054579851411925874
0 0.46418912592650424 0.8537724870013694 0.05240156203449331 0.05301735141192552
0 0.9937308451186546 0.5879264589590438 0.012538309762690858 0.04796613855894449
0 0.884681292594674 0.5515904906957859 0.05225601282028158 0.04989235141192587
0 0.7184162837033338 0.4827769915537158 0.048767139784752445 0.04198892319868044