0 0.5247776248997538 0.1563639410788621 0.0767293659766839 0.06615384890464333
0 0.543017216806521 0.07816238473151364 0.07348596680652086 0.06450042069139798
0 0.5566527417016303 0.03178748990436314 0.0664304834032606 0.03311402837152992
0 0.6933006367226084 0.0451178671805364 0.1022262734452168 0.052864238717228916
0 0.6380453742750538 0.06689592728880853 0.09379846680652086 0.06509145407749281
0 0.6213557043589664 0.10382762595602504 0.07997276514684692 0.06780727711788873
0 0.5899998831981235 0.14267116561032603 0.08598596680652086 0.06486413354437941
0 0.5785305095477696 0.18677050659741057 0.050308575934727706 0.04667642319868044
0 0.6114264425361116 0.21968830667655287 0.08993976099766207 0.07589256175762475
0 0.6690487657715469 0.1777114068348374 0.06808807178554269 0.05498902837152988
0 0.7158869543589663 0.10657820440669723 0.07000576929603194 0.059721992478152595
0 0.7275949715804058 0.1685015428864993 0.09270956348717299 0.07129598997087014
0 0.6935420481398334 0.30548706584775287 0.07651587842423861 0.042761813011266005
0 0.6957459334125493 0.42715747736795084 0.05667697510489074 0.04842077962517113
0 0.9400278070629031 0.38983228826764577 0.04538427759440182 0.04341503087881247
0 0.6868193740745611 0.35050404915470545 0.06280857593472752 0.04704013605166182
0 0.62897190789274 0.3792224310497322 0.06965057178554286 0.05503449247815269
0 0.6116193871468157 0.41769389766363735 0.07504846680652086 0.06454588479802066
0 0.5508235971048594 0.39721626161197554 0.06832487012586892 0.05811402837152997
0 0.8162341869370342 0.33010428411101067 0.08705155933798814 0.07892663354437941
0 0.7577704915011376 0.3198283621659715 0.05968357593472771 0.046949207838416565
0 0.8729918271841275 0.25614159837591793 0.0683248701258691 0.05811402837152997
0 0.8233470246946165 0.25937424696399214 0.07504846680652122 0.06454588479802066
0 0.8503696207505687 0.17363297525637975 0.06278526514684728 0.06730717194503918
0 0.7997543141118729 0.1846326597378313 0.07180506763635783 0.06289245658477531
0 0.7538507408764377 0.22695054037921683 0.08825886182749905 0.07428459765100212
0 0.854819399794863 0.11919552784280452 0.08778526514684692 0.06803459765100209
0 0.8031860448158412 0.1270474802709447 0.08155857593472789 0.047585705331134064
0 0.7790847713706244 0.07645644688484984 0.06832487012586874 0.05811402837152992
0 0.852612162666625 0.47069819187028494 0.03830548340326061 0.032295674452321774
0 0.8052868767738535 0.44281723277822715 0.04240098755244546 0.02461956677218975
0 0.7471658008391258 0.3959134890464333 0.03349958423309758 0.030596782132453627
0 0.7684837711701317 0.3583369326990849 0.04815408008391255 0.03881845909205772
0 0.9146357981398335 0.31192023693486226 0.04635478174358667 0.03564799498543501
0 0.6063263906713006 0.3169808438235714 0.0381870842330974 0.0307331744523216
0 0.6450094597575511 0.28224814264907244 0.06472627344521661 0.051773100158284534
0 0.5246745715850502 0.3504632820659466 0.036387785892771515 0.02756271034569897
0 0.4946337193053207 0.44780964350700225 0.04983497925407558 0.040426423198680436
0 0.8642017807179012 0.5310590303500871 0.03974958423309758 0.030778638558944492
0 0.9053362661957542 0.5595393830156541 0.04936138257342364 0.03417642319868044
0 0.9387281840372491 0.5269913074679756 0.0495981809137497 0.03730142319868044
0 0.7406575369416786 0.5157713479802065 0.033736382573423464 0.03372178213245362
0 0.7785243898461081 0.5114164685924621 0.0647262734452168 0.051773100158284534
0 0.7629935556130105 0.4813425236861694 0.03951278589277152 0.027653638558944316
0 0.7000083035384181 0.4834074773679508 0.044792281743586494 0.03560253087881247
0 0.8422531578927401 0.3854282816037282 0.046473180913749704 0.03721049498543509
0 0.7873764037435552 0.3916268058186231 0.05632177759440164 0.04373327962517113
0 0.8609663464801596 0.31347672525637976 0.04779888257342364 0.034130959092057725
0 0.8621214917016303 0.040675722749097296 0.04299298340326061 0.032432066772189704
0 0.9231685033239924 0.20849136005440042 0.05667697510489091 0.04842077962517113
0 0.5175948547785292 0.2878950859060126 0.047420374275053766 0.049710494985435005
0 0.7108847587225771 0.38004679664742297 0.043466580083912555 0.03868206677218975
0 0.6780489479346963 0.399359086301724 0.04791728174358649 0.03569345909205772
0 0.9073220508391259 0.4005735599752581 0.0433481809137497 0.03711956677218975
0 0.943592360177114 0.4780226100544004 0.04599958423309758 0.030960494985435006
0 0.9084603435803743 0.5081814714954561 0.04779888257342364 0.034130959092057725
0 0.8582827448251298 0.5043828700835302 0.05416728174358667 0.03587531551854859
0 0.8470007800932013 0.4377947636570395 0.047443685062934546 0.02944345909205772