0 0.5167521992617194 0.26567244967898374 0.03884125693983016 0.04593979139585782
0 0.5096720820505712 0.3274457467568844 0.0538654796419344 0.03683752678536125
0 0.4135201704226641 0.427451475246529 0.0538654796419344 0.03683752678536116
0 0.5054468545681052 0.40555710998740924 0.03804022054263569 0.03343979139585773
0 0.6351331570044287 0.3424240901019069 0.06434190468807692 0.05418866801906326
0 0.5308089975359899 0.48471277597787765 0.046353368290882456 0.041388659090609535
0 0.5090748974437048 0.5194286952147569 0.05270349784053163 0.04306025324641087
0 0.43091032464931567 0.5457650986233235 0.04967862739018099 0.044568206168510115
0 0.43065070635843333 0.5863491883148979 0.047715609191583755 0.03829093262956
0 0.5723282641934276 0.6283576359619916 0.06530362739018099 0.04484094155801373
0 0.6848480505906223 0.6139075779270422 0.06832849784053163 0.0433329886359143
0 0.3184999622185295 0.5219748169666983 0.05114099784053163 0.04303297970746058
0 0.3232794949150962 0.617877652194046 0.04156573874123302 0.03974433847375849
0 0.2774186775193779 0.7490009671288541 0.04216651603912895 0.04911933847375849
0 0.331517089765594 0.8424821858792659 0.05486677513842757 0.05246252678536116
0 0.44667981724806005 0.7624344013832671 0.0413654796419344 0.03661933847375849
0 0.4417243160114424 0.3770150986233235 0.04997901603912887 0.0492557061685102
0 0.6579839643779979 0.5581894119365739 0.08631703423772627 0.05613299756436803
0 0.446508638962715 0.7163951984611677 0.05290375693983016 0.04618525324641087
0 0.5292012230158711 0.7289985641273246 0.053104016039128864 0.049310253246410876
0 0.5860822786913971 0.7303468299556372 0.07674177513842757 0.052844356330665934
0 0.5024105806662954 0.8426207333642038 0.07704216378737563 0.05753185633066593
0 0.6212712021963801 0.8631769208650276 0.04585272054263569 0.033576159090609535
0 0.6052864543558485 0.9055962459461055 0.06746690468807692 0.05424321509696384
0 0.6623560795865612 0.8187587191607442 0.07467862739018098 0.04500458279171582
0 0.42709160318382927 0.921973042616969 0.07387759099298652 0.03250458279171582