0 0.6177741207592178 0.329852226887174 0.020569365177646404 0.04015456314006212
0 0.590486028740935 0.3494590715972673 0.03626713978475227 0.042627115756780666
0 0.6162865494190994 0.36519048741051774 0.025038541356328815 0.03574007892507769
0 0.6477078314698035 0.4847826505929322 0.034704639784752266 0.04253611049510884
0 0.6063401228261324 0.521660295288908 0.02987159057054072 0.03913809471009326
0 0.5990199284504849 0.5495045742281033 0.03230738585581072 0.05797909997176518
0 0.5676800372179904 0.5662139320923762 0.03677656203449331 0.05356461575678075
0 0.5362288300220615 0.5468947846949772 0.023112168320799497 0.02783657366340577
0 0.5266740475570726 0.5772193215266801 0.025256865177646404 0.04042757892507769
0 0.5363594166636606 0.600156292587485 0.027799668320799498 0.028109589448421346
0 0.5643217508240603 0.6118449505082276 0.017444365177646404 0.03997255261671846
0 0.5847241420565548 0.5957726294756577 0.021767992142117266 0.03243306840173403
0 0.505841470840271 0.6849709083442657 0.03255994292790536 0.02994510523343692
0 0.482641565339753 0.7082564899001793 0.01962329528527036 0.019842063140062295
0 0.5468838478047416 0.6747467689099617 0.015081344499482086 0.02269404735504672
0 0.5758436017336831 0.6573926689381965 0.039756012820281586 0.05062162628012441
0 0.4938978190638066 0.29398188729757824 0.031943512820281586 0.05016659997176509
0 0.46453565074300707 0.26905748200767154 0.023694365177646403 0.04033657366340595
0 0.4737993347795723 0.2324829451759686 0.030235463606069858 0.04695059471009326
0 0.5758948358130296 0.32210761632147805 0.039066808105551944 0.06928062101845249
0 0.6325686749358281 0.41202769005547113 0.0354323858558109 0.05816111049510884
0 0.49108761207276536 0.6709462056993123 0.03128854135632899 0.03610409997176518