0 0.8805631809316843 0.6871837977388481 0.10102315260503403 0.09640324855010754
0 0.651828212982388 0.7905176722143945 0.07449488585581072 0.06169636182749905
0 0.8087738798554456 0.8841520408903708 0.032487168320799495 0.02893048340326061
0 0.7631873980524106 0.8581214145407247 0.0726070541766104 0.08802206348717298
0 0.5849789689782442 0.9598345120465694 0.05945208271265763 0.0730123701258691
0 0.6356102458616616 0.6094569263635794 0.0729323858558109 0.06157796265733602
0 0.6714236213783902 0.6596587585220843 0.02765411910658777 0.02545028589277152
0 0.6099446199306481 0.7102731425454004 0.07812930810555194 0.0728706601678251
0 0.6454048926757272 0.9200392288530903 0.02431079528527036 0.020525987552445456
0 0.7050688370513747 0.8973130464894481 0.06726458271265763 0.07360436597668425
0 0.660627478283869 0.8791541197248837 0.058797111248705035 0.058949870125869094
0 0.6964815492097025 0.978491560899738 0.07224318114108108 0.04301687820052393
0 0.6181189547102205 0.9693521446199928 0.027945217535011224 0.03170028589277152
0 0.5297456594249501 0.9439717910908634 0.057525709677128486 0.06508147095570607
0 0.5643432913518197 0.9973173209603502 0.06758991439185813 0.005365358079299653
0 0.7045250657540377 0.6349197902656709 0.045496590570540715 0.04081517676456468
0 0.8020786160017067 0.7404020408903709 0.03917381596343468 0.03877908008391255
0 0.7683499712545557 0.6179583558274364 0.045569365177646405 0.04237767676456468
0 0.765284937341825 0.7025818095617028 0.053600188998963995 0.04765717261537965
0 0.7157858591772812 0.8599789898507524 0.05552656203449331 0.055588071785543036