0 0.6512176266232055 0.0037134853199461996 0.04415910308425506 0.007426970639892399
0 0.6162386546263827 0.013979974256992952 0.05070911201270896 0.027959948513985904
0 0.6060239034085667 0.04839872705003319 0.10090002678536117 0.05622007485477487
0 0.6289489346581547 0.1075361325505512 0.08689207386326174 0.058690103390822125
0 0.7033722362002823 0.11579808871302295 0.034975017856907445 0.035976041356328856
0 0.6624705466708637 0.1466328658013282 0.03012387662320535 0.026382717535011313
0 0.47831196063273707 0.03323610752916057 0.0697591209411625 0.06101458271265773
0 0.5038262037328781 0.10632685111901978 0.05854888555165907 0.04488016046291672
0 0.43673416111920443 0.11492490922457166 0.06460797077900686 0.03423375889134013
0 0.45156032020981396 0.15801993776061893 0.060220479707460584 0.05120293507002258
0 0.5313705511350905 0.16133968279822022 0.0900443474022122 0.06039815260503385
0 0.571442172076253 0.21733281762057377 0.09166139448011297 0.06359592721213972
0 0.3851540702098139 0.16111285856261787 0.07170345048646735 0.08296235731976358
0 0.48278482102059284 0.28948610752916054 0.09300570616851012 0.05116870181924558
0 0.3260944902574721 0.31633120554329924 0.07296594155801354 0.06584763192686945
0 0.5382359801112024 0.3306889962804555 0.08557503571381489 0.07267982878371626
0 0.505033742286067 0.3994775376367844 0.07902502678536116 0.055201230355292806
0 0.6092575921239112 0.36803913896069196 0.07291139448011297 0.06272263192686944
0 0.6797434159871731 0.41948816894448127 0.09651253571381488 0.0731892510334573
0 0.6611531030809598 0.4743041015333046 0.09651253571381488 0.0731892510334573
0 0.8003519707757116 0.4756396615008832 0.09034435633066593 0.07758565260503403
0 0.7291900369283356 0.4750446561241997 0.06548072402541756 0.08423375889134022
0 0.5643053766199102 0.48037862717386764 0.09034435633066593 0.07758565260503403
0 0.4700917264577543 0.4581826036002191 0.06501707386326191 0.05767125889134021
0 0.4030485024323367 0.3799891370986651 0.06512616801906326 0.06392125889134012
0 0.37718720616521495 0.5109865800265705 0.09514095048646727 0.08405397642635144
0 0.4511838137136969 0.5395974234925953 0.08557503571381489 0.07267982878371626
0 0.4558634054338663 0.6285143742783836 0.06986821509696384 0.06726458271265763
0 0.396088984979171 0.653191196651959 0.08689207386326192 0.058690103390822125
0 0.503352060060249 0.6614873860652078 0.08069662094116267 0.06152400496239885
0 0.5614139760507173 0.6282895882987382 0.055532979707460586 0.050984611248705035
0 0.6033599683400795 0.5676945366033271 0.06685230925276535 0.07336903349844608
0 0.6913333011317953 0.635530545908952 0.0684966298696164 0.07812930810555194
0 0.7088577662287591 0.6988289125343405 0.08382162094116268 0.061669554176610575
0 0.6556742650109431 0.7427458864794927 0.07291139448011297 0.06272263192686936
0 0.7545265965848428 0.8515151108389295 0.055423885551659245 0.044734611248705036
0 0.514499840092021 0.7626132384225727 0.05536933847375849 0.041609611248705033
0 0.8634946732907738 0.6439315891273077 0.05854888555165907 0.04488016046291676
0 0.6067264760507174 0.6261791246926683 0.05070911201270896 0.042953787427387445
0 0.5994185365212985 0.6554492477281977 0.05854888555165907 0.04488016046291676
0 0.37665932629559856 0.4359501927230177 0.07280230032431154 0.056472631926869354
0 0.5722194679363378 0.2618640676205738 0.05542388555165907 0.044734611248705036
0 0.500662067774182 0.23861281224389028 0.07104888555165907 0.04546235731976358
0 0.7329818697233466 0.06516023387445874 0.05854888555165907 0.04488016046291672
0 0.7504355657422919 0.6171401108389295 0.06800570616851012 0.05000430810555194
0 0.6689304212621788 0.5615130031048811 0.07592730032431164 0.05661818114108108
0 0.6053197090045886 0.72476217390688 0.05854888555165907 0.04488016046291676
0 0.7378827930141203 0.7490814696064352 0.0584670649348082 0.040192660462916766
0 0.6807112211794533 0.7884928800693518 0.06323638555165925 0.04509848428423435
0 0.5589809025944925 0.3993105636916323 0.06496252678536116 0.05454625889134022
0 0.6017138733734992 0.4285956492997742 0.05542388555165907 0.044734611248705036
0 0.7983311436627434 0.8526024218399655 0.060220479707460584 0.05120293507002245
0 0.6794993230458924 0.8534457919800106 0.05854888555165907 0.04488016046291676
0 0.5909356550268292 0.7965836699779386 0.05536933847375849 0.041609611248705033
0 0.5453156432590016 0.5571059470662438 0.06806025324641088 0.05312930810555194
0 0.5129804301906326 0.5859779638154669 0.07113070616851011 0.050149857319763666
0 0.5651028486200282 0.002045054488451313 0.0645534237011061 0.004090108976902626
0 0.6218390073003054 0.6856804032287156 0.060165932629559826 0.04807793507002245
0 0.6633152154974105 0.8221422880510693 0.06638865909060954 0.0468065334984459
0 0.7101765787279353 0.8191777998378935 0.060165932629559826 0.04807793507002245
0 0.7951595048646733 0.7604876964470713 0.05846706493480802 0.040192660462916766
0 0.8065333814878788 0.7849782741973304 0.058467064934808376 0.040192660462916766
0 0.8385061302700627 0.8249290320552131 0.05536933847375849 0.041609611248705033