0 0.1673552965865946 0.5918709686903171 0.03968066534054513 0.053579533338636055
0 0.33342464457354976 0.6899101213796797 0.07856135200509069 0.038409066677272105
0 0.32129681456877723 0.7249300113780889 0.06155566534054504 0.05383407200827239
0 0.29734114656273203 0.7691885413749071 0.053761346674090583 0.05530566534054522
0 0.27197861457673145 0.6657544587046346 0.04745680267345422 0.05054544000636341
0 0.38806669123968607 0.6944527180537703 0.0364102146721816 0.04104317067154532
0 0.38303374590232264 0.724085674053134 0.037954533338636055 0.03949885200509069
0 0.38651273456400476 0.7608498773869975 0.060029528007635946 0.05694089067472685
0 0.4303445505649591 0.75432770472627 0.037954533338636055 0.03949885200509069
0 0.49408887722791395 0.7824168894016332 0.07739884134309047 0.07276588534372674
0 0.5556269085773677 0.6643668707431328 0.04892839600572696 0.04275112133990877
0 0.5858689392505039 0.6170560660804962 0.07118520401018139 0.07581816000954511
0 0.4498581665738679 0.6889208807288153 0.060029528007635946 0.05694089067472703