0 0.8016918467930723 0.30165278730199224 0.048329851411925875 0.05327781930985207
0 0.772967453219563 0.3058814653942502 0.05922188730530316 0.05248014381548423
0 0.7785415032987053 0.33667799732523535 0.07217652837152996 0.06897922896477801
0 0.7816043188172538 0.38834975796889715 0.07208560015828454 0.0658542289647781
0 0.8470701944440744 0.38746995500269 0.07498327962517096 0.058260250252101554
0 0.8635733843358022 0.44553918111747653 0.06726170783841638 0.06083894703379293
0 0.8702696652146147 0.4881090933702925 0.07865384890464319 0.07722877153942491
0 0.8656647332404456 0.5174141811174764 0.056142351411925875 0.05382412252816078
0 0.8992273909997198 0.5454899046343729 0.049665030878812286 0.0455745799535137
0 0.8542331397460785 0.5532588459681825 0.07659124373179367 0.05993201089576328
0 0.8673696372387962 0.5760079311174765 0.0579321719450391 0.06174588317182241
0 0.8333810821450889 0.5868854469569182 0.06078438730530315 0.05258940445914604
0 0.929543028305023 0.5959487265421151 0.06864235141192551 0.05469820767745457
0 0.9388474836361571 0.6745653994385928 0.06221049498543536 0.048011165102807674
0 0.8959780220368169 0.6481778620597259 0.08775606426490726 0.06850933540139544
0 0.8978731426490725 0.6865137423815568 0.05025606426490725 0.0658870799535137
0 0.8551771772888085 0.6928840746808591 0.07020485141192552 0.05480746832111638
0 0.8661721647523961 0.8028053778991678 0.08223348997087002 0.09307229282674853
0 0.6942874899043632 0.602887869349193 0.07401181301126591 0.07846348960843982
0 0.6532820566765528 0.6405628319703262 0.09432431301126591 0.07988387797604232
0 0.6045490399835055 0.6270195020168124 0.05908549498543501 0.047792643815484225
0 0.6681629105957612 0.6696711777632818 0.036801318025830906 0.032200494804219916
0 0.6246007787007344 0.7266588690970914 0.05784124373179385 0.058620883171822416
0 0.7566714811288745 0.6836569041301698 0.07971624373179384 0.060150532183086726
0 0.7991605095004044 0.7505601808653749 0.04203438730530316 0.051278276735205
0 0.75774589931299 0.774172643486508 0.07897209765100204 0.08816627153942491
0 0.7158144635778972 0.8336133454639795 0.08628449247815269 0.07152507475773362
0 0.8109140149106807 0.8597548644055145 0.06248327962517095 0.057386165102807495
0 0.7756357444567097 0.8798981196012946 0.07750052586424747 0.09118201089576346
0 0.6319933930447839 0.8199554010280767 0.08415970282385157 0.10568155347041
0 0.5344735353646519 0.8178141107992183 0.08463106426490725 0.06829081411407181
0 0.6652187331739385 0.9699509571348142 0.09221624373179385 0.060098085730371766
0 0.6529604255729489 0.9866385714911525 0.0719946719450391 0.026722857017695036
0 0.5773921242401654 0.9691179357214399 0.07571070533113407 0.0617641285571203
0 0.6527602532987052 0.3278825155104657 0.06459134890464338 0.07624542574646939
0 0.6983766301791672 0.31469945449848685 0.07901756175762494 0.089728771539425
0 0.7090353338609485 0.2522922896477807 0.07561977711788863 0.08013525025210155
0 0.6692537683424 0.19805290387806823 0.07208560015828454 0.0658542289647781
0 0.6153642387172289 0.14126767231540013 0.048238923198680436 0.05015281930985207
0 0.5858562466347876 0.22574657912033458 0.06422763605166182 0.0637454257464694
0 0.5252597274344579 0.23320416401752686 0.054534387305303154 0.05215236188449897
0 0.42804374663478767 0.21471125411049932 0.0660174565847754 0.07166718639013112
0 0.43459527500631767 0.2791015360414845 0.06404577962517113 0.057495425746469396
0 0.3507060083132702 0.26309984160558175 0.059585600158284534 0.06498014381548423
0 0.388811413565262 0.31332371673163245 0.0733753155185485 0.05658848960843983
0 0.27033654671393 0.2340900487788332 0.05926735141192578 0.05404264381548422
0 0.25658628378180626 0.19024721362953934 0.0722219924781526 0.07054172896477806
0 0.26696750580598777 0.27907476684784804 0.06078438730530315 0.05258940445914595
0 0.27439121239076303 0.3466446791006641 0.056142351411925785 0.05382412252816078
0 0.35391620566033843 0.7217646474217805 0.06583560015828453 0.06541718639013112
0 0.30981085299477146 0.6796974797210826 0.06261967194503919 0.06207366510280767