0 0.7450079729708328 0.0740301288590189 0.09123405405833437 0.10732441818411549
0 0.8919875121002484 0.06033500488155093 0.09102497579950324 0.0713869181841155
0 0.9041102621984443 0.12554246773453237 0.07865224082661797 0.09289820533113406
0 0.37274052488786785 0.5335903676427549 0.0988920179539809 0.08098923871722903
0 0.4432524919067724 0.6356589844940868 0.08313975292686634 0.05865959765100204
0 0.5250559620489348 0.8115060821450889 0.06304542154477702 0.09556856426490726
0 0.5145679139425287 0.8682418154520415 0.06460792154477701 0.09561402837152996
0 0.31960993794663384 0.8016213021242062 0.07708065046753818 0.09129024122451135
0 0.30520252518245544 0.7261893931112908 0.08349427693097126 0.11959709765100221
0 0.2837502268796577 0.6528966456185733 0.08016928903121974 0.08513116943775678
0 0.18597580221162266 0.6703676389546558 0.05042724687674203 0.07489235141192588
0 0.1725581968254284 0.6934186940483629 0.0440136204133089 0.046585494985435
0 0.24154402528065133 0.7891918467930722 0.05039997579950315 0.07020485141192587
0 0.17214458548730577 0.7645124440483629 0.06300906010845857 0.08931856426490725
0 0.22434393150372617 0.5222400275136001 0.05350679508134393 0.0671707796251713
0 0.21071724785870066 0.5812285826073073 0.050381795081343925 0.06707985141192588
0 0.13561270872928508 0.5970150554894186 0.0597840661585828 0.07204013605166182
0 0.12396161554153509 0.7193530567430598 0.061346566158582805 0.07208560015828454
0 0.2514235402095701 0.7027458814328084 0.07226588544042353 0.0692788489046432
0 0.28405475390882484 0.6005528956185733 0.06432612041330898 0.04717652837152997
0 0.3680479588274809 0.6686329573761981 0.06906816256778665 0.05668792069139794
0 0.3863161697962612 0.7519910266556703 0.05971134328594587 0.05954013605166182
0 0.37970710061261626 0.8135279202291796 0.06295451795398091 0.07994356426490726
0 0.40278098624943154 0.8767098818285198 0.05672269867214012 0.08288670783841638
0 0.31145200430160835 0.860768981591093 0.05830337939029935 0.0860571719450391
0 0.35000089901361 0.95018683425666 0.07384656615858276 0.07244931301126627
0 0.44321054352921985 0.9114856986007094 0.0628636143631848 0.06431856426490726
0 0.44525937773997937 0.8279374127073321 0.056586343285945875 0.05944920783841638
0 0.488001389643836 0.7338524435861447 0.03629202400410492 0.06198317445232178
0 0.44342923302797776 0.7395879665473981 0.07081246974937905 0.08798338479802066
0 0.5790667511783504 0.7951058438235714 0.05198974687674198 0.07493781551854858
0 0.584971317533325 0.8546627002500621 0.052044289031219645 0.08431281551854859
0 0.6272729679026672 0.7019612490755632 0.05981133723582168 0.07672763605166182
0 0.7431530188377437 0.5271778609123302 0.048792024004105095 0.062346887305303154
0 0.6286137958669109 0.47149249907556323 0.03626475292686617 0.057295674452321775
0 0.6244631479334555 0.2447708747023838 0.050345433645025396 0.06082985141192578
0 0.7271523315784809 0.1883737736861694 0.06290906615858276 0.07213106426490726
0 0.5692858103048504 0.058759166863967274 0.08642837939029935 0.08687552586424747
0 0.5460568676828343 0.1565374373179384 0.07554542154477702 0.09593227711788868
0 0.8767922206331417 0.5232525420285695 0.058439734776493425 0.1094946719450391
0 0.9687898648541641 0.28995196021268493 0.03021474082661797 0.0914888180258309
0 0.8430045905554714 0.1526756175762478 0.07403746369925486 0.105261813011266
0 0.5564337479568965 0.6561426322242312 0.06295451795398091 0.07994356426490726
0 0.694525663058766 0.28978550950040444 0.04570338544042372 0.06850595909205773
0 0.6493853590004315 0.39317728246165806 0.05342498184962743 0.053108279625171215
0 0.4584234948336386 0.5798408935070023 0.06281816256778665 0.05650606426490725
0 0.6241636869646752 0.16193564264907245 0.08799996974937904 0.08848348997087015