0 0.43479559068844464 0.5190625178801817 0.04545220234403846 0.027835494985435007
0 0.42114410086747744 0.5366675550272002 0.05482720234403846 0.02810827962517113
0 0.33624866672203624 0.5545477253228868 0.046954145588778216 0.05127299498543501
0 0.31199034392764713 0.5788884957768579 0.05829216378737554 0.05784124373179385
0 0.23089983266888012 0.5373936660725445 0.07215440468807692 0.05512542069139794
0 0.138328008176448 0.3452850709288248 0.05044009099298643 0.032659387305303156
0 0.11498134330933826 0.3798275554894186 0.0476154796419344 0.03725595909205772
0 0.027733919264488142 0.4897815655185484 0.055467838528976285 0.051954956584775405
0 0.21518639266334283 0.623816899379497 0.05416586829088228 0.04212531551854859
0 0.1457855505906222 0.6319727286880991 0.03657785009228505 0.03537521034569906
0 0.1842472732927263 0.6424843313536661 0.034414572794389156 0.025954746239076343
0 0.14607784238648763 0.7251233351145898 0.04967862739018099 0.04511392319868044
0 0.132124766352896 0.6863647119950517 0.03335272054263574 0.03372178213245362
0 0.2302025185123643 0.7314846468722146 0.039602720542635694 0.033903638558944314
0 0.25092602869139713 0.7500898943649321 0.04176599784053163 0.043324102665567035
0 0.23010358652639146 0.7940983071387713 0.045091256939830335 0.04654003087881229
0 0.19359558760612564 0.8141691147397608 0.05037953423772627 0.056051423198680436
0 0.10998085364525459 0.7632083568222022 0.0703916455887783 0.051954956584775405
0 0.1024594478774435 0.7950804824490227 0.06277940468807693 0.05485263605166182
0 0.10860002391103514 0.8336117850354476 0.05506703423772623 0.056187815518548234
0 0.06391977715023764 0.8957109682632577 0.06912953423772623 0.05659699247815268
0 0.07226200571243786 0.8388161105831259 0.06307979333702489 0.05954013605166182
0 0.16832638880583145 0.36572560306127844 0.033152461443337077 0.030596782132453627