0 0.5571321338735838 0.739093531097806 0.07213106426490726 0.06741672896477802
0 0.29207515439406195 0.2309321977900975 0.04502299498543501 0.046809298022528624
0 0.2579585671679011 0.21061434395137021 0.07131271034569897 0.03929172896477802
0 0.27711905878812393 0.4403946791006641 0.06606292069139794 0.07322968639013112
0 0.2509453522033486 0.37151363912390717 0.04663095909205772 0.048481058666190256
0 0.6190922954602888 0.26939267231540015 0.03730142319868044 0.04938799480421992
0 0.5545296902874393 0.24772548592526897 0.05765938730530316 0.05237088317182241
0 0.6011175337818063 0.21433918555695192 0.05007420783841639 0.05963707995351379
0 0.5393700400500124 0.15544515077597512 0.05448892319868044 0.05058986188449901
0 0.8019669799417404 0.23072292826748483 0.056005959092057724 0.04913662252816078
0 0.6869831744523217 0.08390292256750168 0.10002874373179385 0.061570920550689315
0 0.339938341382796 0.16099103838727302 0.10668792069139794 0.0760704631253362
0 0.6834921130904082 0.15148926031468563 0.07654577962517113 0.058369510895763276
0 0.8116989280802314 0.9862695438351547 0.07609113855894449 0.0274609123296905
0 0.7593037022951261 0.9348916221991846 0.07337531551854859 0.05658848960843983
0 0.456617376022532 0.1785059563400723 0.11031302586424747 0.09347648441265974
0 0.752713474531464 0.11890598927946368 0.10043792069139794 0.0756334205506893