0 0.20189973966356298 0.45761995397041044 0.12482143992586625 0.08579314401654478
0 0.3917360551799923 0.4108978532781844 0.10423612141421187 0.07774428668045381
0 0.018477148371235926 0.5387443266629547 0.03695429674247185 0.06313634667409058
0 0.15238583458408705 0.5784597126432283 0.1258928666048885 0.07174882535008997
0 0.24620032197021535 0.5531591732972744 0.08839286660488846 0.07131247334499946
0 0.24827619874190487 0.6726176979630927 0.048730165879249124 0.05367044000636341
0 0.41608374683513905 0.6081904766072755 0.09883929328391083 0.057377242679817544
0 0.17434513622070033 0.7546949486394103 0.08817461179556511 0.06506247334499946
0 0.35526031952314463 0.7174478452816843 0.11651786660488854 0.07163973734881743
0 0.2285762792344587 0.8118529206317744 0.08839286660488854 0.07131247334499946
0 0.5452974985644197 0.8886035879217309 0.13430556733052795 0.08902723201781733
0 0.1054612823993196 0.20025344398472797 0.11484623920022678 0.06849655601527208
0 0.10918399392473221 0.2501898093173189 0.1373214399258662 0.08593859468490823
0 0.05575388204434911 0.6397159333227277 0.10300100362819709 0.08710110534690862
0 0.16951628168152938 0.6469824459739103 0.10300100362819711 0.08710110534690844
0 0.5853074619887488 0.5702984832511401 0.1705357332097769 0.1425522213558171
0 0.19543141862001995 0.9559301846355922 0.09195437622353539 0.08384883601209055
0 0.3039408669834066 0.7781768072883658 0.10423612141421187 0.07774428668045381
0 0.38030247034145126 0.8054018312778661 0.1296726310328588 0.09053518801718105
0 0.3128396626295702 0.8811563566200021 0.07216766587924912 0.05394316000954511
0 0.46024294148551076 0.8419564019335031 0.13554068511654266 0.07967041335136286
0 0.5432687510114903 0.7230694945894581 0.10886905771188111 0.07623633068109026
0 0.5953297588160387 0.752920079248913 0.10412699400955035 0.07461928668045399
0 0.5598436374018266 0.8298643872533674 0.10245536660488845 0.07147610534690826
0 0.3867360419331484 0.5093535346117297 0.06575397477225656 0.0491829346753633
0 0.4312127282308175 0.5103978666056846 0.05621528366526398 0.0443863466740904
0 0.13380699329176005 0.37250970464672817 0.06095734736759484 0.04600339067472694
0 0.28542405699409085 0.36918361529282 0.06279266587924912 0.05383407200827239
0 0.3359300323993196 0.19757169728677487 0.08644842068857254 0.06035679201145401
0 0.11848700582081376 0.721764817313819 0.08817461179556507 0.06506247334499946
0 0.2130554613557766 0.6972364373010924 0.06753472958157998 0.05545111600890866
0 0.24447658694633975 0.736698379296638 0.09576885698624168 0.05890338001272681
0 0.3070336398488974 0.6672483979551385 0.10530754809323425 0.06369996801399935
0 0.27160706053746997 0.608309749960229 0.07109623920022683 0.06798747867599957
0 0.38007923713167424 0.94597228727723 0.08477679328391083 0.05721361067790838
0 0.45045622451780254 0.9209444679344575 0.07707342068857237 0.06024770401018102
0 0.10435759546867826 0.32131083131763705 0.0703869110699257 0.04767497867599957
0 0.04362842659420428 0.3384170626591367 0.0721676658792491 0.05394316000954502
0 0.024228640566687616 0.47306478266231833 0.04845728113337523 0.0538704346753633
0 0.09748256897499044 0.5181858313176371 0.046785719962933126 0.04271475867281786
0 0.06304308158886217 0.5427954799888642 0.07518353847458739 0.05085452267663584
0 0.3258903111704421 0.48507169728677485 0.07405754809323425 0.06333634134309048
0 0.4747841681566838 0.4255501519335031 0.06753472958157988 0.05545111600890866
0 0.4822196675237116 0.5480700419319122 0.10886905771188111 0.07623633068109026
0 0.3705728393934105 0.5696734166136388 0.13068949400955027 0.0749283693507266
0 0.23324154201796646 0.18627166530077424 0.06871528366526398 0.04453179734245412
0 0.18899303421341812 0.15633017397359214 0.09280754809323422 0.06355451734563582
0 0.0881571211597579 0.8970466279837733 0.07405754809323424 0.06333634134309066
0 0.09262885555066128 0.8360818559834552 0.06279266587924912 0.05383407200827221
0 0.043382823699495844 0.8374358179901368 0.0346676658792491 0.0535068080044546
0 0.08424592587641408 0.7854187846515007 0.06095734736759484 0.04600339067472703
0 0.14277518849028584 0.8089466439767736 0.07227679328391083 0.057068160009544754
0 0.32403013377362966 0.9185109059516385 0.08913691106992569 0.047893154678544644
0 0.46169880328107576 0.7779029926002757 0.06095734736759475 0.04600339067472685
0 0.48582578404378207 0.8026120912635486 0.06106647477225664 0.04912839067472703
0 0.47074891026731747 0.7200086765993212 0.08348711179556503 0.0650079293443632
0 0.22778261635043445 0.9016693986314561 0.07405754809323425 0.06333634134309066
0 0.2525446135248456 0.21494155796468345 0.06273810217691826 0.05227157200827239
0 0.5318402108076224 0.4912655112587762 0.09006449400955016 0.07445565467854501
0 0.6445807359505478 0.8632394139083679 0.08348711179556503 0.0650079293443632
0 0.6602206049176891 0.9520837379058225 0.04624008293962447 0.027089758672817866
0 0.7203049330479903 0.9310803472310955 0.06095734736759475 0.04600339067472703
0 0.12164917823866679 0.9442937979790009 0.06457342068857255 0.060102253341817756
0 0.0732017545548694 0.967504578652137 0.04749504809323422 0.06302725867281786