0 0.26730815269891944 0.3259517832988652 0.029716674904859807 0.039389764003817974
0 0.2743765533834914 0.2500523546308198 0.07333934091247105 0.036773841343090474
0 0.4129867031166613 0.5634325072804115 0.044224843878220454 0.05049089600572696
0 0.4557153725843136 0.5762228612746846 0.052228344866803764 0.05526930267345413
0 0.4005941324701453 0.6237614799490933 0.04897601087441501 0.05210794000636341
0 0.3290520549035472 0.6519506619589565 0.030515170950527092 0.020657945337363516
0 0.3426171477931846 0.6971268019573655 0.039091674904859805 0.03949885200509069
0 0.638811715473951 0.6194263265834129 0.052963173916276675 0.03497498400699968
0 0.6549924723940332 0.6520661039147312 0.03896434091247088 0.03637385200509069
0 0.6951943666528146 0.545297935908686 0.03896434091247088 0.03637385200509069
0 0.8808599526223698 0.5556434478835508 0.03695617193911005 0.025418170671545327
0 0.8881922915576744 0.5821332225493691 0.039091674904859985 0.03949885200509069
0 0.8367107045995361 0.565536615889596 0.02901633794672165 0.022202264003817973
0 0.8396738785158127 0.5998934345560505 0.02582767095052709 0.020603401336727244
0 0.8825935489720482 0.6173712885503235 0.045087006920082474 0.033321577339272504
0 0.8585485539149641 0.6410996898870506 0.03102450692008212 0.03315794533736351
0 0.8908808928502687 0.6672985632161417 0.02777217292769336 0.029996582670272432
0 0.8530771453217266 0.6794627558880052 0.03083350593149916 0.028470445337363516
0 0.8148794669568258 0.6244121765595503 0.03434050790866543 0.037881808004454245
0 0.7747027945234238 0.5975229598981866 0.03434050790866543 0.037881808004454245
0 0.8044022233826164 0.6550172865611412 0.03564833992388792 0.031649989337999784
0 0.7763899699225754 0.6389292098981866 0.02770850593149916 0.02843408267027243
0 0.7446306339530201 0.6267928365690955 0.05133700692008212 0.03339430267345413
0 0.7503686393902276 0.6525195425684591 0.03239600593149916 0.02848862667090888
0 0.7234068913673939 0.6622127159055043 0.01995967292769336 0.029905676002545435
0 0.6943414738769079 0.6586428205760951 0.04221667490485981 0.039535214672181594
0 0.7031872332684481 0.7030922545751406 0.03721083992388792 0.03166817067154533
0 0.7384071502646424 0.704245674570368 0.03564833992388792 0.031649989337999784
0 0.7756378948274352 0.6780189818985047 0.032523339923887916 0.031613626670908876
0 0.825174979808407 0.6852587698918231 0.035584672927693364 0.030087489337999783
0 0.8420096527361004 0.7147644565563687 0.04821200692008247 0.033357940006363405
0 0.8016711542189752 0.7222684212285502 0.04027217292769336 0.030142033338636055
0 0.760930749085779 0.7774559079010499 0.03453150889724856 0.04256930800445424
0 0.6989573311010013 0.7719240705760951 0.04703150889724857 0.04271475867281786
0 0.7064050751695022 0.7436990732415951 0.04971083992388792 0.03181362133990895
0 0.6473974896942387 0.7342246232495493 0.04971083992388792 0.03181362133990877
0 0.6404007317855733 0.6967882579169584 0.059595175893442945 0.04442270934118149
0 0.6826730979069153 0.8518388372454131 0.03590300790866543 0.03789998933799978
0 0.6195483568041639 0.8947808625875492 0.02809050790866543 0.03780908267027243
0 0.6666289452451769 0.9184632632479584 0.04228034190105419 0.04109771467218124
0 0.8618393330781677 0.7794082118873689 0.05726867193911041 0.025654528007635947