0 0.4161548777239409 0.012011382762139306 0.060434755447881724 0.02402276552427861
0 0.4157824451922075 0.2901289151614589 0.06755884059717551 0.052237111795565117
0 0.20936247243161565 0.4852951153389441 0.06690327673520517 0.042862111795565025
0 0.1508719012801782 0.6792112956461634 0.04524679802252858 0.045223219962933214
0 0.21877494930270677 0.7206969019994329 0.04412134059717552 0.05141865626060227
0 0.26615804769355245 0.7151264590783419 0.04234031930985207 0.04823909255827132
0 0.31905345475058844 0.7547866706037546 0.04546531930985207 0.04834821996293322
0 0.315120071578766 0.6985366706037546 0.03565327673520509 0.041770837748947895
0 0.4632954916252522 0.6448064914776614 0.07580838317182241 0.0587599303072194
0 0.4841267976935525 0.7075148226031874 0.06676116510280768 0.06312004809323427
0 0.3881258828428463 0.7233977721477005 0.04590236188449896 0.054598219962933216
0 0.1885136489343897 0.7695262715995463 0.038450494804219915 0.037192465153609786
0 0.23632271824424178 0.814846206083117 0.06399679802252863 0.045877984390903494
0 0.05233085845342972 0.6027703359348495 0.02402736188449899 0.05383432813030105
0 0.30085012194708305 0.6512623665200705 0.08885468639013112 0.06700893992586625
0 0.22440795424638532 0.6108581105296207 0.07046531930985207 0.04922123920022674
0 0.07515172737529421 0.3803397752277435 0.0618551438154842 0.05983135698624169
0 0.13642236314500672 0.41657488639033635 0.06799588317182251 0.058487111795565025
0 0.15897579827463013 0.11192210272507241 0.06418246832111633 0.0708234206885725
0 0.23299744234221587 0.2409077090783419 0.11269637797604233 0.09589783175849824
0 0.3699729184570023 0.2510044169755575 0.06555929802252854 0.04593254809323426
0 0.13130353838727302 0.33217260453917097 0.06541718639013112 0.0661904843909034
0 0.2031292619041695 0.36255701978544785 0.08518338317182242 0.05908731252120454
0 0.39572058951189476 0.4960168166127378 0.1063371173323806 0.09411707694917482
0 0.5066691611675352 0.44750241634258525 0.07926116510280767 0.06355655771188111
0 0.246239395580195 0.564672591292327 0.05916718639013112 0.06597222958157989
0 0.10777247528160724 0.544446915246277 0.08885468639013112 0.06700893992586625
0 0.17802462714286313 0.6195262715995463 0.08987088317182246 0.0592510036281972
0 0.40305675017522696 0.8137226717848808 0.08649451089576328 0.07783731252120454