0 0.14880357601933603 0.47157321672181707 0.0643352107723885 0.04799321509696384
0 0.059741076019336016 0.47312780844198643 0.048673849336070066 0.04147047970746058
0 0.18695704011137426 0.6271413782480585 0.05040906615858276 0.07118525324641087
0 0.11242921790266724 0.6815618713481996 0.05805793969514968 0.04319662094116268
0 0.19750365467095068 0.6941379634754062 0.09105224687674207 0.07501936525911965
0 0.319919531036188 0.5990418774372797 0.04250566256778665 0.05542388555165907
0 0.253935461852543 0.6619061160731939 0.05654998184962743 0.05254434740221221
0 0.3638689980550924 0.698264581577195 0.1097386143631847 0.06440914772652384
0 0.3332042844540335 0.8667515288172514 0.09101588544042354 0.06876936525912
0 0.5072438316766767 0.22315371307166432 0.03156816256778665 0.055232970779006865
0 0.3017659913175971 0.22830268344363405 0.06918633723582168 0.07620003571381498
0 0.4903881297830829 0.1664224720001181 0.07542724687674215 0.0747466298696163
0 0.549218229119153 0.12477471428948032 0.03302157825883114 0.03651024431795715
0 0.6730779099355079 0.1843252179429283 0.04555793969514958 0.042978432629559825
0 0.701815988292535 0.21272690747234702 0.048701120413308985 0.046157979707460495
0 0.7318484010567134 0.28719507346281536 0.048728391490547904 0.05084547970746058
0 0.6500398648541641 0.2503456842577082 0.07229315651766247 0.07312958279171564
0 0.5996085936787293 0.1910758242735943 0.04872839149054773 0.05084547970746049
0 0.21931904645608605 0.8382737471606262 0.0548693071815924 0.03220457386326174
0 0.4627858254301609 0.0770696457012242 0.047120439695149584 0.043005706168510204
0 0.29958378425764176 0.7376640466741589 0.07843407220870695 0.05448867694751698