0 0.592793444147917 0.35196829007479963 0.03844555737069442 0.04215300790866543
0 0.6484083177230211 0.3940403849416033 0.04625805737069442 0.04247134288963732
0 0.32206924895316025 0.6586043147521978 0.050945557370694415 0.04266234387822045
0 0.3040647845723617 0.6898715607978653 0.048038762917777776 0.0519100098858317
0 0.2541751937666673 0.7596455499234503 0.04473192496187508 0.043970175893442945
0 0.18913142201517424 0.748409619581383 0.04618532218833336 0.039346342889637495
0 0.19590940529767428 0.8048824540680635 0.052798998100138925 0.05522601087441501
0 0.22083732332569514 0.8363380425090764 0.04629442496187499 0.0440338428896375
0 0.35853799828757016 0.8840964046760857 0.04473192496187508 0.043970175893442945
0 0.159097123478195 0.665232363649884 0.041679660144236144 0.046967841901054186
0 0.15698845640010467 0.6081692801517868 0.05741376291777782 0.052292011862998145
0 0.22134255033993105 0.6568415434976597 0.05599673328249999 0.05847834486680377