0 0.5703350072894671 0.2416447307294889 0.0789662341605581 0.039728771539425
0 0.7425435070373655 0.3274833137850958 0.07380884059717552 0.05491672896477802
0 0.8128888580261012 0.35438430339353566 0.10927644703379294 0.0729454631253363
0 0.7666862113606254 0.4649886676238231 0.07035605866619025 0.050010707677454566
0 0.8444505784409045 0.4531549391632481 0.10291718639013112 0.07094592055068923
0 0.7733461207634498 0.5156988618076245 0.07591764381548423 0.06283848960843982
0 0.6649002002127606 0.6070344199696116 0.11451025025210146 0.08108574505632156
0 0.758333489937416 0.6630273298766391 0.10216306956195353 0.12686813861970414
0 0.5596564172733692 0.8995718452118779 0.09826253737886681 0.04885239926336595
0 0.49457236665295057 0.9209280391435776 0.04565098960843983 0.07471577673520499
0 0.6413163266761936 0.9555265502914425 0.08740144703379293 0.0714158141140718
0 0.5674635634346419 0.9338757893956793 0.09463479282674854 0.0859153566887187
0 0.5732543775487139 0.8510632893956792 0.05520095222957302 0.033402361884498785
0 0.788901156881809 0.8433757475773369 0.05040419158591121 0.031512079953513704
0 0.45585371010011766 0.8122361001555565 0.036341691585911204 0.030528734160558457
0 0.7291926571339106 0.7654039308653748 0.04437271287323483 0.03420003737886681
0 0.7533724743500756 0.5543407447273453 0.047825494804219916 0.039106058666190255
0 0.5255759842374328 0.7582312971893493 0.055637994804219916 0.039652361884498964
0 0.3332888393366678 0.3420442964330447 0.041761165102807675 0.06355975544788164
0 0.5802199255712425 0.8075864410048336 0.0445912341605581 0.03732503737886681
0 0.8130859639585154 0.486289867255506 0.04637225544788137 0.040559298022528625