0 0.3661595577949347 0.12973105290538225 0.13481535178688597 0.09055487765916678
0 0.41382507806088975 0.03465559545843784 0.07372134288963732 0.04698540919430562
0 0.38801867585626193 0.3609271547289934 0.10079317885919252 0.060103658244375066
0 0.34317972524823964 0.5209736487450698 0.07974584980971962 0.07990701196784719
0 0.5085248354380825 0.3973575768410768 0.1037563527754692 0.09451502583555574
0 0.641288255894318 0.3824618882958339 0.09868685079830275 0.08503092306201401
0 0.7106139174533049 0.40831717989895894 0.12856535178688588 0.09040940729444458
0 0.6194676526245573 0.47657491099725746 0.08743101581733086 0.07696384992375016
0 0.5306333042977125 0.5456684434823268 0.08711268083635879 0.06915134992375016
0 0.14218627513450885 0.6750396336430905 0.11137785178688593 0.09000936379145834
0 0.07992901426009394 0.725201981382639 0.0724771778706093 0.054761541603125075
0 0.07108591346179119 0.807887194813507 0.06029551285158128 0.06228310087368065
0 0.278342656541709 0.8455547682361114 0.13675985376405234 0.09996624525034718
0 0.3998449248304977 0.7615817713702434 0.06405718281352515 0.07798083605604163
0 0.6921398541839817 0.7081717095342367 0.08143568380210837 0.08306837955902786
0 0.8548374668452826 0.5727641524478827 0.06992518083635879 0.06875130642076392
0 0.8714108601154809 0.6841926149288202 0.1287563527754692 0.09509690729444457
0 0.6239443166178212 0.884878373478195 0.1014298488211363 0.07572865824437507
0 0.24452729692051972 0.17851143218006965 0.07649351581733085 0.07670927678548618
0 0.3291994327763441 0.32671450246854195 0.12107118676785796 0.09804006933854179
0 0.12448009927824695 0.322731598023889 0.11906301779449713 0.08706620174736121
0 0.4773690414461312 0.6054239967689587 0.1250583498097196 0.0809616721120836
0 0.3283930305717163 0.6535679431979864 0.10729784684397004 0.06649912860909737
0 0.2597677059708677 0.6105251515948613 0.06817167984777565 0.06402743882958344
0 0.20609621931674055 0.5459346683123613 0.07467634783255317 0.07042290919430556
0 0.5209824371877874 0.7057519582999657 0.12996602570316257 0.12478440729444458
0 0.6957065700778623 0.8701268488769103 0.05723417984777566 0.06377286569131968
0 0.7576773294694024 0.8269957511373619 0.013136669961943959 0.0159159407294446
0 0.8097955863894846 0.7953651978507298 0.08312551779449713 0.08622974715020834
0 0.7467597341083071 0.8838269793858687 0.07467634783255335 0.07042290919430556
0 0.21147083292944352 0.7978608442241668 0.10126802273741306 0.1100672906531944
0 0.1344360780237087 0.4238401563445141 0.04259867688202616 0.049383057370694414
0 0.11286612003849361 0.22393042211208342 0.05723417984777566 0.0637728656913195
0 0.3435789036503215 0.06977417144649335 0.08048067885919252 0.059630879559027836
0 0.4861935320917722 0.25451546019982685 0.06485567885919252 0.05926720364722229
0 0.696425377947159 0.19997734982684084 0.04709517589344294 0.04480466014423614
0 0.7191851042211628 0.3131137826725006 0.0627838428896375 0.04673083605604171
0 0.7334412638029834 0.3470712085843062 0.07072367688202626 0.0500376740119445
0 0.8877029994685273 0.4186949014979522 0.07729201186299832 0.05799564437666671
0 0.8741445182516078 0.32923235799496603 0.05835101087441501 0.052871733282499986
0 0.8324650597349199 0.526887954784584 0.06622717787060921 0.05461607123840295
0 0.9382030651721275 0.5035433333936814 0.0841786818249421 0.07376611474138901
0 0.6955632845260491 0.643346143329827 0.059595175893442945 0.045095600873680655
0 0.6926703892786845 0.5416199891695145 0.05047484387822045 0.05112739532659738
0 0.8013556866934957 0.7146236909168756 0.06316584486680377 0.05610583605604162
0 0.766488596769608 0.7450917877064936 0.06297484387822046 0.051418336056041625
0 0.029023019240190857 0.6348666156913195 0.058046038480381715 0.052871733282499986
0 0.10835905627487885 0.5264560100679863 0.05640650889724856 0.0434603656913195
0 0.4408307276825164 0.9072040491056601 0.0487850098858317 0.047966027735416715
0 0.352323914981847 0.41170775151861144 0.05809634288963732 0.04662173328249999
0 0.7165429934998473 0.8385501937666673 0.08829317885919252 0.05981271751493047
0 0.2435736560845984 0.45140407152274326 0.07461268083635879 0.06886040919430556
0 0.6641183304579856 0.8201261956665284 0.07761034684397003 0.06580814437666689
0 0.7932991530816678 0.8739623233256951 0.05666117688202608 0.04971036569131933
0 0.32503190311884894 0.4673758700597225 0.05822367688202608 0.04974673328249999
0 0.3996406308757275 0.5746811834143406 0.06609984387822054 0.05149107123840295
0 0.4313574989742358 0.4104193148732295 0.0612213428896375 0.04669446846486114
0 0.5409540389746732 0.6186338180073616 0.07560217787060922 0.054834276785486226
0 0.938250850229649 0.7326677889407647 0.06798067885919253 0.05933993882958344