0 0.7171538740451797 0.3120581353267461 0.07716248400699968 0.05379024122451135
0 0.5989760387094071 0.2975219253767585 0.06008407200827222 0.06266513605166182
0 0.5420987827020893 0.245252383215175 0.047420440006363404 0.048238923198680436
0 0.41051188068904443 0.15295488611816888 0.08206816000954494 0.07267663354437941
0 0.7907362773710892 0.2552110902621687 0.0629727146721816 0.04244356426490725
0 0.7785999040419981 0.2868248031151502 0.05054544000636341 0.048329851411925785
0 0.4911202747453601 0.5655936269469689 0.0629727146721816 0.04244356426490725
0 0.6414748107494962 0.5916978227111914 0.06940452800763594 0.05825042069139794
0 0.6548838774267685 0.66945910985821 0.07585452267663584 0.07561977711788863
0 0.7242424047580867 0.6525922071135006 0.06929544000636341 0.04887542069139794
0 0.8821185394254958 0.6534690823446099 0.0741829346753633 0.06619931301126591
0 0.6928111387650864 0.7050867212992656 0.06624316534054522 0.05503449247815269
0 0.6547117021005409 0.7218255919115213 0.05843066534054522 0.054807171945039104
0 0.5817009160964046 0.6934709228694761 0.0582852146721816 0.0423071719450391
0 0.7850628207749496 0.7750833210618389 0.06466248400699967 0.05342652837152997
0 0.45631910809195037 0.6642955513992905 0.07102157200827222 0.06298338479802065
0 0.508808856102768 0.742482735880742 0.06482611600890867 0.06748902837152997
0 0.4407491994350409 0.7366479245188287 0.07252952800763594 0.058341348904643375
0 0.49610086545190357 0.8592981628403461 0.06457157733927232 0.04561402837152997
0 0.5896059647914942 0.9026867984962965 0.08359429734245402 0.06959709765100186
0 0.5435923887650864 0.7094285434817318 0.06466248400699967 0.05342652837152997
0 0.568369286680454 0.08505902929596675 0.05385225334181776 0.06404577962517115
0 0.5147266660168629 0.10928379097444925 0.06019316000954511 0.0720401360516619
0 0.634675539345954 0.07453305476450281 0.06319089067472686 0.061193564264907255