0 0.3322938973194867 0.2626166093484672 0.04475912094116259 0.060616127390180984
0 0.5096825117678275 0.20901434068844466 0.02573638555165907 0.04378957279438911
0 0.3104888555165918 0.40244986736803173 0.03527502678536125 0.053765350092285044
0 0.26706218384408054 0.46858480953303727 0.03848184740221221 0.05865310919158375
0 0.34578324756107276 0.542534646825396 0.032013659090609534 0.04575259099298634
0 0.37519801217156934 0.5250071853820588 0.030560253246410873 0.05190246144333717
0 0.33270832345292956 0.6896296923218891 0.047911394480112966 0.062378886489479514
0 0.31012598578994993 0.7849317003414538 0.036728432629559826 0.0476154796419344
0 0.2780714163909149 0.7408405413344401 0.03651024431795715 0.0351154796419344
0 0.26371859009202103 0.7699167720561085 0.038209112012708865 0.04302810919158375
0 0.23587423376135502 0.698181474400147 0.041361385551659156 0.044790868290882455
0 0.21285947361508534 0.7239021676448869 0.03193183847375849 0.041065090992986344
0 0.18599696468663157 0.7084168699889254 0.03998980032431154 0.055628238741233106
0 0.25608159374546896 0.6460484754798813 0.03379434740221221 0.0583527205426357
0 0.27813387174864623 0.6548029117847907 0.027407979707460582 0.05013970234403846
0 0.285107025971287 0.3821769401624208 0.04004434740221221 0.0587532387412331
0 0.4537267922066367 0.13986262492617085 0.03837275324641087 0.05240310919158371