0 0.4950468551795145 0.2680991050479612 0.05151587842423862 0.04288101282028158
0 0.5452403837996014 0.6947108008713507 0.05281826929603195 0.06006851282028158
0 0.2325986738415577 0.6905884968996281 0.06292697510489073 0.04964043507002262
0 0.23182815662011827 0.7521253103818635 0.05629846680652095 0.06490156203449331
0 0.25139898587883824 0.5246723984712046 0.050308575934727706 0.04749573821317572
0 0.2947756746667503 0.8768662911514411 0.05968357593472771 0.047932385855811076
0 0.3222252458275932 0.9152909363128767 0.036341164317009955 0.06864299214211726
0 0.29476309665743017 0.9181269919372295 0.034446777594401644 0.04364299214211727
0 0.2697514412634898 0.9091715229544761 0.029759277594401647 0.0434246683207995
0 0.2890925144989251 0.9518662911514412 0.03998638257342346 0.03455909057054072
0 0.20539294333808225 0.9160615318458163 0.056913773445216795 0.05247433664159899
0 0.17673606968772843 0.8730221612914862 0.022657172615379785 0.052435795285270356
0 0.21685250682525528 0.8470204334173929 0.07073947510489073 0.050004308105551586
0 0.32092839064807865 0.6241950554194646 0.06219326929603186 0.06050516046291676
0 0.35763456263875854 0.6637455529382654 0.06617037427505376 0.05134848428423418
0 0.35448440662011826 0.7464125037240537 0.06411096680652095 0.06526543507002244
0 0.2960915661632435 0.7670375268834174 0.06086756763635801 0.0635573858558109
0 0.34588973400473844 0.7981933275453713 0.05116068091374952 0.038193512820281585
0 0.3828685931329452 0.8135978496712777 0.04164397095570589 0.05643409057054072
0 0.4538080551655813 0.8328700804408553 0.060772479254075584 0.04175516046291676
0 0.38309281346395113 0.851733550457066 0.06411096680652087 0.06526543507002244
0 0.3330811580700107 0.8439424751880065 0.05078217261537983 0.05374573821317554
0 0.29406620226115193 0.8348607276692057 0.06063076929603186 0.06043238585581072
0 0.4019010904336528 0.9014595686540311 0.03383147095570589 0.05607021753501122
0 0.3608500379441419 0.8987005957423364 0.06207487012586883 0.05894266046291676
0 0.5841685547645961 0.2631697024429273 0.045857874275053764 0.05040241439185813
0 0.5353292356783456 0.2296337644774206 0.038897479254075586 0.040736315963434674
0 0.5530271437715782 0.1501817049241267 0.034091580083912554 0.038955492142117173
0 0.4291635912820674 0.15127978618904234 0.042851273445216796 0.051819365177646404
0 0.38411212302565384 0.119124411705771 0.05679537427505377 0.05091183664159917
0 0.4137306132773916 0.013186992763544288 0.054522479254075586 0.026373985527088577
0 0.4647090823589977 0.2266950091007371 0.06605197510489073 0.04978598428423435
0 0.4378146956363893 0.25285940281443087 0.05116068091374952 0.038193512820281585
0 0.48230913422380867 0.32318686538704344 0.0709762734452168 0.05312930810555185
0 0.35939462032636155 0.20902381968748837 0.044792281743586494 0.03633991439185813
0 0.5506959717808984 0.1090301660489972 0.038897479254075586 0.04073631596343472
0 0.5433002981166114 0.6278507866033272 0.10052206348717299 0.0731892510334573
0 0.6329584844289458 0.4103678800693518 0.04682837842423861 0.04266268899896399
0 0.6696665016503852 0.34715725062368175 0.04143048340326043 0.0330693651776464
0 0.45995315662011826 0.7415002177444083 0.04166728174358649 0.036194365177646404
0 0.5811177615991401 0.7451987983901514 0.048746075934727705 0.04742296360606986
0 0.534075895622456 0.8112262127820096 0.04034158008391255 0.03924659057054072
0 0.47018210682989975 0.6476046685301966 0.05343357593472753 0.04764128742738745
0 0.6251864863030455 0.13280796030081018 0.05729228174358667 0.036922111248705036
0 0.24264759605595215 0.07511120016661574 0.04467388257342346 0.03477741439185815
0 0.29696547530538336 0.22127341666816971 0.05511447510489074 0.04927656203449331
0 0.20143948775293802 0.2490773930945212 0.05187107593472771 0.047568512820281586
0 0.43756900974826224 0.09172284967127771 0.05151587842423862 0.04288101282028158
0 0.5162976609930177 0.09039148201243191 0.05187107593472771 0.04756851282028156
0 0.5721789628578288 0.1851003604246447 0.051279080083912555 0.039756012820281586
0 0.5245819124429103 0.18653873594137335 0.050308575934727706 0.04749573821317572
0 0.6147799373380195 0.22904725951502192 0.04791728174358649 0.03648546360606986
0 0.5018198412820674 0.14789576695862 0.052959979254075584 0.041391287427387444
0 0.481337707459244 0.3668277034763846 0.04573947510489074 0.04883991439185813
0 0.3331308860979084 0.05221304756158187 0.06858497925407558 0.042119033498446014
0 0.46826382531002775 0.025678318654031064 0.04034158008391255 0.039246590570540585
0 0.32530580808858833 0.09383762138289944 0.05800267676456468 0.04629711124870502
0 0.20043644666207455 0.7349035771310864 0.048746075934727705 0.04742296360606986
0 0.16383609583223757 0.7350512803980742 0.06304537427505377 0.05120293507002245
0 0.10268326304903261 0.8640153424325675 0.049338071785542816 0.05523546360606986