0 0.8401114651439648 0.13344517896964336 0.054105311535622036 0.06435339149054778
0 0.7770769463270588 0.320600266205465 0.036317034237726274 0.05487839754067192
0 0.8573256508305656 0.3045025675333249 0.037479016039128864 0.04863748789975162
0 0.5641587507659672 0.7055757507855669 0.05007914558877822 0.050272710772388506
0 0.5109615044665949 0.8145194796101322 0.04080427513842757 0.051780668617911016
0 0.45712390807493775 0.8890791180756178 0.05652940468807692 0.053434072208706954
0 0.4308141270764139 0.7712194523845733 0.04100453423772628 0.054905668617910665
0 0.5065872802233313 0.6730859585328933 0.07099242288667433 0.059765885440423536
0 0.29324216686969456 0.3562398678792261 0.030467552436323507 0.06109203610435347
0 0.3265948874123302 0.3888705606976338 0.060355311535622215 0.06438975292686626
0 0.43856635641380654 0.27020639822804304 0.06095608883351815 0.07376475292686627
0 0.6099197247046889 0.3098496394474443 0.04755492288667416 0.05962953005422929
0 0.3671941131967533 0.6809307956705192 0.03571625693983034 0.0455033975406721
0 0.9370818044389082 0.3782849802975033 0.06231832973421945 0.07064884328594587
0 0.6906073226375057 0.3859712570320829 0.0765205320782579 0.09728406615858276
0 0.5539212461424887 0.2531229164766115 0.06155686613141391 0.08313975292686618
0 0.32178507633813347 0.4967512383907309 0.037278756939830335 0.04551248789975162
0 0.326952240125509 0.5529921480316513 0.04639294108527148 0.06587043969514958
0 0.4066385425618325 0.6134887656162898 0.0368782387412331 0.03926248789975162
0 0.47691146976744336 0.5880706090986274 0.05672966378737563 0.05655907220870695
0 0.4246957325673698 0.7001347927436529 0.046753886489479514 0.047129530054229464
0 0.6105867604835746 0.5153911123200812 0.05843186613141391 0.08312157220870695
0 0.6764318059800678 0.5306388624182772 0.05360466378737563 0.05654089149054773
0 0.7781642867017364 0.5448962842576417 0.057630829734219444 0.07062157220870695
0 0.742244177971578 0.6795303594914108 0.05546755243632351 0.06123748184962743
0 0.5656154194905882 0.48439109719477075 0.044129534237726274 0.054923849336070064
0 0.6484755891380599 0.606611009958949 0.05652940468807692 0.053434072208706954
0 0.36940625770579744 0.7520381812091386 0.03924177513842757 0.05177157825883114