0 0.921651860989219 0.4258399838132128 0.04637374203690499 0.07457849784053164
0 0.8404704794474227 0.4699590260705035 0.07173776308359266 0.08243057063492074
0 0.6558609900413537 0.552617739055 0.07064569994353036 0.06368057063492075
0 0.8837199505082276 0.47574914868032253 0.04408319994353036 0.061978368290882456
0 0.8488374453171428 0.5534829248984842 0.043446163111827474 0.05104086829088246
0 0.8617777900978234 0.598575379401991 0.06072466837349921 0.05370479333702498
0 0.864660595415965 0.6559873612033937 0.06072466837349921 0.05370479333702498
0 0.809639166448535 0.6384982749907693 0.05336719468185862 0.061016645588778215
0 0.8850872165050048 0.6928167327334785 0.04013915258848364 0.047715609191583755
0 0.7931426402107629 0.7212804966131392 0.05538472099021767 0.06892927513842757
0 0.7076755770707006 0.7454374922942025 0.04537268415851479 0.05739099784053163
0 0.6611506456136091 0.8760657310354356 0.05805469468185827 0.061317034237726276
0 0.7763121850055608 0.7830690977851584 0.04335515785015538 0.04947836829088228
0 0.5598156587677886 0.8786679017626415 0.04335515785015538 0.04947836829088246