0 0.2976509269508123 0.4155400642579063 0.058930715096963925 0.06641817885919252
0 0.344440152194046 0.3775744906456409 0.05695911201270878 0.04291701186299814
0 0.3698316643689106 0.31137382908665395 0.024228432629559826 0.04626750494291585
0 0.31962315868686775 0.2764921517103362 0.07521028003177203 0.10455484882113648
0 0.25646681940233035 0.4459159723568522 0.033685253246410876 0.05133700692008212
0 0.27538441477594766 0.48186805980928205 0.0334670649348082 0.038837006920082115
0 0.3003201850684871 0.5313560652464895 0.049501168019063256 0.06291117688202608
0 0.33210597321793406 0.5467237386684746 0.056051176947516976 0.08035334486680376
0 0.3243247008967997 0.5894059871855998 0.03508411201270887 0.04202567391627667
0 0.3066053668872681 0.6191744002274614 0.03538412094116259 0.059213173916276673
0 0.2794485775200052 0.5625596442959624 0.04174321509696392 0.06571784190105419
0 0.38892298904624667 0.6061106675276671 0.03837275324641087 0.05152800790866543
0 0.36241899026406266 0.6464664120904595 0.01746023538950343 0.016325336958138335
0 0.35123207427359426 0.6155201596190016 0.03064207386326192 0.05589717292769336
0 0.32868887256931095 0.6529100716722802 0.039826159090609534 0.04534167490485981
0 0.37416896794292825 0.6899444980600147 0.04166139448011297 0.061030341901054184
0 0.410079194403978 0.6929713389724858 0.04451365909060954 0.04553267589344294
0 0.39994053531336843 0.7363393369953194 0.043305715096964015 0.06578150889724857
0 0.47615993628630315 0.5799566858164557 0.03193183847375849 0.040335839923887916
0 0.4619865677807725 0.7201041833449977 0.03393071509696384 0.06539950692008212
0 0.4032621785756653 0.6356217539915138 0.07625458279171564 0.07493101581733086
0 0.3612501822291133 0.7582169955885567 0.04196140340856669 0.07821784190105419
0 0.33709566193657386 0.7087608236494465 0.03543866801906326 0.062338173916276676
0 0.24774460998740927 0.5425044708739775 0.04314207386326192 0.05640650889724856
0 0.25662295779665856 0.660918889847338 0.056051176947516976 0.08035334486680376
0 0.3154072171288541 0.33886481771794746 0.04147047970746058 0.05009284190105419