0 0.2734970551602142 0.4779046346276381 0.06051160266556703 0.03975339067472703
0 0.3121313093168493 0.35796430462286566 0.05439799498543509 0.04436816534054513
0 0.22906274505194207 0.42140973396722875 0.05426160266556703 0.03968066534054522
0 0.2500715785171792 0.3704012172979107 0.0249378155185485 0.051835220003181706
0 0.6409703970052286 0.6516933865770496 0.04805706677218957 0.041170440006363405
0 0.5936718481797275 0.6936359859166401 0.036892246239076346 0.03323067067154532
0 0.6311347442605193 0.7213155432447769 0.057568459092057725 0.04596702800763595
0 0.6730578198081976 0.7567530565722771 0.04024456677218975 0.04107953333863605
0 0.6305520710618389 0.7681814525780041 0.03587531551854859 0.05196248933799978
0 0.5771770184754141 0.7773933679185492 0.045386707838416564 0.056759077339272504
0 0.5395095339148203 0.7567450605904126 0.051182066772189574 0.041206802673454314
0 0.7585072379923131 0.6651644458943685 0.028108279625171307 0.05343408267027261
0 0.7213171265512575 0.6281098885662318 0.03983538981258548 0.027017033338636053
0 0.7891183919906636 0.6062343412237778 0.057568459092057725 0.04596702800763595
0 0.8162909942605193 0.7191610552196416 0.056142351411925875 0.05063634667409041
0 0.8095719813283955 0.7621934398870506 0.0640457796251713 0.05385225334181776
0 0.707210196292948 0.925048523233641 0.05715928213245362 0.03190452800763595
0 0.7265141257598347 0.9326337565643229 0.06359113855894431 0.03822725334181776
0 0.43331570671778935 0.8634137786044119 0.051045674452321776 0.036519302673454136
0 0.49976742082441206 0.8610785719287307 0.049665030878812286 0.04275112133990859
0 0.5134949517032243 0.8187456212603671 0.05145485141192587 0.050581802673454135
0 0.6442017309326842 0.9164098672422314 0.04635817445232178 0.036464758672817864
0 0.5868378603204285 0.9553456452498675 0.06078438730530315 0.04912839067472703
0 0.5339258089876449 0.9754859699236398 0.05417067445232178 0.036555665340544864
0 0.4764626499747294 0.9909933385980487 0.048619356426490866 0.006813621339908593
0 0.20616245414399983 0.3763790446371832 0.03234113855894431 0.03786362667090888
0 0.19385868243638746 0.3429398359723195 0.07002299498543504 0.044549978675999566