0 0.4998414654276383 0.6511022388071819 0.05265352773541672 0.049577276119281775
0 0.5517117835319091 0.7022243255327704 0.06700696846486114 0.06281426051544958
0 0.6789834515599299 0.6651227159672605 0.05614220364722229 0.06536605042954129
0 0.6835813390027425 0.6016776916570009 0.06693423328249999 0.05968926051544958
0 0.6111932734639229 0.8286363393275803 0.06228310087368065 0.06100609905006031
0 0.4775261350711798 0.8723154975136092 0.0958229526972918 0.09397572930778501
0 0.4207007857161106 0.564735370873929 0.05454333605604163 0.06372166327441171
0 0.36962990140743013 0.5127910905707757 0.06860583605604172 0.06445864767057934
0 0.4373440782691662 0.5201664993226315 0.03677395459715278 0.03782090456798422
0 0.603882840521354 0.2375543159218319 0.0670797036472223 0.06593926051544959
0 0.8377870214671524 0.14492532338506375 0.07518314437666689 0.07884869629109832
0 0.8662198395714235 0.19727571743759847 0.054034189779513755 0.041846663274411576
0 0.24866278476618006 0.5472214015157666 0.06893314437666671 0.07852114767057934