0 0.9075890134561255 0.27139497524982426 0.0510578889641522 0.05084547970746058
0 0.4610835849165661 0.09342134862332352 0.11222776232447185 0.11591710064862312
0 0.6127678363869041 0.26717467411143847 0.07128185775648746 0.07929776217486459
0 0.01899126017676531 0.369053963068369 0.03798252035353062 0.10251707386326192
0 0.0012814597472239938 0.47946931168839735 0.0025629194944479876 0.10356137662320535
0 0.35327440694283346 0.11013333604142181 0.09068695499752559 0.0921250446422687
0 0.21662425599289384 0.05163681777747724 0.08427982473980081 0.059230724025417694
0 0.3756595827688595 0.36809979464556397 0.09899077792830413 0.10163641233702041
0 0.07374735922682564 0.09706018628300783 0.09151247060135785 0.07808981818121903
0 0.27482850237484924 0.14740723944998846 0.11264384215265544 0.09406937418757347
0 0.00441086103584794 0.13815851907472348 0.00882172207169588 0.07680796185055305
0 0.024777592718482244 0.2689994159904684 0.04955518543696449 0.10575116801906326
0 0.043742276685108696 0.3450164452114616 0.08748455337021739 0.09675799756436802
0 0.116639786861874 0.3062754991892211 0.10145403663473136 0.1188511858759707
0 0.2060707790599579 0.29768965746905174 0.10367827792830413 0.10171823295387146
0 0.37107830337021736 0.29168729910979085 0.05895227611928178 0.05254434740221221
0 0.14918561397652402 0.4001521842544129 0.08600609905006032 0.06238299756436803
0 0.045112807271175455 0.6494993936693341 0.09022561454235091 0.09544095941492117
0 0.032415273067064085 0.5398340673704402 0.06483054613412817 0.09845686525911965
0 0.15324127091935752 0.5163811562512357 0.12662445499752564 0.09275233603812652
0 0.2760303177308542 0.5563867731352085 0.11206398801421243 0.11279210064862326
0 0.17058149988845836 0.6472084163975055 0.06429487336031983 0.06512616801906326
0 0.22852679669995504 0.6883458851479174 0.0885512449116174 0.0811602711033185
0 0.30409336273332854 0.6464390288172515 0.11552318068726616 0.08943642126547413
0 0.36549453019161166 0.6961020637202875 0.09101450361804453 0.09837504464226861
0 0.4057277838096563 0.5986134090939048 0.1266244549975255 0.09275233603812652
0 0.4469049824756038 0.676728726464345 0.07753185775648745 0.07940685633066594
0 0.6494800265735671 0.7879314590144746 0.10146068068726617 0.08919095941492099
0 0.7403373999338868 0.7223416408332556 0.09570200361804453 0.09845686525911965
0 0.8005445595902538 0.765000699275242 0.06191350180902226 0.04947389448011297
0 0.809561033470972 0.8163586477331144 0.07326043758467123 0.057477309252765355
0 0.7476785091607125 0.8205609525216527 0.09134869629109836 0.07496481818121907
0 0.685127515265148 0.2268848648586732 0.06264384215265544 0.09319662094116259
0 0.5654258469023536 0.20243606412732457 0.0885512449116174 0.08116027110331832
0 0.47307681535600504 0.40074292492221736 0.08008364767057934 0.06852390340856669
0 0.4374713495043456 0.7822656603117208 0.09306832654882306 0.10777731818121908
0 0.5433095867255885 0.04651975953900937 0.12070200361804453 0.09303951907801875
0 0.419653001470338 0.16907591355813167 0.0723530348257091 0.06995003571381497
0 0.5567225542747286 0.26425027151365077 0.05911605042954129 0.05566934740221221
0 0.0941317803031533 0.05065279058507892 0.07137703301668677 0.02153980925276531
0 0.7321939450479029 0.16283995576806368 0.07811171189493074 0.06068412986961631
0 0.9342134684536513 0.1803881457045195 0.0510578889641522 0.05084547970746054
0 0.5170160866140467 0.6942377804421044 0.0669285504295413 0.05580571509696384
0 0.5783607796257847 0.4917888904262185 0.07424308344622794 0.07622730925276536
0 0.5045990530315331 0.5141508599874092 0.09497166327441153 0.05473413879807012
0 0.5247754341937692 0.4568196010589555 0.06421298620519007 0.06356366801906325
0 0.44459769052534714 0.2888429427791249 0.06890048620519007 0.06364548863591431
0 0.4781814744465451 0.24376622200011808 0.06676477611928178 0.052680715096963926
0 0.39491859509333144 0.2538054695644861 0.06471095318850324 0.043278441558013546
0 0.16488369855440588 0.7261419399364558 0.04571529172311406 0.03826365909060954
0 0.15928547376917654 0.6989209208617323 0.06191350180902231 0.04947389448011297
0 0.5923679686807939 0.611746834419864 0.09735303482570909 0.07038641233702041
0 0.14155349841812032 0.4713141181017887 0.0669285504295413 0.05580571509696384
0 0.8897265682966811 0.7462722443245478 0.06660100180902226 0.04955571509696384
0 0.25225970432015704 0.354643040992116 0.07794793758467104 0.05755912986961631
0 0.25634966078802074 0.44043053652788916 0.08542624491161739 0.08110572402541774