0 0.88046875 0.23543414626343723 0.05 0.05018353847458741
0 0.7796875 0.10144603746309704 0.0390625 0.04511409255827141
0 0.62109375 0.09043907167651519 0.0609375 0.04587798439090336
0 0.64921875 0.2578274683184706 0.053125 0.05498016587924912
0 0.86015625 0.3511310681331361 0.06875 0.05865080290255768
0 0.890625 0.4178200603285879 0.021875 0.01795139183263199
0 0.92109375 0.44935280252403953 0.0578125 0.07076885698624161
0 0.975 0.36842275025445403 0.05 0.05799603847458741
0 0.934375 0.5185665939938519 0.053125 0.05341766587924894
0 0.896875 0.5938195651379112 0.0484375 0.04075397477225664
0 0.9 0.640022442542573 0.0421875 0.037410719962933214
0 0.8109375 0.5298810615097141 0.06875 0.05708830290255769
0 0.61015625 0.7392758757601993 0.059375 0.04113592068857237
0 0.69921875 0.786917256793058 0.0546875 0.045659729581580065
0 0.6640625 0.8239708234906138 0.0546875 0.059722229581580064
0 0.79296875 0.7573785789329094 0.03125 0.04484127404661713
0 0.75078125 0.7051241089699762 0.0375 0.051309528855940555
0 0.7703125 0.6604936552491119 0.05625 0.05821429328391083
0 0.8078125 0.6672719341050525 0.05625 0.04727679328391084
0 0.87890625 0.6791295825611063 0.0453125 0.04533234736759475
0 0.85234375 0.6875769996214819 0.0546875 0.06284722958158007
0 0.82578125 0.6991494166818573 0.0484375 0.05637897477225664
0 0.4734375 0.8571578018062492 0.040625 0.049856156260602094
0 0.43984375 0.834890932206136 0.0484375 0.05325397477225664
0 0.3953125 0.8528671166897066 0.0421875 0.04991071996293286
0 0.5015625 0.3261086984482047 0.04375 0.05934028366526398
0 0.44453125 0.3202108733131285 0.0375 0.059122028855940555
0 0.475 0.2822123655085802 0.0328125 0.041770837748947895
0 0.5609375 0.6039633691367772 0.0390625 0.05605159255827132
0 0.396875 0.6240154303920373 0.05625 0.045714293283910835
0 0.65859375 0.11362360053245575 0.05625 0.06915179328391083