0 0.3685359284381718 0.597958842421215 0.05319677759440165 0.04335126291777769
0 0.4181807309276827 0.5921075795034372 0.06124607593472771 0.04665810087368065
0 0.4210661647412173 0.43394958738722184 0.04682837842423861 0.041643292553055745
0 0.3717685948297743 0.6612764600123956 0.1107258576783142 0.08212412860909737
0 0.4866482336269751 0.6797335596518052 0.0763741684661948 0.06104790919430556
0 0.4984494939999372 0.6598931851267704 0.0763741684661948 0.06104790919430556
0 0.5205128255337425 0.599899936076701 0.06306868506293455 0.029543336056041626
0 0.5721471031281441 0.6409600407501037 0.08598596680652086 0.06439111474138884
0 0.6287047564474919 0.6333826236720135 0.05693708423309758 0.030960365691319502
0 0.6264551722143945 0.6036951236720134 0.05968357593472771 0.04662173328249999
0 0.6069588883962155 0.5736264171749995 0.07421967261537965 0.05319904160312507
0 0.6767143587272214 0.5336540741851037 0.08634116431700996 0.06907861474138884
0 0.6416639298880643 0.494555859804305 0.035298882573423465 0.03357621941479181
0 0.5750208815477382 0.4929764824294788 0.07398287427505376 0.0500740416031249
0 0.5830100576876031 0.4434849754956245 0.06917697510489074 0.04840243882958326
0 0.6848219340372491 0.4857250672512494 0.07613737012586874 0.05792290919430556
0 0.6900287296782828 0.3995148103173952 0.0826241684661948 0.06119337955902786
0 0.6870258193099651 0.607763721411562 0.06808807178554285 0.05461607123840277
0 0.7006748448297743 0.6536210820688884 0.0831210759347277 0.04716724715020835
0 0.6791200761584423 0.6893410297321869 0.06074916846619498 0.060684233282499986
0 0.6310377736689314 0.6951559250587842 0.07445647095570589 0.056324041603125076
0 0.5981544186899095 0.7053128282691662 0.06136447510489074 0.04822060087368065
0 0.5653778074871104 0.7272066652751384 0.06160127344521662 0.051345600873680654
0 0.4777836417202078 0.7589853017680206 0.09633147095570589 0.05683318787965277
0 0.5467471292726531 0.7808589953472566 0.08970296265733602 0.07227634992374998
0 0.6054859410862191 0.2856536384896523 0.06290366431700996 0.06853310087368066
0 0.5545145143216544 0.24301285002065925 0.06482136182749905 0.07325696846486114
0 0.5583606421211931 0.1904872620647565 0.06531826929603177 0.059230836056041715
0 0.4926288983449704 0.1802777670987496 0.047775571785542856 0.05414329255305557
0 0.4657354342377419 0.2075130675355899 0.06832487012586874 0.057741071238402865
0 0.46730866701630236 0.14564884717086768 0.06484467261537966 0.052980836056041716
0 0.44660600332399236 0.17195742724298574 0.07121307178554268 0.05468880642076392
0 0.3944990516643183 0.1763007415475344 0.0647262734452168 0.051418336056041715
0 0.43318119813518907 0.08774608140329825 0.05871307178554268 0.054397865691319505
0 0.3887100703356503 0.1412172267298955 0.07445647095570589 0.056324041603125076
0 0.34699616701630237 0.14844915169177053 0.0628085759347277 0.04669446846486114
0 0.32656434523075956 0.0957060113991664 0.08394987012586892 0.05810474715020841
0 0.30608774710021497 0.18696744424482614 0.0678512734452168 0.051491071238402866
0 0.6357979738787127 0.7889604764455551 0.06929537427505358 0.04996493882958344
0 0.7863979346619491 0.5764935779848257 0.0716866684661948 0.06093880642076392
0 0.2576628251095351 0.22957382475378454 0.05464087842423861 0.04182513050895835
0 0.16713291349181744 0.2535945126334374 0.06053568091374952 0.037283100873680655
0 0.2006315751095351 0.23090124183187485 0.05307837842423861 0.04178876291777787
0 0.2404510917062746 0.19866931686999983 0.07123638257342346 0.0344126740119445
0 0.5006828097621955 0.44148802403260373 0.05054537427505377 0.049528527735416716
0 0.48756046080645826 0.7227568610385761 0.06557837842423861 0.042079703647222286
0 0.6392441278227606 0.8757519616279161 0.051279080083912555 0.03862739532659702
0 0.6141490394404784 0.8544224754956247 0.05224958423309758 0.030851262917777688
0 0.4607108504288517 0.554334169359201 0.06953217261537965 0.05308993882958344
0 0.6237786128764062 0.5270598884896522 0.04947978174358667 0.03546602773541672
0 0.1479792491748074 0.1867343209540624 0.07206517676456467 0.0453501740119445
0 0.7233534830022752 0.5810914654276382 0.05956517676456467 0.045059233282499986
0 0.4669464271887719 0.4094028758562149 0.05260478174358667 0.03553876291777787
0 0.46750622470390535 0.6026989341768398 0.0674960759347277 0.04680357123840295
0 0.4036707128810507 0.7207962771667358 0.05703217261537983 0.052798998100139015
0 0.43840426224706197 0.24962848556361078 0.05319677759440165 0.04335126291777787
0 0.5396959203402947 0.32631631250159676 0.06737767676456467 0.04524107123840278
0 0.5347133450302669 0.37417258425308986 0.06269017676456468 0.04513196846486114