0 0.36328125 0.40182990384788814 0.0453125 0.05523546360606986
0 0.35234375 0.5156205760976291 0.0359375 0.05323631596343468
0 0.3453125 0.5862605618296055 0.0171875 0.05080052067816432
0 0.34140625 0.6997237483473702 0.0328125 0.06090326674922295
0 0.3234375 0.7966544063290876 0.0265625 0.0777996683207995
0 0.34375 0.7933645864367114 0.0296875 0.035757717535011224
0 0.6 0.1868983008713508 0.0421875 0.06290241439185813
0 0.596875 0.07923135008556247 0.03125 0.020205492142117153
0 0.63203125 0.11431267142568069 0.034375 0.05316354135632886
0 0.42890625 0.5854921203494421 0.0375 0.05955909057054054
0 0.44765625 0.6064938250641718 0.01875 0.06493579528527035
0 0.4828125 0.5704813964042901 0.046875 0.06155823821317572
0 0.48046875 0.6065280583149488 0.0421875 0.05508991439185813
0 0.4796875 0.6596894456185017 0.0140625 0.01940497146395259
0 0.51640625 0.6157917423515141 0.0375 0.05643409057054054
0 0.425 0.6583303068672068 0.04375 0.05047518899896399
0 0.6578125 0.03811189040843404 0.028125 0.04349744292790544
0 0.4609375 0.38946899090377207 0.0296875 0.04044521753501131
0 0.61171875 0.38557124131805687 0.0234375 0.038591619106587774
0 0.63203125 0.37759392142568066 0.0265625 0.040299668320799585
0 0.2234375 0.7419369811838624 0.0265625 0.0449871683207995
0 0.23984375 0.766172847809251 0.0265625 0.041862168320799496
0 0.29609375 0.7057404619534401 0.025 0.04022689371369381
0 0.4328125 0.45796643383167746 0.0265625 0.0387371683207995
0 0.41875 0.3601839052956302 0.021875 0.036956344499482
0 0.4734375 0.2756055440469252 0.0453125 0.05367296360606986
0 0.4375 0.3225918600103599 0.034375 0.05003854135632881
0 0.5421875 0.3731847113342675 0.0375 0.03768409057054054
0 0.55390625 0.49763890178097353 0.0265625 0.032487168320799495
0 0.54140625 0.5794710986378204 0.0328125 0.05152826674922295
0 0.43515625 0.7266072719210188 0.021875 0.03539384449948209
0 0.44375 0.7816757615819365 0.040625 0.04564213978475227
0 0.39140625 0.47317621091998274 0.0265625 0.057487168320799496
0 0.3703125 0.4718149181159118 0.0296875 0.051382717535011224
0 0.40234375 0.4304792886702417 0.0484375 0.05225601282028158
0 0.48125 0.3533666710113959 0.028125 0.03099744292790536
0 0.678125 0.08482207051605788 0.0375 0.048621590570540586
0 0.62890625 0.05508322063989239 0.025 0.03866439371369372
0 0.67578125 0.13727498242671668 0.034375 0.06253854135632886
0 0.59609375 0.2269239873891154 0.0375 0.03924659057054054
0 0.57109375 0.15543213110280912 0.0296875 0.04825771753501131
0 0.63203125 0.16587517142568067 0.040625 0.040954639784752264
0 0.6375 0.2140579603008102 0.0296875 0.037320217535011226
0 0.678125 0.22075957051605788 0.021875 0.038518844499481994
0 0.52109375 0.29526091853019654 0.034375 0.04847604135632881
0 0.5421875 0.3247472113342675 0.0328125 0.04371576674922295
0 0.465625 0.49081316708245454 0.034375 0.03441354135632899
0 0.3546875 0.6194176641869704 0.0296875 0.031070217535011223
0 0.34453125 0.6456719491331585 0.0234375 0.03234161910658777
0 0.38125 0.6408367458661708 0.03125 0.056142992142117085
0 0.37421875 0.6997579815981471 0.0234375 0.03234161910658777
0 0.38046875 0.7275918831697237 0.028125 0.03724744292790536
0 0.3796875 0.5268470204732767 0.034375 0.04222604135632881
0 0.4078125 0.7130370775453712 0.034375 0.045351041356328815
0 0.37578125 0.7778102069910413 0.03125 0.042080492142117086
0 0.35 0.46026098800828785 0.03125 0.046767992142117264
0 0.3796875 0.5768470204732766 0.0484375 0.05225601282028158
0 0.42265625 0.5232832187778655 0.053125 0.07434933664159918