0 0.29981795697599384 0.6542276794271873 0.042978432629559825 0.04629442496187508
0 0.4389486408233697 0.6548972138121176 0.05539661201270896 0.0418978656913195
0 0.5394026083559655 0.6338015041809717 0.06202844155801372 0.06391833605604162
0 0.5845435588424329 0.7124707116279162 0.044240923701106105 0.029143292553055568
0 0.6105236318949159 0.6337092787822565 0.027407979707460582 0.04905574905006951
0 0.643291267446575 0.675151243163055 0.03349433847375849 0.03982621941479181
0 0.4280208234529296 0.7004824707459718 0.045830697240056395 0.03074216014423605
0 0.4246191339235108 0.7294796397239233 0.0600295649348082 0.03888196846486114
0 0.48049698700776594 0.7516260902370135 0.07762616801906326 0.0627195119678472
0 0.34638899390762473 0.6804985854873609 0.08681025324641087 0.05200021751493065
0 0.3815901083559656 0.637474630890208 0.06011138555165916 0.043569468464861136
0 0.43436055234961124 0.6159256327900691 0.05863070616851011 0.04822060087368065
0 0.3237714744258642 0.8623486507418401 0.09634889448011297 0.0615934230620141
0 0.31658134821299116 0.18177079796829837 0.060193206168510205 0.04825696846486114
0 0.3272637037328782 0.12212304103444419 0.06857845048646735 0.08125130642076392
0 0.2884545738632619 0.04799586322277754 0.0635091209411625 0.05926720364722228
0 0.5635342146899269 0.22526165235736065 0.08549321509696384 0.06602634992375007
0 0.607716637173217 0.2937927935998953 0.10152731818121907 0.08982752583555564
0 0.2643093307598255 0.4557544650463887 0.0522170649348082 0.038700130508958354
0 0.4397413478026587 0.8346392651988885 0.04755683847375849 0.040153527735416715
0 0.46431860794892843 0.8098386337399995 0.06320911201270896 0.042079703647222286