0 0.259776760166801 0.2038055099496227 0.08047123920022684 0.07128185775648763
0 0.2839905648834572 0.09315129296630947 0.041989092558271414 0.04119156603337355
0 0.9069642071794254 0.6321937765695077 0.0763293762235353 0.08666119629109836
0 0.8798188646211539 0.6699051385098669 0.07449405771188111 0.0787668091359686
0 0.8420261987419048 0.7211467339418826 0.05109127404661713 0.03387038896415202
0 0.8089036746952877 0.7507180472617226 0.09189981252120454 0.08591756784239593
0 0.7390276843139346 0.7345331252808838 0.06679068511654282 0.08148237336031983
0 0.6784919775978453 0.6750076390756937 0.06786211179556503 0.06750176051544958
0 0.6852032798674308 0.7293642684289073 0.04187996515360979 0.03806656603337366
0 0.6587077233366762 0.8829462918346558 0.07583830290255769 0.07259869629109836
0 0.8248164284083028 0.3398624344168524 0.05152778366526398 0.04637038896415202
0 0.5154612757758976 0.27825439054603174 0.09653274881887378 0.0846007293077851
0 0.524030233124959 0.21217568916655077 0.08721231252120454 0.08567190637700657
0 0.5207440312181932 0.1493890841235966 0.06015873920022692 0.0702173247398008
0 0.643077844287552 0.2771156936891065 0.06624504809323425 0.06585737336031983
0 0.36668895907834187 0.23523697365357554 0.055034729581579976 0.057471663274411534
0 0.2641616706037545 0.27995525214770656 0.0763293762235353 0.08666119629109836
0 0.20234371688289018 0.25714851594251653 0.06818949400955025 0.07687676051544959
0 0.393410138667771 0.6131063461093842 0.08030754809323426 0.06659435775648763
0 0.6490971765942042 0.37370076661988505 0.0997668762235353 0.08788950361804462
0 0.3191616507334886 0.430764157620202 0.0806349303072194 0.07596935775648746