0 0.20299036519208333 0.628125 0.06421368942018653 0.05625
0 0.36891003875666717 0.75390625 0.06357665258848363 0.0453125
0 0.3824789860693615 0.8125 0.06384966837349922 0.05
0 0.4436293176958623 0.7625 0.059071163111827474 0.0484375
0 0.43857706762527515 0.83671875 0.061741136803468065 0.040625
0 0.44117842285871217 0.86796875 0.05888915258848364 0.0453125
0 0.4931735623636033 0.83515625 0.03959312101845249 0.0359375
0 0.48419267548954803 0.86875 0.0509856473268119 0.04375
0 0.5072052412604462 0.88828125 0.046116136803468065 0.040625
0 0.5247721728587121 0.86796875 0.06706567363517095 0.0515625
0 0.5740819281203839 0.86953125 0.06274219468185845 0.0578125
0 0.16235838894019383 0.5609375 0.03793961575678066 0.034375
0 0.22498864960471185 0.415625 0.047678636803468066 0.040625
0 0.4204237049934406 0.28359375 0.07257222099021768 0.065625
0 0.4815586260683629 0.26015625 0.07257222099021768 0.065625
0 0.5700820707502213 0.31796875 0.048315673635170954 0.0515625
0 0.5428678523908396 0.253125 0.06595819994353036 0.059375
0 0.46663230510638004 0.16484375 0.05870714206513981 0.0421875
0 0.44289096821820734 0.21328125 0.06623121572854593 0.0640625
0 0.3923904392790122 0.2046875 0.059435184158514696 0.0546875