0 0.2798718754020942 0.5665583413534802 0.06954093262955982 0.050119968321116384
0 0.43278482102059285 0.3416015360414845 0.08401253571381488 0.07454081411407198
0 0.37211037378053635 0.3077075012605077 0.05246252678536116 0.05516810124083724
0 0.3440926935866085 0.1777797006400891 0.08094208279171564 0.07744729282674853
0 0.7548740551922803 0.42108584831397106 0.09777502678536117 0.05833665990702759
0 0.8392838315706044 0.6524940214625504 0.061619338473758486 0.043323665102807676
0 0.8812082788106608 0.6850769285195863 0.053806838473758486 0.04277736188449897
0 0.8764407325435389 0.8142727556231085 0.05898526217486477 0.07123014381548423
0 0.825998627430689 0.6960419256695948 0.042951159090609536 0.04670003737886681
0 0.7919060454497523 0.7545210611872057 0.06948638555165924 0.04699496832111638
0 0.7463520377391145 0.6928133828428463 0.047393197240056396 0.03296531930985207
0 0.6872088628201924 0.7019427283837004 0.056986385551659066 0.04612088317182241
0 0.5331838360348312 0.6396726853048504 0.04593979139585791 0.039106058666190435
0 0.6100344825435391 0.7956438158787827 0.06827844155801373 0.06719820767745474
0 0.7611430150109431 0.8249374679921402 0.033685253246410876 0.05229447351689629
0 0.5617118051889849 0.8882412252816072 0.02710797077900686 0.0331074309422494
0 0.6662180730458924 0.9298820580851126 0.07417388555165907 0.04732275025210164
0 0.6534686570554241 0.9594220926139879 0.06471706493480803 0.041979686390131124
0 0.5983408262923033 0.9750745897639963 0.03810001785690744 0.036997255447881724
0 0.553945943987055 0.9772937455605245 0.05081820616851011 0.04541250887895103
0 0.8652929525117671 0.7120546917611381 0.04119774431795733 0.035653276735205