0 0.2779865399835054 0.576825361710747 0.032477530878812465 0.04327877404661713
0 0.31284727329045803 0.5654414284083028 0.03863660266556703 0.04037202885594056
0 0.37196987219510136 0.6353248532732266 0.036710389812585564 0.027817465153609788
0 0.4104473504874889 0.667609074417286 0.036710389812585474 0.027817465153609788
0 0.4041662582467632 0.6936358610777749 0.03082410266556703 0.04009921034428636
0 0.46150974531463945 0.6486209722403679 0.05292642319868044 0.04867560217691817
0 0.45060934923384777 0.6771552000078492 0.022420569279472245 0.01951389183263199
0 0.4506009890464333 0.7037449818590147 0.035284282132453625 0.032450401451278844
0 0.4983337953937818 0.6778347570867581 0.03523881802583091 0.030887901451278843
0 0.5124046555811962 0.650753901914615 0.03868206677218975 0.04193452885594055
0 0.5639360633404704 0.6747618315888622 0.02756271034569906 0.035302582939624474
0 0.5544306826990849 0.7243625275051782 0.03215928213245363 0.03234127404661713
0 0.5199503826199426 0.6950668971052916 0.053381064264907255 0.06430060217691817
0 0.5788827649106808 0.7852901038213808 0.05627874373179385 0.05659722958157989
0 0.5192660725116705 0.7521799926587878 0.024119461599340218 0.024255955534962938
0 0.4758199493921323 0.7372742444728864 0.04529577962517113 0.05465278366526398
0 0.4487489840318684 0.7476041092636764 0.01657974623907634 0.033358137023308566
0 0.42608437384445397 0.7749850647986392 0.040517351411925875 0.051364092558271325
0 0.5248100641984003 0.512680983040141 0.046585494985435 0.04533234736759475
0 0.5082065520576993 0.7752454704262692 0.03353992570596294 0.0261458377489479
0 0.3655811313663014 0.7114062036360462 0.02912521034569897 0.03535714664195542
0 0.39732287635173646 0.7540922114405946 0.03730142319868044 0.04812996515360979
0 0.6034291576927673 0.4731794842212674 0.03537521034569906 0.03557540145127884
0 0.6036959306540208 0.4285936705189365 0.031324207838416385 0.05728671034428619
0 0.5695709832404455 0.43838782197021536 0.03868206677218975 0.04193452885594055
0 0.6579742536944166 0.41262144093735653 0.04239810015828453 0.06235615626060227
0 0.49854411473976096 0.22815221561694585 0.027744566772189748 0.04155258293962456
0 0.5456571439692206 0.12718742714235845 0.040517351411925875 0.051364092558271415
0 0.5295714912245113 0.05814725046333615 0.034130959092057725 0.04645833774894799
0 0.5813756836235218 0.09153018013758334 0.029170674452321778 0.03691964664195542
0 0.5985117078384166 0.035406665709613074 0.028943353919208194 0.029107146641955406
0 0.49639555918383527 0.5574676933844274 0.027971887305303155 0.04936508293962447
0 0.5107188204666064 0.4584299926587878 0.0567788489046432 0.07378472958158007
0 0.5460365433487178 0.3821204638028473 0.04083560015828454 0.06230159255827141
0 0.3338333747023838 0.6147593821291671 0.030778638558944315 0.038536710344286365
0 0.542914172669955 0.812353600826156 0.029670779625171305 0.05410714664195524
0 0.21557746819675078 0.5821329098039814 0.03707410266556703 0.04031746515360961
0 0.2537056055020539 0.6292881627992062 0.03582985141192578 0.05120040145127884
0 0.18029083755536526 0.6326339068087564 0.0390003155185485 0.052872028855940556
0 0.15904632336960028 0.6013119849390576 0.043187710345698974 0.03584821996293321
0 0.3272233250189529 0.7369890461943177 0.04088106426490725 0.06386409255827133
0 0.28430839931299 0.7134622661572507 0.04355142319868044 0.04834821996293322
0 0.25020618395272615 0.7240376676085296 0.04294366943775678 0.08110615626060227
0 0.24376831584775288 0.6640451087155222 0.03238660266556703 0.04015377404661713
0 0.28214415723054886 0.8003447072642433 0.04846624373179385 0.056324411069925515
0 0.3185135662434643 0.8139334921106336 0.04203438730530316 0.049856156260602094
0 0.36589336843417763 0.6683828899337154 0.04019910266556703 0.04042659255827132
0 0.3678914406166437 0.8176834854872117 0.03399456677218975 0.041770837748947895
0 0.5067697356812211 0.887127911533262 0.03537521034569906 0.03557540145127902
0 0.6069920783841651 0.5418749205189364 0.030596782132453627 0.03228671034428636
0 0.4853430842566599 0.3388813844914198 0.04029003087881229 0.043551592558271325
0 0.4138103797169487 0.5681720696079626 0.03555706677218975 0.041825401451278846
0 0.4081119606749034 0.6411011381196169 0.03863660266556703 0.04037202885594056
0 0.21587664805934875 0.7268005690598084 0.03936402837152997 0.06537202885594055
0 0.5383222979010642 0.6545411008261558 0.03399456677218975 0.041770837748947895
0 0.48118443316130327 0.41097463930074324 0.0447956744523216 0.037465283665263985