0 0.4452999230738013 0.6418355296916782 0.04266268899896399 0.04493206677218975
0 0.4204840136443419 0.6801084195042637 0.05396406203449331 0.05306281551854841
0 0.395753687341825 0.6362363990502926 0.03761131596343468 0.0369831744523216
0 0.3341440992524838 0.6403759812618885 0.05174659057054054 0.038954851411925874
0 0.3744994255550007 0.6837933606496328 0.031142992142117087 0.03211381802583091
0 0.6125752760503387 0.87400786902941 0.06468323821317572 0.04869356426490725
0 0.56012236413968 0.8731871666012697 0.05352741439185813 0.04368781551854824
0 0.5238959197640325 0.9016220551602142 0.04222604135632899 0.035557066772189574
0 0.5609271929233962 0.9576530948145152 0.06937073821317571 0.0488299565847754
0 0.4835470556198433 0.9591223180923378 0.0541823858558109 0.057750315518548236
0 0.7931272235308674 0.1818872505287254 0.03633991439185813 0.043187710345698974
0 0.805466711744043 0.22846673383567798 0.04727741439185813 0.04350595909205772
0 0.8393665227450791 0.18367105938335632 0.05367296360606986 0.0468128155185485