0 0.3833896038983293 0.3385863618803831 0.025600017856907444 0.035248019237293704
0 0.389916293427748 0.36773814854087195 0.03489319724005639 0.030887901451278843
0 0.5042027102289952 0.26932298510869357 0.028997753246410872 0.05098214664195542
0 0.4780532674531656 0.2895164340202344 0.028915932629560003 0.046294646641955414
0 0.39651512094445784 0.43754221705252616 0.024119338473758488 0.03988095553496294
0 0.40775262987291166 0.42073666296884227 0.025327282467404188 0.019623019237293704
0 0.4132935178602028 0.4615799177781657 0.03653751785690744 0.03562996515360979
0 0.41443327800647245 0.4858532314804965 0.0331670560063543 0.021458337748947898
0 0.41970143060426024 0.5423214862898199 0.023846603084255236 0.024255955534962938
0 0.4562877670494238 0.5959747651457604 0.03363070616851012 0.0480208377489479
0 0.4936162175358912 0.5175422302993702 0.034865923701106104 0.02932540145127884
0 0.5224582378284307 0.5670164406436564 0.03478410308425506 0.024637901451278844
0 0.5134962950526012 0.5878100902808366 0.035275026785361166 0.05276290145127867
0 0.478934334419864 0.6421057206807232 0.0319045649348082 0.03859127404661713
0 0.4946957021146157 0.6348388577040318 0.022393197240056395 0.030451391832631992
0 0.5153667122608855 0.6597942176854984 0.029025026785361164 0.05254464664195524
0 0.5207224139651687 0.6216766587924909 0.028615923701106105 0.029107146641955416
0 0.5354434330398922 0.629226263964634 0.027080697240056396 0.03061508293962447
0 0.549024691968346 0.6125025554344464 0.02384660308425506 0.024255955534962938
0 0.5330354533324317 0.6776092002623033 0.024173885551659245 0.043005955534962934
0 0.5526894342577082 0.671259996541439 0.03810001785690744 0.035684528855940555
0 0.5852661550367151 0.6411285524392214 0.024173885551659068 0.043005955534962934
0 0.5982201225693109 0.6603423439090338 0.022393197240056395 0.030451391832631992
0 0.6204672694850558 0.6845710175928312 0.03667388555165907 0.04344246515360979
0 0.6321002447282895 0.6451092135091472 0.01913182954530477 0.022529764427970278
0 0.6474252357998358 0.6628423505324557 0.017569329545304768 0.02247520072563951
0 0.6667792077966586 0.6736806468115913 0.026971603084255058 0.02436508293962447
0 0.6604843433483177 0.6312476101511025 0.05087275324641087 0.051746038474587405
0 0.47700937013367894 0.5732465932760615 0.035138659090609536 0.04495040145127884
0 0.4512787130716644 0.524662760336437 0.03031479139585791 0.036974210344286364
0 0.4484713129095086 0.5511434147829407 0.039826159090609534 0.045114092558271326
0 0.5004270994341024 0.3512723895551973 0.022284103084255234 0.02420139183263199
0 0.4535248258951521 0.3511979784852716 0.022229556006354477 0.02107639183263199
0 0.44141060958037215 0.3734450007177902 0.020694329545304768 0.022584328130301135
0 0.43226743466145 0.35983636850380507 0.020830697240056394 0.030396828130301135
0 0.5352112025183575 0.3290352910064761 0.01597955600635448 0.020858137023308566
0 0.5583447394499885 0.30248271469027355 0.0191045560063543 0.020967264427970277
0 0.5689237293037188 0.2786186287554241 0.020776150162155817 0.027271828130301046
0 0.5126019967568844 0.5494742765785059 0.025518197240056394 0.030560519237293703
0 0.48311904829901203 0.5367188162342196 0.020667056006354302 0.021021828130301047
0 0.541689478899977 0.584885986922792 0.020667056006354302 0.021021828130301047
0 0.5791973871798076 0.6753125794810636 0.017596603084255237 0.02403770072563951
0 0.43259689691904024 0.5201017459084667 0.023955697240056396 0.030505955534962936
0 0.4388974898570256 0.4726364688666248 0.01595228246740419 0.019295637023308564
0 0.414333866480231 0.44676344962933107 0.030260244317957152 0.03384921034428619
0 0.5483094460255357 0.4295536461786192 0.023955697240056396 0.030505955534962936
0 0.47790366842939563 0.6115824069783924 0.020748876623205348 0.025709328130301044
0 0.5009008376662749 0.5928423306621898 0.020776150162155817 0.027271828130301046
0 0.47257701461379187 0.5136806203179036 0.028534103084255236 0.024419646641955416
0 0.42755088677277053 0.4956920229503088 0.025518197240056394 0.030560519237293703
0 0.6271475121781599 0.43621536314632736 0.027135244317957153 0.03374008293962447
0 0.6056098827155807 0.684833912420688 0.020803423701106105 0.028834328130301047
0 0.4869826136408572 0.6736558210435429 0.030260244317957152 0.03384921034428636
0 0.4097497321463878 0.5302480722246694 0.020748876623205348 0.025709328130301044
0 0.4302434642894804 0.565359682206136 0.020721603084255236 0.024146828130301046
0 0.4596621830398922 0.6265799244015876 0.019240923701106284 0.028779764427970277
0 0.5890536282513538 0.6928547435462141 0.022338650162155815 0.02732639183263199
0 0.6125962682672399 0.6428646672300115 0.022365923701106107 0.02888889183263199
0 0.5238976014626973 0.26063003138782925 0.020748876623205348 0.025709328130301135
0 0.5188964557647684 0.2784350902808367 0.027053423701106104 0.02905258293962456
0 0.5491667881527423 0.5147917417321155 0.020748876623205348 0.025709328130301044
0 0.5273186562512358 0.19899312694132557 0.01913182954530477 0.022529764427970278
0 0.48855616517968947 0.18044153438305416 0.022284103084255057 0.02420139183263199
0 0.48931409578065443 0.22658984808538501 0.023846603084255236 0.024255955534962848