0 0.6686596406747268 0.028777182682723446 0.08526588534372692 0.05755436536544689
0 0.7780084633593171 0.14169192859911206 0.07883407200827239 0.06594397748246603
0 0.8668629727084527 0.2524909238187501 0.06947725334181776 0.0669057001845701
0 0.8660720846992259 0.18452217381875008 0.07414657200827221 0.06564358883351806
0 0.6416357060391346 0.24737832896825235 0.0803965720082724 0.06604410703211538
0 0.5868123933799978 0.3064016779808032 0.08192270934118148 0.06301923658176474
0 0.4514925113780889 0.30100038402546947 0.06776930267345413 0.05430557063492083
0 0.46792658072086113 0.36953033852897627 0.11838746801399935 0.11063471622369914
0 0.40189304805854276 0.40581709438907243 0.06940452800763594 0.060655700184570095
0 0.2677714920432707 0.30182810610926475 0.05367044000636332 0.05027940468807692
0 0.27615670404995224 0.35054620836101813 0.06155566534054513 0.05703005243632351
0 0.3554442147119524 0.3110646013289028 0.07243862133990878 0.0530434592838688
0 0.34255386338317956 0.345509452500922 0.0569954346753633 0.06766716378737563
0 0.6312094727482235 0.5607794949150963 0.05381589067472703 0.06277940468807693
0 0.7318270907463145 0.540258638962715 0.06458975867281787 0.04941781153562204
0 0.8135492580760421 0.5084393376061256 0.10397952267663584 0.08004605027685514
0 0.909553196093223 0.6289439998523417 0.06319089067472702 0.06338018198597287
0 0.6673031561107221 0.7734704595976358 0.09958292401336308 0.10474566162790726
0 0.7004209073838158 0.3272672856312274 0.07414657200827221 0.06564358883351815
0 0.5926602146721816 0.017092759486894822 0.08192270934118148 0.034185518973789644
0 0.5155475627386785 0.49782651681432133 0.06787839067472685 0.06368057063492075
0 0.473959499403224 0.4848549498800283 0.07565452800763595 0.06105621838316751
0 0.14027484273549684 0.49842010873015835 0.08059656667727225 0.08323160703211521
0 0.1335895854153144 0.5957957564784049 0.08541133601209036 0.09446949568106326
0 0.23558953210531336 0.7612624653008485 0.08353975334181776 0.06780686613141391
0 0.3726900901097677 0.7853136297065328 0.07881589067472686 0.06438147748246621
0 0.5441292854471311 0.8040369440199322 0.07251134667409058 0.059293459283868796
0 0.3057463960852688 0.6090002560169797 0.08681020401018139 0.08050712523071261