0 0.2964895889420205 0.3050392992918655 0.049710494985435096 0.04431362133990877
0 0.27078489528936894 0.3295489506285927 0.05641513605166182 0.06001134667409058
0 0.2834416711536164 0.2434932719605473 0.05668792069139794 0.06938634667409058
0 0.22857832640560813 0.19649154996818327 0.05664245658477522 0.06782384667409058
0 0.18327418659302258 0.22357221797422847 0.052000420691397944 0.06933180267345422
0 0.1592887688046185 0.1621534599777283 0.081824313011266 0.07436474801081769
0 0.15547213235724516 0.37384493797741014 0.04162521034569897 0.0348477146721816
0 0.19724444371915856 0.44130461063813764 0.04497753087881238 0.042696577339272325
0 0.1425198397999503 0.47005686664545554 0.07047763605166191 0.060174978675999566
0 0.19049668705524098 0.5390063139720013 0.05150031551854846 0.052144302673454136
0 0.16614990492278736 0.570529033975183 0.061239028371529926 0.06475339067472703
0 0.1600553661264162 0.6994625559755011 0.058858174452321686 0.03661020934118149
0 0.09161760319429244 0.7432131033179552 0.05944920783841652 0.05692270934118149
0 0.1375689491959419 0.8012523226448192 0.046767351411925784 0.05052725867281786
0 0.16146343877110064 0.8657960806413193 0.06330163354437941 0.08195907200827221
0 0.21442696588898932 0.7902051873010925 0.04074467194503919 0.05826703333863605
0 0.2270884387711006 0.8650324646324107 0.04575042069139794 0.06925907733927232
0 0.32539320962078316 0.7342449939529112 0.051773100158284534 0.06151930267345414
0 0.3481654683962718 0.8105165926161841 0.06436402837152996 0.06478975334181776
0 0.5126551803913234 0.6328808465945487 0.05779577962517131 0.05377952800763595
0 0.5620497751393316 0.6799462032543218 0.05250052586424747 0.08651930267345413
0 0.4456053873718101 0.4142041192711847 0.07084134890464337 0.07267497867599956
0 0.4344883794542513 0.5010228666056846 0.07473923871722903 0.0992738413430903
0 0.4896616127612039 0.5105336792648213 0.05788670783841656 0.05690452800763594
0 0.4712776741231172 0.5786933332670485 0.06472774122451135 0.07728975334181776
0 0.4281497997499379 0.5846620699395482 0.03440374373179385 0.05506930800445424
0 0.3562437075092121 0.5597262519494114 0.041943459092057725 0.04578521467218159
0 0.3308883548436451 0.5990705626193658 0.04579588479802066 0.0708215773392725
0 0.42380562905853997 0.6534393419398664 0.04663095909205772 0.045839758672817865
0 0.40853833023303887 0.6950092239417754 0.051773100158284534 0.06151930267345414
0 0.07226351260291933 0.5763074139879096 0.056051423198680436 0.047511346674090585
0 0.13360417788404094 0.6154239106460919 0.05154577962517117 0.05370680267345414
0 0.05454716369827599 0.6483642273233642 0.05181856426490725 0.06308180267345413
0 0.07850280390657298 0.4692398013208187 0.04993781551854846 0.05212612133990877