0 0.6424355268730566 0.5859375 0.07100972099021767 0.065625
0 0.6702805348361516 0.6578125 0.0566742052052021 0.0609375
0 0.6937327163638303 0.60390625 0.06550317363517096 0.0515625
0 0.7286614532096507 0.6078125 0.022405621018452494 0.0359375
0 0.7803450505505799 0.57890625 0.0676117052052021 0.0609375
0 0.8054213742845728 0.63125 0.06871917889684269 0.053125
0 0.8358978295603624 0.64453125 0.04648015785015573 0.046875
0 0.8655390979056266 0.56484375 0.05456567363517095 0.0515625
0 0.9251030846808597 0.49453125 0.05759966837349921 0.05
0 0.9481002399001793 0.4484375 0.05502069994353036 0.059375
0 0.9281979926016024 0.521875 0.08223564732681155 0.04375
0 0.9375961084289702 0.56171875 0.06256018415851479 0.0546875
0 0.8907141321770808 0.62890625 0.07102513154179632 0.0390625
0 0.9069082795744796 0.659375 0.06330363680346807 0.040625
0 0.8747559322335505 0.68828125 0.05576415258848364 0.0453125
0 0.8657757743833951 0.73515625 0.050151189420186884 0.05625
0 0.8218892664908873 0.7375 0.05429265785015538 0.046875
0 0.8094123823182551 0.77734375 0.07100972099021767 0.065625
0 0.7566737901684105 0.73046875 0.03140118942018653 0.05625
0 0.714949021752559 0.7359375 0.08002069994353037 0.059375
0 0.7262281559957785 0.7703125 0.05373121572854593 0.0640625
0 0.664190887579927 0.77578125 0.04086719468185844 0.0578125
0 0.6495074903237024 0.89375 0.0697356473268119 0.04375
0 0.7195370821911982 0.64375 0.038849668373499215 0.05
0 0.7584175716678544 0.646875 0.049878173635170955 0.0515625
0 0.7281084453877301 0.684375 0.06034523677523325 0.0703125
0 0.7871194243410427 0.690625 0.06430469468185862 0.0578125
0 0.5803024640153431 0.9015625 0.04032116311182747 0.0484375
0 0.473757476463651 0.15546875 0.03132559471009326 0.028125
0 0.51260787386105 0.1859375 0.05401964206513998 0.0421875
0 0.5345724210749223 0.0234375 0.06523015785015537 0.046875