0 0.4333915100291299 0.07227672704969122 0.08302310015828454 0.06377481252120451
0 0.3197321753102515 0.11604906361751284 0.06037521034569906 0.03644842068857255
0 0.3647575188046185 0.15115818439875262 0.04226170783841656 0.05766865626060227
0 0.3048285893377319 0.14544638693849055 0.04019910266556703 0.04042659255827141
0 0.35059807891289063 0.20862594401739942 0.07217652837152996 0.06651786660488845
0 0.28062655971256073 0.19936256062228794 0.0675344924781526 0.06791667549789593
0 0.18724262107447412 0.27052328720864305 0.06574467194503919 0.060049611795565117
0 0.07818821832976479 0.34379215081830666 0.07677310015828458 0.06355655771188111
0 0.31575876299863076 0.4135416225105203 0.08017088479802066 0.07304068511654264
0 0.40641119206980586 0.5703694866683381 0.08711956677218957 0.04362600362819702
0 0.40837685735092755 0.6101041092636763 0.09060827962517112 0.05623513103285873
0 0.40120320335257703 0.6688888322218343 0.10397209765100204 0.08635914065150559
0 0.6382522254559009 0.5419815587233714 0.07516513605166182 0.061939494009550344
0 0.3381743544479337 0.7428918166127378 0.05301735141192578 0.051800602176918176
0 0.26813698759660165 0.8163590876641299 0.0844946719450392 0.060704376223535306
0 0.26863944127838313 0.8795584921106336 0.07511967194503918 0.06037699400955034
0 0.32642319754658927 0.9321725714220612 0.0737844924781526 0.06813493030721958
0 0.19948392748832955 0.7617832042690185 0.06551735141192579 0.052237111795565026
0 0.2726941069552161 0.7670312102594683 0.074011813011266 0.0759474303072194
0 0.13814927388569043 0.6702703160645835 0.05283549498543509 0.04555060217691818
0 0.10906717913768219 0.6236780582600352 0.07695495658477532 0.06980655771188111
0 0.0007822838483132677 0.6231101177860149 0.0015645676966265353 0.06627976442797028
0 0.023223753596321492 0.7212648755905632 0.046447507192642984 0.07529266587924913
0 0.07801810444793368 0.7519766730508252 0.08159699247815262 0.06840774881887376
0 0.006398134864527653 0.8251537674231951 0.012796269729055306 0.06219246515360979
0 0.08551470421050683 0.8430282589856747 0.054579851411925805 0.051855165879248946
0 0.116735960478713 0.8965699212367266 0.05297188730530311 0.050238102176918174
0 0.1750114617323542 0.9054612823993196 0.08990959765100208 0.08586806733052796
0 0.2516816103204284 0.952733097282777 0.08068771034569897 0.03715774881887342
0 0.3195908051602142 0.46960064955236225 0.07199467194503928 0.060267866604888455
0 0.2372185743605441 0.4841839939247322 0.08669366943775678 0.08263393992586625
0 0.10919286276120388 0.512068435664697 0.05159124373179384 0.05643353847458741
0 0.15544940030393387 0.37075146570176387 0.06271060015828453 0.0630654843909034
0 0.17620790037044085 0.8375198142504849 0.07552884890464333 0.07443949400955034