0 0.5639257268647915 0.2989689232575035 0.03343979139585791 0.036319308004454334
0 0.6243995767026357 0.27169735124923117 0.05248980032431163 0.053724984006999675
0 0.27617631087432304 0.33279212929663804 0.06633411201270878 0.04138861600890866
0 0.2957132893639677 0.4224267939608654 0.04777502678536116 0.05210794000636341
0 0.17145935754518668 0.5113903913112738 0.044404564934808155 0.03800907733927232
0 0.18922533035278838 0.6338648279758192 0.04909206493480815 0.038063621339908774
0 0.2189497865212986 0.6804034733052285 0.041225017856907444 0.0348477146721816
0 0.2413742114402207 0.6668585939688196 0.044595479707460584 0.048946577339272324
0 0.2676094289728166 0.647799511298547 0.03651024431795715 0.03323067067154532
0 0.39852246387585266 0.582200688613957 0.031659103084255055 0.02380112667090888
0 0.41777307020651866 0.6554291032781844 0.03168637662320535 0.025363626670909058
0 0.3979378571381496 0.6830092106142752 0.033412517856907534 0.03475680800445424
0 0.42833842329077376 0.678748424610139 0.031686376623205524 0.025363626670909058
0 0.41073786606660334 0.7000512599459116 0.031659103084255055 0.02380112667090888
0 0.41622993546563836 0.7460904659452753 0.04462275324641087 0.050509077339272325
0 0.5001997865212986 0.6771308332670485 0.03796365016215582 0.02699885200509069
0 0.4990600263750288 0.701367764600594 0.03335797077900686 0.03163180800445424
0 0.33539299268980877 0.7259330546228656 0.03193183847375849 0.039426126670908876
0 0.3015986452875965 0.67006486262732 0.028670470779006862 0.031577264003817974
0 0.38831521549741044 0.8479984112826386 0.03974433847375849 0.03951703333863606
0 0.37315386565956626 0.8747427246180932 0.07110343262955983 0.04613066000954511
0 0.625343657055424 0.9077530299172766 0.04604888555165907 0.04271475867281786
0 0.6052669362764173 0.8767302965865946 0.03343979139585791 0.036319308004454244
0 0.6557209038090133 0.8573894032463677 0.04440456493480802 0.03800907733927232
0 0.4617197134688156 0.7557194572724574 0.025463650162155814 0.02685340133672707
0 0.4552145689887027 0.6964080919398664 0.04092500892845372 0.017660214672181596
0 0.4494827662287591 0.7261683172740482 0.05854888555165907 0.04286020934118149
0 0.34280034374546897 0.6578643072883658 0.05383411201270878 0.041243165340545215
0 0.345202594963285 0.6164216946212748 0.060193206168510205 0.04756589067472703