0 0.24438424161218472 0.4266887232654204 0.08007838544042353 0.06765110831306043
0 0.16803029899016883 0.5255671056807818 0.07533634328594588 0.05824883723582168
0 0.08978712432213379 0.5463341236347627 0.08310339149054775 0.05048178903121965
0 0.10055645267916087 0.5751767411212054 0.061155668617910844 0.03785452400410509
0 0.1237985099589491 0.6086341357350111 0.06907725292686626 0.05664997579950324
0 0.12734516989445707 0.8047006146577724 0.05969316256778665 0.05503293364502539
0 0.18822358256043956 0.8145023406536673 0.05336134933607006 0.04093407220870695
0 0.23710144409495387 0.8728097443426591 0.06753293364502548 0.059765885440423716
0 0.33159178747909557 0.8792910276183423 0.036228391490547726 0.05020907825883114
0 0.42547814286528995 0.8553081060735653 0.05645907825883114 0.03626475292686635
0 0.45031451640185677 0.8832876603282915 0.054942030054229284 0.044068162567786826
0 0.4898310134749905 0.9393058561717613 0.053434072208706954 0.05343407220870731
0 0.5387251149523599 0.32341723575845227 0.031486349336070064 0.040806807181592394
0 0.48960181372269584 0.3072973320694602 0.04560339149054791 0.050263620413308896
0 0.22461560051442042 0.736168262394836 0.06279998184962743 0.0519261143631848
0 0.3678065434310239 0.8314256993595113 0.047111349336070064 0.040897710772388504
0 0.3570866911680876 0.9283597866935288 0.04397725897699036 0.039317030054229464
0 0.21425481743512903 0.7713835997288536 0.05968407220870695 0.05347043364502539
0 0.22357631704234557 0.5119631479334554 0.050254530054229286 0.044040891490547726