0 0.9607440709587249 0.1345369653252268 0.0448958377489479 0.034595175893442943
0 0.9594742368379741 0.1877892993176156 0.058978185116542646 0.0804170118629981
0 0.9886706635169965 0.4139233763899221 0.022658672966007033 0.05934050790866543
0 0.9733780241314353 0.3170947973404492 0.042480165879248945 0.054780341901054186
0 0.7450620511732772 0.3209214287848304 0.051964293283910834 0.05828734387822045
0 0.8521156377410989 0.4292194070360006 0.05250993030721958 0.07391234387822046
0 0.8527009694995968 0.5355967410283894 0.04269842068857273 0.061030341901054184
0 0.8323264381965856 0.33301291049604165 0.029761911069925873 0.04802100593149907
0 0.7951289946425224 0.1639737504199295 0.03365080290255769 0.07002333992388783
0 0.6512624327542901 0.2113010310660079 0.0290724303072194 0.07295733893530461
0 0.6838542218618496 0.3828749421307033 0.07115080290255768 0.07155134783255326
0 0.5427728317584982 0.08428488631293493 0.03266865626060209 0.04189833992388783
0 0.45166419292109106 0.02932015509601525 0.039136911069925694 0.0484030079086654
0 0.4329290950053421 0.18733824353702833 0.058467264427970275 0.021105678859192522
0 0.330709341377145 0.10544359779537218 0.06769842068857254 0.06204901384016446
0 0.26649556315417666 0.193337528631731 0.05201885698624169 0.059849843878220545
0 0.2203150223173366 0.30474987250995156 0.05207342068857255 0.061412343878220456
0 0.1535293156012474 0.36380122034250484 0.06889882213985135 0.09642401384016441
0 0.12141376396463413 0.5419235617492674 0.06435516587924912 0.05567167984777566
0 0.1780581227649743 0.640540133878658 0.04598711179556507 0.06584517589344294
0 0.22478430062512295 0.5447527900004375 0.0431349303072194 0.07353034190105419
0 0.26880462993655047 0.483499613612703 0.0540724303072194 0.07397601087441501
0 0.3103820055271136 0.44190502121735714 0.03606647477225646 0.04983817391627667
0 0.34615830362034783 0.5030361807991778 0.030089293283910835 0.05739600593149916
0 0.3022743835647475 0.5681956071869123 0.04560516587924912 0.05490767589344294
0 0.33853183129516207 0.6207011832706357 0.060049611795565117 0.06641817885919252
0 0.34206854826287025 0.6995755997725385 0.04248016587924912 0.054780341901054186
0 0.23785725261670673 0.8070936225099515 0.04598711179556512 0.06584517589344294
0 0.4766146738534334 0.6541928211036264 0.06544643992586625 0.08692167984777566
0 0.5318031708582085 0.68871505973492 0.04625993030721922 0.07365767589344294
0 0.5875794557045989 0.6504537143738247 0.05692461179556503 0.06629084486680377
0 0.48829127303512676 0.7421239026245573 0.058541675497895976 0.06791701186299796
0 0.553254074123586 0.7652948057805873 0.036612111795565026 0.06546317391627668
0 0.4851563162342195 0.4731192346397798 0.03688493030721922 0.07327567391627668
0 0.550270395545647 0.4110065538034209 0.0642460384745874 0.052546679847775654
0 0.6067337050716267 0.5268424594309089 0.054181557711881115 0.07710101087441501
0 0.6598661726723071 0.7265267830431743 0.05062004809323426 0.06447367688202607
0 0.7174430265785059 0.49338401920300984 0.04965774881887377 0.0815975098858317
0 0.7247421498068164 0.612787935210621 0.043134930307219224 0.07353034190105419
0 0.6007541006172736 0.9605144638795331 0.0448958377489479 0.034595175893442943
0 0.6733285050637774 0.9552101985564938 0.03880952885594056 0.03902800790866543
0 0.7484822724869726 0.9341535992410659 0.0603224303072194 0.07423067885919252
0 0.7566915873704299 0.855582930267705 0.03606647477225664 0.04983817391627667
0 0.7806077478073833 0.7787193413324005 0.04593254809323426 0.06428267589344294
0 0.8147769058820842 0.8610397514085127 0.04598711179556503 0.06584517589344294
0 0.5623686684959559 0.8470713877958097 0.0681349303072194 0.07454901384016424
0 0.8639509827464409 0.6337159060474173 0.040009930307219575 0.07340300790866543
0 0.5370858600662846 0.32470163927868445 0.0790724303072194 0.07499468281352524
0 0.4653819856568477 0.28772290410743206 0.05330853847458741 0.05210101087441492
0 0.6082490427357566 0.23417745695945086 0.06791667549789597 0.06829901384016442
0 0.3927703756753812 0.2695578359323741 0.032668656260602266 0.04189833992388783
0 0.3207291953681618 0.20051601726302454 0.053526793283910835 0.058351010874414924
0 0.4973214333024442 0.025829035057521647 0.07901786660488845 0.051658070115043295