0 0.37983319016242084 0.2596038624915593 0.0525032387412331 0.041391287427387444
0 0.6605639535806562 0.3275361093911874 0.040764702344038464 0.028381865177646404
0 0.7046341286267988 0.30834730769577634 0.04429022054263569 0.03477741439185813
0 0.7520715306939819 0.3824718583577301 0.0507404796419344 0.038193512820281585
0 0.725539309071612 0.39539138937497675 0.054466256939830336 0.04771406203449331
0 0.7547495404115894 0.5716242495902245 0.05709060919158375 0.04004711124870504
0 0.7723096753599096 0.6744024931800837 0.05729086829088246 0.043172111248705035
0 0.7744741502214819 0.7257102820552132 0.06317992288667415 0.06214043507002263
0 0.7316253161683258 0.7136854710541771 0.053204145588778215 0.052328787427387446
0 0.6876843514857862 0.6822385719638 0.05799177513842757 0.05410961124870504
0 0.659017933379474 0.6555326768023642 0.04987888648947969 0.04905823821317572
0 0.604300155001844 0.6463974253546221 0.056128886489479515 0.04934933664159917
0 0.5318231801402715 0.5983644937992562 0.07109255243632351 0.06406680810555195
0 0.6357911844592082 0.6776452713018462 0.0460529796419344 0.037975188998963995
0 0.5696259639165724 0.7134415301931863 0.061978368290882456 0.043390435070022625
0 0.6139872331949039 0.7261748165871165 0.04489099784053163 0.04415241439185813
0 0.6053644023809504 0.775648277711987 0.059754534237726274 0.0573073858558109
0 0.5058125902270193 0.6517634756022911 0.054065738741233105 0.04146406203449331
0 0.5084474344592083 0.6835764017809736 0.052803627390180984 0.04607878742738745
0 0.49971517967884627 0.7712219509951852 0.07421755243632351 0.06421235731976367
0 0.4546017412144684 0.7094518511190198 0.04166586829088246 0.0424443651776464
0 0.41492797193613695 0.696500240903772 0.05114099784053163 0.04444351282028158
0 0.31855721237541296 0.8754664569910414 0.05078005243632351 0.06312073821317554
0 0.23869973165374442 0.893985324649887 0.055928627390180986 0.046224336641598994
0 0.17671896823550912 0.815864632755439 0.048015997840531635 0.04429796360606986