0 0.40857141343217834 0.08847461091863185 0.07016865626060227 0.04462923151356137
0 0.45825395490199067 0.0723266951759686 0.059176592558271325 0.04242969468185842
0 0.42081595308789216 0.11738856619442113 0.06375496515360961 0.03957771046687397
0 0.4034994783156356 0.16673611881113964 0.0625744110699257 0.0504242052052021
0 0.32474699573883076 0.18925513189473206 0.06155754809323426 0.06595819994353028
0 0.4613491838505984 0.13997692676011714 0.054761911069925694 0.04996917889684287
0 0.5416815245947714 0.13919640578401687 0.036175602176918176 0.05356461575678066
0 0.602137874957591 0.1270989532096507 0.06408234736759474 0.048952710466873925
0 0.8065004488267228 0.30309449288395107 0.05051092068857273 0.062196163111827296
0 0.7845584722403678 0.3955928060240133 0.055198420688572544 0.06246917889684287
0 0.7898213471979588 0.5574557691923103 0.04667659255827132 0.04170165258848364
0 0.7827156861280331 0.6046492876081618 0.04985615626060245 0.043446163111827474
0 0.7701412750581074 0.6521613244398647 0.05648810217691817 0.05474768415851479
0 0.7124106206116038 0.6531847691217232 0.05034722958157989 0.0575086631118273
0 0.6576710461094997 0.5908814611727456 0.06273810217691818 0.0551117052052021
0 0.6371204439325815 0.6435360243128079 0.07136905771188111 0.07900423151356151
0 0.5843327498303641 0.6146444558404867 0.0613938569862416 0.06127069994353036
0 0.5038367179791986 0.6201124768165869 0.07249504809323426 0.06659523677523324
0 0.5390996061836335 0.6819908505364625 0.05934028366526398 0.047117194681858446
0 0.5525147762392338 0.744362047919744 0.0754563569862416 0.0620897472985769
0 0.6475297313108606 0.1891670427286593 0.06262897477225664 0.0519867052052021