0 0.8061228579492266 0.5103886489343896 0.05582366510280749 0.06454310124083733
0 0.76462912663866 0.5284777312336919 0.055277361884498964 0.05673060124083733
0 0.6877770495351379 0.530100579372436 0.08071440445914586 0.06472877153942491
0 0.6593731801090703 0.6019702255337088 0.0689028193098519 0.05146394703379294
0 0.8032217330752773 0.5467249866815737 0.06613845222957301 0.034167186390131124
0 0.8173277917414676 0.5928023111872058 0.06821440445914603 0.06385468639013112
0 0.7443762468210323 0.6724408986822882 0.0611995799535137 0.05248014381548423
0 0.7476158613034214 0.707651779004119 0.08373014381548423 0.06338479282674854
0 0.8428301723154 0.6684414495548083 0.049027361884498785 0.05629355866619044
0 0.8012218265224446 0.6515381728196032 0.06498014381548423 0.06207366510280767
0 0.8860938532576496 0.6978993566118443 0.06545003737886682 0.04655792574646931
0 0.7605582577167955 0.7482057231879203 0.06966764381548422 0.06240144703379293
0 0.6713536460843981 0.7621811058555397 0.06018338317182241 0.06018338317182241
0 0.6712611749132902 0.6385632893956792 0.05807457995351371 0.0522616225281606
0 0.7318326881548419 0.6264728348203177 0.06777736188449915 0.057604686390131124
0 0.7522426491864913 0.8961133454639796 0.06519866510280767 0.0651986651028075
0 0.7337932979456541 0.8435128693491929 0.06697968639013112 0.06843292574646967
0 0.7964900398998823 0.8284613057393241 0.08758711733238052 0.09630655347040999
0 0.7017509762900135 0.8855857548668039 0.07748014381548422 0.06294775025210164
0 0.7154746227033877 0.9261943293724361 0.07504355866619043 0.050338489608439826
0 0.7231832158984532 0.9586079916252522 0.08405792574646931 0.06807229282674854
0 0.5740573010477472 0.9606189698337257 0.06287134059717552 0.05415190445914604
0 0.530001298449857 0.9697108385034886 0.07344820767745475 0.060578322993022835
0 0.2821665518809263 0.4107782349168628 0.05985560124083733 0.05549588317182241
0 0.4289162297210827 0.3191966583175437 0.08529264381548422 0.06349405347041018
0 0.5950535900160979 0.6938738662470999 0.05305929802252862 0.047246340597175515
0 0.6319033799928547 0.7205509807294889 0.047169930942249395 0.029731058666190257
0 0.690617462292157 0.6818980261541274 0.04491901609154336 0.04201253737886681
0 0.8441138028893326 0.7423870479456539 0.07032320767745474 0.07177644703379293
0 0.8404150025210153 0.7895516250491762 0.07246486188449879 0.057932468321116384
0 0.6452174809815905 0.6997139568442754 0.056184298022528625 0.047464861884498964
0 0.6690637984498571 0.9832404198819982 0.0445912341605581 0.033519160236003744
0 0.7894920048668039 0.6950314467048168 0.038450494804219915 0.038450494804219915
0 0.6108481987985037 0.6195676349365333 0.05305929802252862 0.047246340597175515
0 0.31893457836402994 0.3806972510084062 0.054731058666190345 0.048918101240837245
0 0.416038443350622 0.5686285757661398 0.04891810124083733 0.054731058666190435
0 0.7475398156266813 0.5731510928660895 0.055058840597175515 0.05360560124083733
0 0.5491523200661567 0.30428148852315906 0.05138753737886681 0.04557457995351379
0 0.45349025880207633 0.27038209990345496 0.04135697351689647 0.03554401609154336
0 0.40084658799928546 0.09566632316824983 0.0533870799535137 0.05193384059717552
0 0.4581017131253363 0.13620919569641057 0.07758940445914604 0.06451025025210155
0 0.3773808628929052 0.37156790546755214 0.04313799480421991 0.038778276735205085
0 0.6539197636688803 0.9242222839477975 0.0492787341605581 0.037652819309852245
0 0.5823725455998655 0.9238837943393576 0.03957595222957302 0.03230975544788137
0 0.7221238244287576 0.8100448054872226 0.040340776735205176 0.04324725544788173
0 0.7164094199696116 0.7505605448435608 0.06708894703379294 0.0699954257464693
0 0.7685842891435777 0.6072747205900303 0.056184298022528625 0.047464861884498964
0 0.8788555176041527 0.5387975082209987 0.05160605866619043 0.048699579953513705
0 0.8639300041104994 0.48100143371536647 0.0533870799535137 0.05193384059717552
0 0.8039640502914425 0.757460390888618 0.04513753737886681 0.04513753737886681
0 0.783203072082969 0.9052751780153834 0.041794016091543186 0.04179401609154354
0 0.6510900585893158 0.8392845552351211 0.05516810124083733 0.05516810124083733
0 0.718475028499916 0.6022158799928548 0.038669016091543364 0.04157549480421992
0 0.6528282491668207 0.5750799436027236 0.046809298022528624 0.046809298022528624
0 0.6344377901519838 0.8902079168675184 0.052622255447881724 0.04099634059717552
0 0.8329095970534635 0.43762849212945526 0.03834123416055846 0.03688799480421991
0 0.8060193151224782 0.4310835611872058 0.04135697351689629 0.03554401609154336
0 0.6344931484301866 0.6686442733041359 0.04270095222957302 0.032528276735204996
0 0.7652893163829859 0.7936274838315821 0.045028276735205174 0.04357503737886681
0 0.6174195349562037 0.9247796588217468 0.044809755447881724 0.04045003737886681
0 0.6138135697371805 0.9811644676524253 0.052840776735205 0.03767106469514943
0 0.7116337107026732 0.9879770143760087 0.03666947351689629 0.024045971247982578