0 0.9326410356220022 0.55467112541198 0.039141645588778216 0.05062729139585791
0 0.8712331662513858 0.5361899066615681 0.0569904796419344 0.03689207386326192
0 0.7930488070598021 0.5000126733006596 0.05829216378737563 0.05720457386326192
0 0.7458233536360294 0.49536212946916985 0.04352875693983034 0.046021612012708955
0 0.5767112106681447 0.5780906290621327 0.047815738741233106 0.03985343262955983
0 0.6187787947213008 0.5632781067409983 0.06716651603912886 0.04955571509696384
0 0.6255387368863066 0.6077411728936225 0.06267927513842757 0.05259889448011279
0 0.5309667165282409 0.6453696323085436 0.05486677513842757 0.05246252678536116
0 0.7696799606681447 0.5747223470017657 0.04585272054263569 0.033576159090609535
0 0.6715917165282409 0.642915013803013 0.0491779796419344 0.036755706168510115
0 0.7119082310262104 0.5397530576345029 0.0491779796419344 0.036755706168510115
0 0.8118254927464026 0.670970055605908 0.06001535009228505 0.03538412094116268
0 0.773824844998156 0.663812120540716 0.06267927513842757 0.05259889448011297
0 0.7047639643687725 0.6845706797934813 0.04096496144333717 0.03036933847375849
0 0.6030908428386877 0.7090269833642038 0.04675388648947969 0.047638659090609534
0 0.6949371838316741 0.7387087548745592 0.05270349784053163 0.04306025324641087
0 0.7295415237449264 0.7905070340955525 0.0546059592838688 0.07274775324641088
0 0.8055545087855316 0.7195711968396099 0.047815738741233106 0.03985343262955983
0 0.82753893275194 0.7575115276027307 0.062479016039128865 0.04947389448011297
0 0.652848615817647 0.8020133242735943 0.05174177513842757 0.052407979707460584
0 0.5700271074935407 0.2418940304421045 0.07069203423772627 0.055860262174864596
0 0.4828182017257296 0.211349188314898 0.06932979333702498 0.0589579886359143
0 0.3207873735326697 0.2947362069825844 0.05572836829088237 0.04155230032431154
0 0.24203131785714366 0.2984572706995766 0.07744268198597286 0.06378185633066594
0 0.3827039875046154 0.4187952698887976 0.06953005243632351 0.062082988635914306
0 0.5763595596806956 0.6336275629095086 0.04891716378737563 0.057040932629560004
0 0.8357858220191968 0.5688757215963763 0.06836807063492074 0.06830571509696384
0 0.7584513664359559 0.6069854220828436 0.07255492288667434 0.06057503571381488
0 0.6624157780638631 0.7072093388840909 0.05057979333702498 0.05863070616851011
0 0.668679862735328 0.4998371696472116 0.05572836829088228 0.04155230032431163
0 0.8730226110372851 0.7105722978952702 0.07285531153562204 0.06526253571381488
0 0.6692036034791459 0.8619513859619914 0.08625647748246604 0.07954322402541791
0 0.5984800933001131 0.8811747187537072 0.05819203423772627 0.05564207386326174
0 0.8548197308693268 0.9025103819048017 0.07119268198597269 0.06367276217486477
0 0.38480551048357464 0.5126134537361735 0.04841651603912896 0.04922843262955982
0 0.4381307695828733 0.514811153411862 0.04907785009228505 0.03519320616851011
0 0.7606994910483597 0.886164407472347 0.04575259099298634 0.032013659090609534
0 0.6241099514119626 0.9393866392084025 0.04459060919158375 0.038236385551659424
0 0.42726522978959275 0.93109071834667 0.03864099784053181 0.04281479139585755
0 0.5376334284330033 0.847041226464345 0.044991127390180984 0.04448638555165942
0 0.5569155521225564 0.7817883733800899 0.06776729333702498 0.058930715096964015
0 0.6019183690568495 0.7395502804421045 0.03950259099298634 0.0319045649348082
0 0.75725671112957 0.7470064500860208 0.04619268198597286 0.06323638555165925
0 0.9070471576135123 0.7045035300383626 0.04851664558877857 0.050790932629559825
0 0.6909634777870078 0.6034706842577082 0.05270349784053181 0.04306025324641087
0 0.6318678824750847 0.6576866258157218 0.05955427513842757 0.05254434740221221
0 0.29327244524732465 0.341361790992116 0.07840440468807693 0.05443412986961631
0 0.40131668028792983 0.2698668461876915 0.039903109191583755 0.0381545649348082
0 0.29060971776485856 0.2631958806836905 0.04877746144333717 0.030505706168510206
0 0.4875728716777431 0.8713787532497062 0.04907785009228505 0.03519320616851011
0 0.4581252035714309 0.900049224028713 0.046453497840531634 0.042951159090609536
0 0.4051503978959049 0.9033202743530244 0.03627746144333699 0.03028751785690744
0 0.46537347856220024 0.048971919240174536 0.04907785009228505 0.035193206168510204
0 0.5281028184754526 0.10027927476006163 0.05572836829088246 0.04155230032431154