0 0.2861509945999736 0.3726857113701347 0.04046317391627667 0.03482953333863605
0 0.16547373866847453 0.3431698393539081 0.0552896778706093 0.05374316534054504
0 0.1077368345238614 0.4018448580124085 0.03622134288963732 0.04571248933799978
0 0.30093373619701663 0.3330328653723619 0.05015650889724856 0.04275112133990877
0 0.5828602154367699 0.23792254941117824 0.06511034684397003 0.06478975334181776
0 0.5398888068435326 0.2756856314051331 0.053536176882026075 0.04903748400699968
0 0.5712780696951139 0.3369594860757238 0.04703150889724857 0.04271475867281786
0 0.6567142095052709 0.2106702534213596 0.04553267589344294 0.04425907733927241
0 0.6812022149424783 0.23672422342454125 0.039155341901054186 0.04106135200509069
0 0.40254790471326685 0.7379299980505886 0.05828734387822045 0.050654528007635945
0 0.3760636591618911 0.7587055747135433 0.055035009885831696 0.04749316534054504
0 0.3703176779449714 0.8476589867122707 0.053536176882026075 0.04903748400699968
0 0.28277125699444433 0.8263374227004985 0.07123301285158128 0.06173747867599957
0 0.4023727856633563 0.9636021600493159 0.036348676882026254 0.048837489337999786
0 0.5250290356633563 0.9650293947326333 0.0729865138401646 0.06644316000954475
0 0.26322807813525184 0.7683249280314985 0.031597509885831696 0.04722044533736351
0 0.2606668108350463 0.6863027686982713 0.04521434091247105 0.036446577339272326
0 0.2312167327741565 0.710948232694135 0.04090884288963732 0.045767033338636055
0 0.19675816113905745 0.7659897213558171 0.03076983893530465 0.026907945337363515
0 0.19399130539783882 0.6597579026893626 0.03147017589344294 0.044095445337363516
0 0.155901056386422 0.6639999600174992 0.03628500988583174 0.047274989337999784
0 0.11411280440925564 0.6541431546785449 0.0412271778706093 0.053579533338636055
0 0.15274688148156218 0.6249192786839537 0.053281508897248565 0.04278748400699968
0 0.12459270657670243 0.5855476960136812 0.04221667490485981 0.039535214672181594