0 0.3025283000477251 0.33592205337021736 0.07111247867599957 0.07243492198083885
0 0.3399641180378619 0.2612595680695385 0.07111247867599957 0.07243492198083885
0 0.2824419720321349 0.22206094923177444 0.08859088001272664 0.09833568068726617
0 0.4300629540499522 0.3456545002271426 0.07618178668045399 0.10549308344622813
0 0.378710086728179 0.4335539699239893 0.06642497867599957 0.07218926051544958
0 0.4175822300684059 0.4823289846233104 0.050654528007635945 0.05887038896415202
0 0.3907384667409057 0.526730759838081 0.06171929734245411 0.07038109905006032
0 0.7040908000477251 0.3148770545018712 0.05534202800763595 0.05911605042954129
0 0.6454350574076784 0.5141644035519315 0.052398841343090474 0.07457727611928178
0 0.6875498320734966 0.5057034503634281 0.05070907200827239 0.06355788896415202
0 0.5746231180776327 0.5421090191103353 0.057031797342454026 0.07013543758467104
0 0.3111140540658606 0.4691473111721335 0.057031797342454116 0.07013543758467122
0 0.5264685234324954 0.7033231580744872 0.0851931600095451 0.07473440637700665
0 0.6351820941279032 0.909473581525664 0.0741829346753633 0.06791119629109836
0 0.7695292747851309 0.8328590926069406 0.03831816000954493 0.07227779172311415
0 0.6729077187698589 0.7253542090698555 0.06171929734245403 0.07038109905006032
0 0.46560429610913134 0.7799952007021125 0.055396572008272395 0.06380355042954129
0 0.41505885610276805 0.7357405896662645 0.06642497867599957 0.07218926051544958
0 0.1219270214433131 0.8042603748306579 0.052326116008908664 0.06832727611928177
0 0.13837018145285812 0.8737540032793604 0.0761817866804539 0.10549308344622794
0 0.35020163669636223 0.20053010798363022 0.060102253341817756 0.06561171189493056
0 0.4645641286998621 0.22033359565915833 0.09158861067790855 0.08756195499752559
0 0.47006069804263434 0.2896191841937691 0.0694954346753633 0.0676655348257091
0 0.5875754620464524 0.31160264755903766 0.07587270401018138 0.07893058344622812
0 0.4746220233927246 0.4128929098835096 0.08056020401018138 0.07917624491161739
0 0.5009128980744512 0.5225202154014335 0.07894316000954511 0.07440685775648745
0 0.5286753660884506 0.6242531337642278 0.06980451734563572 0.0942280348257091
0 0.4523304947485417 0.5797871607880207 0.052398841343090474 0.07457727611928178
0 0.39178389341976877 0.616574509838081 0.06811474801081766 0.08320864767057934
0 0.35750943809672286 0.6941982208285005 0.043005660009544935 0.07252345318850324
0 0.3088173994270866 0.6748617226375228 0.06818747334499946 0.08945864767057934
0 0.5772315920989499 0.6990993255327703 0.07111247867599957 0.07243492198083885
0 0.6229259001034043 0.7295370980340075 0.07581816000954511 0.07424308344622813
0 0.6149850360836779 0.5845521466545265 0.06473520934118149 0.06116987336031983
0 0.7015043387571323 0.6300483531223902 0.06340906667727228 0.08140048620519007
0 0.7101639127943578 0.9039804980794361 0.06340906667727211 0.08140048620519025
0 0.3541946287794039 0.8124126322938897 0.07756247334499947 0.08994997060135787
0 0.19358329809831365 0.7145151221171244 0.05370680267345422 0.05278416327441153
0 0.20618220074790536 0.5879968877209566 0.05841248400699968 0.0545923247398008
0 0.6486349721116766 0.7891644035519315 0.052398841343090474 0.07457727611928178
0 0.5639519841263123 0.9014806970840678 0.05070907200827222 0.0635578889641522
0 0.5604729954646304 0.9384041649718922 0.04896475867281787 0.04785100180902226
0 0.5220912007876762 0.8645882066950061 0.036628390674726855 0.06125840456798457
0 0.5180218661282213 0.9179588681603956 0.050654528007635945 0.0588703889641522
0 0.5082656054662211 0.9528661346687389 0.04424089600572696 0.04448034034363317
0 0.4727184567949941 0.9211148456591584 0.05534202800763595 0.05911605042954129
0 0.49190426145763066 0.8904037562200365 0.045948846674090583 0.05706222749876275
0 0.75477533676795 0.7069926334255434 0.044331802673454136 0.05229284034363317
0 0.7468452054423587 0.7644742627787571 0.05070907200827222 0.06355788896415202
0 0.7202650714512673 0.8315322879935279 0.05879429201145392 0.0874048247398008
0 0.5923276913987697 0.4512826232487782 0.04300566000954511 0.07252345318850324
0 0.5564538260661788 0.45863477781676243 0.06309998400699968 0.05483798620519007
0 0.5728322567234064 0.38820276911033524 0.060102253341817756 0.06561171189493056
0 0.5004118167170432 0.3450945782463038 0.0741829346753633 0.06791119629109836