0 0.6995293784802454 0.25893031459411164 0.05237088317182241 0.05765938730530316
0 0.3882962195816241 0.446348780416594 0.05371486188449896 0.054579851411925874
0 0.43071331252458817 0.4062609895086517 0.07130655347041034 0.08315949247815269
0 0.3407603018809263 0.4020843033778476 0.04470049480421991 0.03716503087881229
0 0.3431151235365669 0.3577121777510269 0.062106516091543364 0.04079013605166191
0 0.28490378578938297 0.3614760237526764 0.032746798022528625 0.044613818025830906
0 0.3015610440872562 0.4547402904457238 0.053168558666190344 0.046767351411925874
0 0.2289922753978228 0.43157792359439184 0.056839861884498966 0.054670779625171126
0 0.22446294854640217 0.5117511569013444 0.05004355866619026 0.04667642319868044
0 0.26515900436260087 0.5027997057268454 0.038669016091543364 0.040108174452321774
0 0.29625582107456283 0.5684163455394311 0.0445912341605581 0.03560253087881229
0 0.31587990622385675 0.5814619148189032 0.027764367080279052 0.017960389812585652
0 0.31119776006258404 0.6148510763391012 0.05149679802252862 0.04515938730530315