0 0.4569568946659276 0.2882137839354121 0.02231509099298634 0.0314863573360908
0 0.45174776295681 0.24767969060313927 0.023477072794389285 0.02525453866963625
0 0.49545819016242093 0.27215243193032135 0.03375323874123311 0.039426126670908876
0 0.5074983127722399 0.3157297092616397 0.048176684145441226 0.020857940006363318
0 0.5348711435861935 0.2662291485916853 0.032090609191583755 0.03784544533736343
0 0.5653713695275 0.33847631858691274 0.0273029796419344 0.03622840133672715
0 0.5869354888981165 0.31870871125082195 0.028064443244739758 0.02374658267027261
0 0.5869762592561821 0.3546189392505038 0.032390997840531635 0.042532945337363515
0 0.6052465954688067 0.41061440058086757 0.04402940468807692 0.05359771467218159
0 0.6165660248338858 0.47762008724541316 0.02760336829088228 0.04091590133672707
0 0.5948819895164255 0.5114411039147312 0.03082849784053181 0.04251476400381797
0 0.6083041394241404 0.5456342905792768 0.028665220542635695 0.03312158267027243
0 0.5882920280730882 0.5411831479153675 0.026441386489479513 0.0471477200031817
0 0.5573424167220363 0.5368592745862765 0.03551599784053181 0.04256930800445424
0 0.5799300131136935 0.6107598512492312 0.04216651603912887 0.04889203333863605
0 0.6044398573458825 0.6424820185789586 0.025379534237726275 0.054942038669636165
0 0.5780275516703564 0.6404473512492311 0.027803627390180986 0.044040901336727244
0 0.5423892427556278 0.57528597525464 0.037779404688076924 0.05352498933799978
0 0.5108376565430034 0.5194450552594125 0.028364831893687815 0.028434082670272608
0 0.517609288252121 0.5599609672581398 0.025039572794389287 0.025272720003181703
0 0.4701637893318552 0.5815910665977304 0.0210529796419344 0.036155676002545434
0 0.4494204927556279 0.576367764600594 0.030027461443337167 0.030014764003817973
0 0.5193639504983372 0.6544013105904126 0.029265997840531632 0.042496582670272606
0 0.49315190392210984 0.6492416432606852 0.014102072794389109 0.02514545066836362
0 0.488555239055 0.6844251652610034 0.018489184145441227 0.020512494668999893
0 0.5507746368032467 0.6758945025859583 0.04166586829088228 0.04107953333863605
0 0.5157290083333315 0.6989416512571853 0.03521560919158375 0.037881808004454245
0 0.6271869424787727 0.6773473672422314 0.029065738741233103 0.03937158267027243
0 0.5722734091638971 0.3891393899188674 0.015163925046142524 0.017351132001908985
0 0.5792348079918778 0.4023297332511402 0.014963665946843818 0.014226132001908986
0 0.5784337715946833 0.4148297332511401 0.014963665946843818 0.014226132001909165
0 0.5815890499723133 0.4265030299172765 0.018288925046142525 0.017387494668999894
0 0.5773440360926527 0.5171098485837311 0.016826554595791875 0.01893181333545435
0 0.5412482449150963 0.6174552939210946 0.018389054595791876 0.01894999466899989
0 0.5341867165374661 0.6058274505888217 0.018489184145441227 0.020512494668999893
0 0.5005719825765951 0.5578172119271396 0.023677331893687814 0.028379538669636162
0 0.6120509006829072 0.584624065245095 0.02045220234403846 0.026780676002545432
0 0.6002518075304526 0.5738320159134586 0.021814443244739756 0.023673857336090797
0 0.581001159782206 0.5818626919160039 0.018389054595791876 0.01894999466899989
0 0.5691520018549265 0.5718518925843674 0.024077850092285046 0.03462953866963616
0 0.5617004472591347 0.5906746179185492 0.018489184145441227 0.020512494668999893
0 0.5579048187892195 0.6133581399188673 0.018489184145441227 0.020512494668999893
0 0.49037855490955884 0.7047013025939124 0.016726425046142523 0.01736931333545453
0 0.5013754141011425 0.6671013052594125 0.018489184145441227 0.020512494668999893
0 0.47937000617386316 0.6572086845958214 0.02015181369509058 0.022093176002545435
0 0.6168058567275736 0.44951326857895857 0.018489184145441227 0.020512494668999893
0 0.4803338379106674 0.2645217452657758 0.023477072794389108 0.025254538669636162
0 0.4162422570967138 0.3144495672740482 0.020251943244739935 0.023655676002545256
0 0.40440359114986996 0.3286393366088663 0.018589313695090582 0.02207499466899989
0 0.40321133097083717 0.3106978586091845 0.018489184145441227 0.020512494668999893
0 0.4300451388058315 0.35488366327182097 0.02201470234403846 0.026798857336090796
0 0.45173966610372746 0.34526321526895754 0.02045220234403846 0.026780676002545346
0 0.43121641502399327 0.3244240039385938 0.015664572794389108 0.025163632001908985
0 0.42378464682539596 0.3307558199395483 0.02015181369509058 0.022093176002545255
0 0.4565740538298247 0.684016632598685 0.014001943244739934 0.023582950668363623
0 0.4505545913067534 0.692674017266094 0.01732720234403846 0.02674431333545435
0 0.6427211073458825 0.6420365759070952 0.01692668414544123 0.020494313335454352
0 0.55896427591362 0.4993683652530492 0.02161418414544123 0.020548857336090798
0 0.5291172871723869 0.5387490385900945 0.018689443244739933 0.023637494668999892
0 0.5385843198689537 0.6346609752546399 0.02377746144333699 0.029942038669636163
0 0.5011145982465838 0.6468069865929579 0.01732720234403846 0.02674431333545435
0 0.5612708482465838 0.6461070052514584 0.02201470234403846 0.026798857336090796