0 0.8666844434277229 0.7252952544308052 0.06629770934118148 0.06010417549789597
0 0.8776668494191323 0.6624232321982866 0.02376476400381833 0.028943455534962935
0 0.8390112400540884 0.427574517044677 0.05381589067472703 0.06123016587924912
0 0.7856317013844523 0.4038443511654279 0.048837489337999786 0.03606647477225664
0 0.7374021920353165 0.28580119009550226 0.0661704400063634 0.049166675497895974
0 0.6622385600334075 0.2691196323836212 0.07116702267663584 0.07589286660488845
0 0.6129470846992258 0.2611508757601992 0.03789998933799978 0.035684528855940555
0 0.5288588214512673 0.886865149173844 0.03482953333863605 0.04026290145127902
0 0.5831286981221762 0.9199975969042586 0.04565794533736352 0.03126984736759475
0 0.5992900474617668 0.9666369839275673 0.04418635200509069 0.03902778366526398
0 0.5244264074633577 0.9757366762156862 0.04571248933799978 0.03595734736759475
0 0.4778059461329939 0.9873537001774852 0.055160214672181594 0.02529259964502941