0 0.4674671907807297 0.5058932650062626 0.04519138648947969 0.04982503737886681
0 0.4145994139442591 0.3389682089379623 0.09665375693983033 0.05186813861970414
0 0.31667185610926474 0.2873896474217804 0.05336483189368781 0.03173060124083724
0 0.5017570573735691 0.25246226240837255 0.07341651603912887 0.05335422896477811
0 0.453528199418603 0.6744247437189392 0.04549177513842757 0.05451253737886681
0 0.5684127197766686 0.7185567919935693 0.05911418414544123 0.024355143815484225
0 0.6042093198689538 0.6865308958322965 0.045952850092285044 0.03743429802252862
0 0.7891767142211142 0.2615740905203009 0.06832849784053181 0.04677644703379293
0 0.6615010996308597 0.18437281613088433 0.08152940468807693 0.058588032183086725
0 0.6531669679217421 0.1429829916252522 0.056289572794389106 0.028824122528160735
0 0.5003855220561086 0.2861106427302034 0.0851154796419344 0.041728314114071983
0 0.49306437538759623 0.31463448047738735 0.03794009099298634 0.03376299480421992
0 0.4343692982742704 0.25088905473091794 0.0641020727943891 0.0293704257464694
0 0.3505974706995193 0.3580352831914929 0.08249112739018098 0.04932229282674845
0 0.34764364898486433 0.40412903319149296 0.0693297933370248 0.06240144703379293
0 0.342546336369508 0.4469338922260004 0.07301599784053163 0.04710422896477802
0 0.32867480105204755 0.4797081873985373 0.06031573874123301 0.04310514381548423
0 0.26899941240309955 0.4802437829393914 0.06001535009228505 0.03841764381548422
0 0.28667826573458716 0.5105157909851631 0.054065738741233105 0.04266810124083733
0 0.3921970805094118 0.5171096344323302 0.0717538864894796 0.05168246832111638
0 0.45219384176817884 0.5605425601787996 0.06546431369509058 0.02635468639013112
0 0.4529355189737897 0.5857064511442921 0.05104086829088246 0.04401207995351371
0 0.40396709284791293 0.5783584908689475 0.031489831893687814 0.03020095222957302
0 0.363041704198965 0.5802052141337425 0.0507404796419344 0.039324579953513704
0 0.4097269370801019 0.6109360440872562 0.06314035009228505 0.03863616510280767
0 0.36635766888150456 0.6141813763865585 0.0538654796419344 0.03954310124083733
0 0.4042186142857127 0.6356628924781018 0.06862888648947969 0.05146394703379294
0 0.4774954279808032 0.6188138820865416 0.056790220542635696 0.03663662252816078
0 0.5772543985234388 0.5928301723154001 0.07604086829088245 0.04576025025210164
0 0.5550499290605374 0.6454252945914594 0.04419009099298634 0.03420003737886681
0 0.5016943915836086 0.6330620523851295 0.07361677513842757 0.056479228964778014
0 0.5461162176172003 0.6746211216949816 0.06822836829088245 0.04521394703379293
0 0.5086372015780714 0.7206548875344233 0.04126535009228505 0.03710651609154336
0 0.5171017412144684 0.7722555923618863 0.04871690468807692 0.05629355866619044
0 0.4736719162606109 0.7519541640175269 0.05622901603912887 0.05215236188449897
0 0.5723003809431505 0.7925952255337088 0.08299177513842756 0.057134792826748534
0 0.6235019355389424 0.7773415661308843 0.04392927513842757 0.054403276735205175
0 0.611253456976742 0.8337718825907448 0.07029151603912887 0.05313570767745475
0 0.5871135664728676 0.25529196748793714 0.05512759099298634 0.03496486188449897
0 0.6046725038575114 0.29968110585553964 0.0726154796419344 0.040854228964778104
0 0.654082218540051 0.33688045709637693 0.0648029796419344 0.040307925746469395
0 0.518611495219638 0.12415694594851209 0.07115310919158375 0.042307468321116336
0 0.44137386258766964 0.4232393021330279 0.04419009099298634 0.03420003737886681
0 0.5551674498800283 0.5088868610513197 0.0431282387412331 0.041903276735205
0 0.7348597401347343 0.7662944415090367 0.03431444324473994 0.025731973516896288
0 0.6888079580564763 0.8603832950956625 0.0525032387412331 0.04255884059717552
0 0.6803632048172739 0.7962279599463684 0.039602720542635694 0.03543475544788173
0 0.40866747995570146 0.7254355866619031 0.04791586829088246 0.04379355866619043
0 0.34701738356404416 0.6465732593062794 0.0491779796419344 0.03921531930985207
0 0.5984995404115894 0.6531720926139879 0.0509407387412331 0.04244957995351371
0 0.6566729858157976 0.6760739970731338 0.053965609191583754 0.04110560124083733
0 0.6391455243724604 0.7046688906365165 0.041165220542635696 0.03554401609154336
0 0.6667000254521946 0.7277839625442586 0.04439035009228505 0.03732503737886681
0 0.43690401295681003 0.2848105866619032 0.0538654796419344 0.03954310124083724