0 0.5547410003927835 0.2626111678323439 0.03460225897699054 0.03926248789975162
0 0.6284052384889268 0.3583554598886257 0.026862481849627428 0.05171703610435348
0 0.6140473018188393 0.40905489665690914 0.033048849336070066 0.040815897540672094
0 0.6482995819712644 0.4303486345566608 0.034729524004105096 0.06113748789975162
0 0.4619121091968233 0.5066106318261863 0.03789997579950324 0.06896816861791084
0 0.5008200730924698 0.5334003908031767 0.04568520472226432 0.06432612041330898
0 0.5493075700674076 0.5250884419346449 0.028397710772388507 0.047038626463433174
0 0.5663405339630542 0.5517509358845206 0.02996021077238851 0.0470477168225127
0 0.5458371364223822 0.5844452612164857 0.028397710772388507 0.047038626463433174
0 0.5060297478587007 0.5779634570599554 0.03782725292686617 0.05646816861791084
0 0.48475873585664814 0.6083094872123805 0.04558521077238851 0.04713862041330898
0 0.4931434075978169 0.6442969841873184 0.029923849336070063 0.040797716822512695
0 0.4416718111886131 0.628372002337691 0.033085210772388504 0.0470658975406721
0 0.5470360220591975 0.6469543515755654 0.03619203005422929 0.04395907825883114
0 0.5875019407753042 0.6745344509116353 0.04402271077238851 0.047129530054229284
0 0.5607712691323312 0.7032861648072818 0.023664758976990365 0.039198855386194255
0 0.5652769619507388 0.7345634358845207 0.02676248789975162 0.03452953610435348
0 0.5364616155415352 0.7187702642415477 0.02522725897699054 0.039207945745273774
0 0.5257559196980653 0.6788628817279905 0.029923849336070063 0.040797716822512695
0 0.4982667239527914 0.7037038004440971 0.029923849336070063 0.040797716822512695
0 0.498039464975801 0.7427663004440971 0.011192030054229463 0.04381363251355737
0 0.4823735583599428 0.7497066468533009 0.031486349336070064 0.040806807181592394
0 0.49078550117835035 0.7810066438282387 0.034656801131468205 0.04863748789975162
0 0.5260553806668457 0.7616799269075303 0.03934430113146803 0.04866475897699054
0 0.5431065252806514 0.785217420857406 0.022193162567786473 0.054814765027114555
0 0.449438338512368 0.770609499312629 0.025345433645025395 0.05952044574527395
0 0.41759344087350003 0.7383918969514968 0.029942030054229286 0.0439227168225127
0 0.46089801327859875 0.815208927005726 0.025236349336070062 0.040770445745273776
0 0.4749059711241211 0.8246657402374427 0.029942030054229286 0.0439227168225127
0 0.4879826880448297 0.8598992582896194 0.02996021077238851 0.0470477168225127
0 0.44739404948114814 0.8534129089535494 0.04260565651766246 0.07212043969514995
0 0.4374241518422803 0.8213225716195318 0.022074987899751618 0.03450226502711473
0 0.39749404343102396 0.8359345174630015 0.023664758976990365 0.039198855386194255
0 0.41834235373587425 0.8782447373105764 0.022174981849627427 0.05168976502711473