0 0.6172141760351673 0.6034656734775554 0.04561402837152997 0.06712179802252863
0 0.6094528710079671 0.1483957612247394 0.05231866943775678 0.08318384059717551
0 0.6028310787798766 0.6741441602360038 0.0688529515702104 0.11552644703379293
0 0.6510867223533859 0.6645070802824898 0.04538670783841638 0.05930929802252862
0 0.631621320004388 0.7488492292937542 0.0677163489046432 0.07646394703379293
0 0.6502696830947963 0.8516628728571369 0.05107441818411544 0.09401207995351371
0 0.6912523842692953 0.8073065854782702 0.04092652837152997 0.06679401609154353
0 0.6944479289381611 0.728799173225454 0.06339256175762494 0.08863616510280767
0 0.7391670470431344 0.7859507555247562 0.05209134890464338 0.07537134059717551
0 0.8439742189881736 0.8365520530430818 0.05025606426490725 0.0658870799535137
0 0.7850107444567097 0.774133816536735 0.05526181301126591 0.07715236188449896
0 0.7689371150689654 0.8136169336170141 0.050346992478152684 0.0690120799535137
0 0.7258379844275797 0.8659496119613734 0.06293792069139811 0.0730111651028075
0 0.7782258838735838 0.6485710878240585 0.05888691818411544 0.09455838317182241
0 0.660615868896396 0.31939132223671823 0.050710705331134066 0.0815120799535138
0 0.675311203219563 0.20563482483460832 0.06697220282385156 0.10447968639013112
0 0.8215868096460536 0.20166895465223605 0.03904577962517095 0.05574725544788164
0 0.7349004665473982 0.39717783262827844 0.04740384890464337 0.07504355866619025
0 0.7120168960142848 0.39094961196137357 0.029534387305303157 0.05040419158591121
0 0.6143211935861446 0.4502314128338938 0.033903638558944495 0.03979447351689629
0 0.6160595383341528 0.40235664154657036 0.024255853919208193 0.029763909654926125
0 0.6788443463308539 0.5153922370874243 0.034721992478152684 0.06791947351689628
0 0.6530834798752332 0.5986089286733355 0.027790030878812287 0.04404493094224939
0 0.724716787476223 0.558372058743065 0.01800585391920819 0.029326867080279227
0 0.6357175058059877 0.21701472124798254 0.03959134890464337 0.07449725544788163
0 0.7800718772096662 0.5505870558930732 0.043733279625171304 0.05607503737886681
0 0.804404287476223 0.5527997659163164 0.02622753087881229 0.04393567029858776
0 0.8135352465682807 0.5975659626980077 0.07919941818411544 0.09597877153942491
0 0.7295012273679509 0.6151847874557415 0.02439224623907634 0.03445140965492612
0 0.7128676568348374 0.6085195242141896 0.030915030878812467 0.04426345222957302
0 0.6588069794795219 0.44555498448953423 0.02269335391920819 0.02965464901126431
0 0.6416876756394558 0.4491006015698134 0.03302310015828454 0.06312271287323465
0 0.6922523138026888 0.3304873593634835 0.07175063103709682 0.10793246832111639
0 0.6192467228156043 0.3504663596155851 0.03573892319868044 0.04927873416055819
0 0.7534986685133199 0.6596942581226463 0.03711956677218975 0.04313799480421991
0 0.7137732757977405 0.5051213726050353 0.043733279625171304 0.05607503737886681
0 0.7122956923325032 0.4543401226050353 0.048511707838416386 0.05952781930985207
0 0.555363730733163 0.4418286869712088 0.029534387305303157 0.05040419158591121
0 0.5169089844940868 0.4116384424190905 0.030915030878812467 0.04426345222957302
0 0.5840008592629775 0.565080516672621 0.02962531551854859 0.053529191585911205
0 0.5888615746897485 0.08642563894868024 0.029397994985435005 0.045716691585911226
0 0.5824166610579795 0.2684950937761433 0.03721049498543501 0.046262994804219915
0 0.6023259957768579 0.3070277160522024 0.03399456677218957 0.04291947351689647
0 0.6167461969513568 0.2645288596155851 0.03927310015828454 0.06355975544788164
0 0.652900308788124 0.3770781360986887 0.024665030878812288 0.043826409654926034
0 0.6376844857477281 0.392233242535306 0.02944345909205772 0.04727919158591121
0 0.7049017633278352 0.14641836196137356 0.02430131802583091 0.031326409654926037
0 0.6632945880175837 0.27693067062756394 0.04198892319868044 0.04971577673520518
0 0.7732130896004292 0.8798592926515216 0.022784282132453627 0.03277964901126431
0 0.7599318396004293 0.8807880081226462 0.018233174452321775 0.03713936708027923
0 0.674178544535852 0.8124147025585492 0.03601170783841638 0.0586537341605581
0 0.6779758312871591 0.6469700190184096 0.03279577962517113 0.055310212873234656
0 0.7992023104374766 0.5085416675254708 0.03555706677218975 0.0430287341605581
0 0.7411003054229116 0.5564435719846166 0.029579851411925873 0.051966691585911204
0 0.8137479144231918 0.0667858562613904 0.02439224623907634 0.03445140965492603
0 0.8266774749271754 0.1613881620775891 0.03247753087881229 0.0443727128732347
0 0.8425441673261858 0.19550643596280262 0.02471049498543536 0.045388909654926035
0 0.8513281339400909 0.1745383721008322 0.019568353919208192 0.02943612772394082
0 0.8495239415410805 0.1394367524226631 0.027790030878812644 0.04404493094224948