0 0.21973398138127057 0.34685095328607 0.0364465773392725 0.04479567445232169
0 0.18624022871577045 0.3564221815784577 0.06326361600890866 0.06744356426490725
0 0.14905840205281576 0.384857070137402 0.05844884667409058 0.05636967194503928
0 0.11035952872372465 0.4172436728029691 0.03644657733927246 0.04479567445232178
0 0.15458224339590623 0.4565956778175339 0.04743862133990877 0.04980142319868044
0 0.13158109540099688 0.49477763941687414 0.02712612133990877 0.04921038981258548
0 0.06944472207190579 0.5278462036817814 0.04146134134309045 0.07305706677218957
0 0.13292596674090568 0.5431924073635628 0.05059998400699968 0.05301735141192587
0 0.15706454276731355 0.7370871598708453 0.06929544000636331 0.04887542069139794
0 0.11607646343885877 0.7742294586963464 0.03960794000636336 0.04801160266556703
0 0.29436509544076783 0.7831090505413607 0.05975680800445442 0.03454013605166182
0 0.3288668174331318 0.7258361081423503 0.060029528007636036 0.05797763605166182
0 0.3139197860439071 0.3144128748353978 0.04278748400699968 0.05279003087881247
0 0.07585890141626891 0.6089370793086021 0.064880660009545 0.07217652837152996
0 0.4949190787714497 0.7577356628403462 0.04255112667090888 0.032477530878812465
0 0.44085083879690307 0.9468723706787628 0.03937158267027243 0.02769910266556721
0 0.46143605880008476 0.9697188372926678 0.04100680800445424 0.03399456677218993
0 0.36309691410722233 0.7795461298499627 0.030051126670908878 0.03211381802583091
0 0.1286844567552232 0.6488202817367423 0.04266021467218155 0.041852530878812286
0 0.4973190147994484 0.963985662840346 0.031649989337999784 0.035284282132453625
0 0.20543895544235863 0.7974192546188534 0.0504727146721816 0.04207985141192587