0 0.708784774137315 0.04629338393339667 0.05938570767745457 0.0681420738632619
0 0.7135590274915098 0.24880077516709873 0.041433383171822415 0.0569045649348082
0 0.7833198704344737 0.2061263056059079 0.042668101240837156 0.05224433847375849
0 0.6444797896477807 0.6927337816599205 0.05371486188449896 0.05399775324641087
0 0.6320176304970578 0.8165394744357501 0.0460116225281606 0.05542388555165907
0 0.6070501175076076 0.9069286952147568 0.06185514381548422 0.05882162094116268
0 0.5425891437386097 0.8016741793864444 0.04623014381548422 0.05854888555165942
0 0.5811057044984869 0.681324723217934 0.07635468639013113 0.06531708279171564
0 0.2760529456964106 0.4465129411542718 0.03707366510280767 0.06151024431795715
0 0.31893421438584396 0.46688394237208775 0.06719820767745457 0.06827844155801373
0 0.38260931227248657 0.31480719927194667 0.066291271539425 0.07762616801906326
0 0.5548995755140383 0.2953735864484589 0.05124542574646931 0.06331820616851021
0 0.453515936061155 0.7359594504897625 0.03921531930985189 0.04750229139585791
0 0.881855559422495 0.25055636972993717 0.06930701089576345 0.07611821509696393
0 0.6550523948238904 0.3405576270335378 0.08366444183801285 0.1028989034085667
0 0.48430857006615674 0.25905998539279873 0.07007183540139543 0.08705571509696401
0 0.34985606847667283 0.5735060892878326 0.04077781930985207 0.0475295649348082
0 0.37382880003934094 0.6254952832814782 0.05157320767745457 0.06800570616851012
0 0.46836540387806824 0.6574798944834083 0.038778276735205175 0.04125229139585791
0 0.5251892042463854 0.6087736132338201 0.06207366510280767 0.061946620941162676
0 0.5137268163829859 0.7356906692401746 0.05037134059717552 0.05081820616851011
0 0.6242990575809095 0.4936241258157218 0.06538433540139543 0.08697389448011297
0 0.6902682650062626 0.4862150004103324 0.057386165102807675 0.06186480032431163
0 0.7897383872823218 0.46570585714803536 0.06451025025210164 0.0744738944801128
0 0.8012436058555397 0.6078660836090851 0.06072968639013112 0.06504434740221221
0 0.5724252011442922 0.4788855158316078 0.047792643815484225 0.058576159090609536
0 0.6897544487985037 0.5683553445661337 0.06185514381548422 0.05882162094116268
0 0.4786905347041023 0.8051361444834082 0.0428866225281606 0.05536933847375849