0 0.6033169393023663 0.34714618051276425 0.017423849336070062 0.041927390871793334
0 0.5784623850476401 0.3702517937901558 0.03461134933607006 0.04322978174358649
0 0.6074368127407372 0.3841609284381718 0.022074987899751618 0.036032588382282335
0 0.658132225210328 0.5074809518833885 0.033048849336070066 0.043111382573423465
0 0.6208776649054777 0.546826871799476 0.02678066861791084 0.03951278589277134
0 0.6179299269075302 0.5770588234591499 0.028452252926866352 0.05838118506293437
0 0.5883696919346448 0.5966842392260524 0.03311248184962743 0.05404888257342364
0 0.5531225383438487 0.5783952578973844 0.022029536104353653 0.028220088382282425
0 0.547835595525441 0.6092308608018138 0.023673849336070064 0.04240098755244546
0 0.5604719509116353 0.6336155541631181 0.026717036104353477 0.02857528589277152
0 0.5917628575274936 0.6430147875663785 0.01428975897699054 0.04012809253146728
0 0.6096225232185382 0.6256263780232534 0.018931807181592396 0.03267079004195637
0 0.5422491917382531 0.7228197641211618 0.031404536104353474 0.028930483403260432
0 0.5236628182016863 0.7495239740792055 0.01729658430895533 0.020052390871793335
0 0.5843457881474569 0.7103915417155633 0.012627265027114731 0.022822193361304245
0 0.6107764779408026 0.6897480776083349 0.03779089149054791 0.05284158008391273
0 0.46882830981387097 0.31743260187874417 0.029978391490547728 0.052249584233097404
0 0.4358885447867563 0.29307121930532065 0.022111349336070063 0.04228258838228234
0 0.4395720809893057 0.25508596723072824 0.026835210772388506 0.04888778589277143
0 0.5579908037637468 0.34136885457803656 0.03477497579950324 0.07135478174358649
0 0.6311379331540461 0.4312494159906171 0.031586343285945874 0.06018048340326061
0 0.5257793092246958 0.71063907283445 0.02989657825883114 0.03818708423309758