0 0.15878711091863185 0.4231476156156064 0.0320382262518895 0.06882559471009327
0 0.13530337926389616 0.34182202090551306 0.04740562101845254 0.03857665258848364
0 0.217949279292131 0.3764238050357929 0.05189569994353027 0.062196163111827296
0 0.17700503185237978 0.2987846524473093 0.047678636803468066 0.04326415258848364
0 0.11437071103157133 0.539713489335482 0.05153167889684287 0.0559461631118273
0 0.15737725838661795 0.5281081314006218 0.04317314732681177 0.046116136803468065
0 0.13792233212061103 0.5794963261530676 0.0547476841585147 0.057690673635170955
0 0.13179415848544 0.6308768156297238 0.0641226841585147 0.0582367052052021
0 0.19733512947565765 0.5688465234657618 0.06045165258848364 0.04867969468185827
0 0.23912081107392363 0.5916616681617377 0.050985647326811726 0.04657116311182748
0 0.20000583219119822 0.657582799774121 0.0394867052052021 0.0630306210184525
0 0.23281062691540894 0.6461671576383939 0.036741136803468064 0.042627115756780756
0 0.26799769801856604 0.7015217865493543 0.04381018415851479 0.05705363680346807
0 0.3088425058969564 0.6866549207219864 0.043355157850155465 0.04924113680346807
0 0.3653655216819719 0.6852436101421729 0.055582142065139895 0.04528167889684287
0 0.37399009278512907 0.7390511496047119 0.05907116311182729 0.051713689420186525
0 0.32284482173844165 0.7423434786003767 0.03904708944842143 0.028746626280124234
0 0.2952812638600513 0.7579838891519554 0.05696263154179624 0.042247684158514785
0 0.3318334138882862 0.7899010180629157 0.05632559471009326 0.03131018415851479
0 0.3139787849773259 0.827272215446197 0.05107665258848364 0.04813366311182747
0 0.37369541922054517 0.8652419232822351 0.05200211575678067 0.03728716837349921
0 0.384064500847046 0.9160154680064458 0.03178062101845249 0.03766659997176518
0 0.40352015613695275 0.9453690390390157 0.01377407366340595 0.022603042093374624
0 0.3284816297580063 0.8743670233245876 0.05145608418674961 0.027912168373499212
0 0.2996362929404208 0.89855568124533 0.036468121018452496 0.0379396157567804
0 0.24233973243119458 0.9132482418251435 0.03793961575678075 0.036468121018452496
0 0.18428430872543639 0.8871337918816133 0.053928636803468065 0.04362817363517095
0 0.16963725077645886 0.829055981372387 0.048877115756780665 0.037105157850155376
0 0.6278115847514469 0.6072452256871921 0.03554265785015538 0.048786110495108836
0 0.6837052689805488 0.6300981677382146 0.05621917889684287 0.05621917889684287