0 0.31328125 0.46875 0.021875 0.05703125
0 0.3421875 0.46953125 0.03203125 0.084375
0 0.3796875 0.41171875 0.0234375 0.0640625
0 0.35703125 0.20859375 0.01875 0.04296875
0 0.2515625 0.35 0.03671875 0.078125
0 0.29453125 0.3453125 0.02578125 0.06875
0 0.36484375 0.61640625 0.02734375 0.06953125
0 0.4078125 0.6203125 0.02890625 0.071875
0 0.4625 0.64765625 0.03359375 0.084375
0 0.528125 0.6265625 0.03828125 0.06015625
0 0.58515625 0.61796875 0.021875 0.071875
0 0.55234375 0.68359375 0.02734375 0.07109375
0 0.515625 0.7234375 0.03671875 0.0484375
0 0.48125 0.809375 0.03671875 0.0359375
0 0.45390625 0.8296875 0.03203125 0.0515625
0 0.44375 0.7609375 0.0359375 0.05078125
0 0.39375 0.68828125 0.03046875 0.0453125
0 0.39765625 0.79921875 0.02578125 0.05078125
0 0.2890625 0.60625 0.0203125 0.06015625
0 0.30546875 0.7015625 0.04453125 0.09609375
0 0.33515625 0.621875 0.01796875 0.075
0 0.4921875 0.56640625 0.03359375 0.05390625