0 0.39773728553728144 0.30470010101513567 0.032167643815484225 0.05961483189368781
0 0.3275283283640299 0.37953131785714367 0.043323665102807676 0.06344073874123302
0 0.31067396413374243 0.41656094848652714 0.03507412252816078 0.056690090992986344
0 0.3838872250295057 0.4959165838962726 0.051136165102807676 0.06394138648947952
0 0.41882994360272363 0.6397061566906617 0.042995883171822416 0.0587532387412331
0 0.3137982361773705 0.6391974120893325 0.03474634059717552 0.05200259099298634
0 0.44953291242804305 0.856332452187155 0.04444912252816078 0.05729086829088246
0 0.49567593891114664 0.8266239682262839 0.02863845222957302 0.03138970234403828
0 0.5534555879224109 0.8521036320136595 0.046590776735205175 0.04342862739018116
0 0.5611481196012946 0.784154668410854 0.026933840597175518 0.05150194324473993
0 0.5785270077167957 0.7323814173311198 0.0377620799535137 0.05064035009228505
0 0.5329024233238063 0.9363389296696211 0.042088947033792935 0.06802810919158375
0 0.5633547478294385 0.9491788911129581 0.03819912252816078 0.05689035009228505
0 0.5986531094618359 0.9312194355297173 0.043465776735205 0.04322836829088246
0 0.39701638367602554 0.22765673966408367 0.0554958831718225 0.05955427513842757
0 0.4339318756302539 0.21057866363049205 0.04340007475773362 0.08677810919158366
0 0.3088065534704102 0.1006751326319683 0.039106058666190345 0.0476154796419344
0 0.34007261498659214 0.20300839065153276 0.03572968639013112 0.06606509099298644
0 0.4839429472858944 0.16945181831856898 0.03474634059717552 0.05200259099298643
0 0.3353354745253026 0.3465884099298642 0.028856973516896468 0.03451470234403846
0 0.39587839868228814 0.7230100100221494 0.032419016091543365 0.040964961443336986