0 0.5464793894016332 0.5409291827069603 0.03962612133990877 0.05116901609154354
0 0.3356958833943154 0.472327376134457 0.03782726400381797 0.030747255447881726
0 0.35020163669636223 0.24306049321473605 0.0708215773392725 0.048666728964778104
0 0.4208805000795418 0.6148915705703597 0.041134077339272504 0.046590776735204995
0 0.3922833327498143 0.6394327486626177 0.056722714672181596 0.04455838317182241
0 0.5046742447485417 0.6379245150062627 0.047274989337999784 0.03765281930985189
0 0.6007498134149962 0.6430815445914593 0.056759077339272504 0.04768338317182241
0 0.5703361547580867 0.7127713317182246 0.053761346674090583 0.05840236188449897
0 0.5983526140992682 0.7724958929823049 0.0598477146721816 0.04477690445914586
0 0.598752603437268 0.806870892982305 0.05039998933799979 0.03787134059717552
0 0.661216240770177 0.8081163187287743 0.039535214672181594 0.04335651609154354