0 0.029005166944393073 0.38581282460084865 0.058010333888786146 0.06899935079830274
0 0.024650802714105583 0.30797432608372344 0.049301605428211166 0.06530134783255317
0 0.09519325963525554 0.28747614228161505 0.08983803218308675 0.08156301779449712
0 0.4770873878633995 0.10676206418354424 0.08627598960843982 0.07518568380210837
0 0.5033060444162324 0.21086197376536484 0.09819683540139543 0.08969385277546911
0 0.6043661638423 0.2807513680241462 0.0778079257464693 0.06549234882113639
0 0.6575022354979405 0.3229906061611481 0.09063570767745457 0.0706891847906915
0 0.37877630195780093 0.3429170814837498 0.12668246832111638 0.07371602570316256
0 0.5004274268317502 0.37457430528629565 0.06854218639013113 0.06667284684397004
0 0.37083847979795725 0.44529266498184705 0.10132183540139543 0.08982118676785796
0 0.11633129625781775 0.46423230186343567 0.08583894703379288 0.06893568380210838
0 0.3032742853620545 0.5314012613315254 0.09833894703379284 0.0694450197716634
0 0.48990555405148795 0.50276297228249 0.08227690445914604 0.06255834980971961
0 0.41213583313248153 0.5565684046017237 0.09899451089576328 0.07882001977166339
0 0.5589562028106506 0.551364956959451 0.09576025025210164 0.07713018577927463
0 0.788763671131767 0.47344690950745855 0.08394866510280749 0.06418451680591382
0 0.7161952664205196 0.6088379228533313 0.12657320767745456 0.07215352570316255
0 0.07385671408456625 0.8243713058177683 0.1477134281691325 0.10273236364988421
0 0.6286934465295898 0.05540119954507705 0.09979218639013113 0.06794618676785788
0 0.6129102733810103 0.1362837850203406 0.0788241225281606 0.057743515817330816
0 0.32789577103522194 0.05675142981059461 0.06744957995351379 0.051047846843970054
0 0.23349628896835073 0.2592490301146058 0.09307229282674853 0.08325285178688588
0 0.4081356560486298 0.23499449353702834 0.08373014381548423 0.061059516805913996
0 0.5095071319113147 0.2892907212939069 0.09008940445914586 0.0628766847906915
0 0.6179812775683844 0.4648252790888415 0.09099634059717551 0.05356535178688589
0 0.6515478943965618 0.5195472711801761 0.06840007475773362 0.08692167984777566
0 0.1645395672930397 0.5323801239928263 0.09990144703379285 0.06950868676785796
0 0.2585023707634499 0.44753293870784316 0.09521394703379285 0.06931768577927463
0 0.11464919191488736 0.6442553828900749 0.10317926634364491 0.11638368676785796
0 0.047012485750042035 0.5974387326997944 0.09402497150008407 0.09632585475263547
0 0.2853276786733356 0.6209412638029834 0.12007183540139543 0.09058519072219048
0 0.40033531963882824 0.6139179895826956 0.07057457995351371 0.05117518083635879
0 0.4181894551564391 0.6482465686321686 0.12061813861970413 0.09839769072219048
0 0.36343661715715364 0.7182526625103891 0.11549359604505724 0.09195668973360735
0 0.5121579764437627 0.6413015488605052 0.07791718639013112 0.0670548488211363
0 0.5911245745825067 0.715207281066008 0.09521394703379293 0.06931768577927463
0 0.35596868856069264 0.8361895790122919 0.13893109604505724 0.09291169467652338
0 0.6900576454049681 0.22506510072394068 0.07035605866619025 0.04805018083635879
0 0.6979847598873571 0.18968601623726028 0.08765281930985207 0.05031301779449713
0 0.05291256050777573 0.19026290266173834 0.06734031930985204 0.04948534684397003
0 0.0949854460253867 0.2236046432701982 0.09510468639013114 0.06775518577927464
0 0.6870808388324647 0.43474384825248275 0.06062042574646931 0.06479201186299796
0 0.288625821403539 0.1058720207230656 0.07471577673520509 0.043553681824942014
0 0.1379656316592132 0.37765813190149167 0.06196440445914595 0.06173067885919252
0 0.22140084453244788 0.3430974480993833 0.0939792289647781 0.07394151878308027
0 0.008665533772570615 0.4950750780608898 0.01733106754514123 0.059849843878220454
0 0.35333354156624075 0.27228358790954044 0.06577781930985208 0.04942167984777566
0 0.4212969377275135 0.3030123230807928 0.06744957995351371 0.051047846843970034
0 0.44666256050777575 0.1742188196207517 0.07849634059717552 0.05305601581733077
0 0.4173899597711415 0.08037066053322271 0.062434298022528624 0.04616934585538688
0 0.7025305122331457 0.2806465972638995 0.07758940445914604 0.06236734882113639
0 0.49989864104236725 0.7274937168452826 0.062434298022528624 0.0461693458553869
0 0.4444791675254708 0.7624708947158918 0.07915190445914604 0.06243101581733086
0 0.7502099974789845 0.7017138309522771 0.06152736188449896 0.05548067885919252
0 0.2685065294099697 0.716667599278247 0.06766810124083725 0.054172846843970036
0 0.020256284693363318 0.7313335716350992 0.040512569386726635 0.05905134783255335
0 0.23650277655997815 0.773282355209746 0.10804172896477811 0.07451452174882985
0 0.1842225446683339 0.15063537547570105 0.09521394703379289 0.06931768577927473
0 0.12451087495082383 0.781740795437645 0.1293704257464694 0.06759335969555132
0 0.4908189359628026 0.8127773008376714 0.12283620248167448 0.10783635771838504