0 0.8001283640197263 0.11277866494466596 0.04091590133672725 0.026655341901054185
0 0.7967130100254535 0.15512533243515195 0.04264203333863605 0.04078150889724856
0 0.8143855994191324 0.5991472464655968 0.03800907733927232 0.04527800790866543
0 0.7906668360916322 0.6431028349066098 0.036464758672817864 0.04677684091247088
0 0.9195639954248594 0.6370690577205725 0.07725339067472703 0.062494682813525236
0 0.6981900767822674 0.8235171881763705 0.047620434675363296 0.0659725098858317
0 0.8085008681174036 0.8323099149446659 0.06767839600572714 0.044925180836359144
0 0.826714518777813 0.7854521609903332 0.05995680267345449 0.0524193458553869
0 0.7736253341024499 0.7235225053628455 0.048910214672181596 0.04259867688202625
0 0.756802555458267 0.889911509317178 0.06520792401336309 0.10104784684397003
0 0.7056218634627214 0.924825020191593 0.06642497867599957 0.07142401384016459
0 0.6678673247930851 0.9044780281002585 0.04722044533736351 0.031597509885831696
0 0.646900296785449 0.8490556990507855 0.05837612133990877 0.050793178859192524
0 0.5877525634547671 0.8710062949061722 0.07716248400699968 0.05468218281352506
0 0.597591187460176 0.910468042929006 0.02387385200509069 0.03845500494291585
0 0.5700298088000848 0.9600515488605051 0.048837489337999786 0.0363486768820259
0 0.903503738104677 0.7346443946787109 0.041134077339272324 0.045405341901054184
0 0.8374696580999045 0.7021621585188753 0.07252952800763594 0.059178681824941924
0 0.6442560074394951 0.7561506160469799 0.039462489337999784 0.03596667490485981
0 0.7585275927752677 0.7694716753247893 0.0660613520050907 0.04017401384016441
0 0.5814367394175416 0.5969148788985612 0.03508407200827239 0.062338173916276676
0 0.7523924873885883 0.37656659232098366 0.06159202800763595 0.05873301285158128
0 0.49652265336568036 0.21816247920257226 0.0786704400063634 0.05005834980971961
0 0.448067519374589 0.2857929895826956 0.08513861600890867 0.06906301779449713
0 0.7467124626829993 0.08994334281527525 0.04107953333863605 0.04071784190105419
0 0.682295426678863 0.06208493965924531 0.08817270934118149 0.06137785178688593
0 0.766253350692226 0.15714808886094256 0.045767033338636055 0.040908842889637365
0 0.729797682686181 0.11408117977341356 0.039462489337999784 0.03596667490485976
0 0.5875829106858628 0.1175311264271032 0.04567612667090888 0.033096342889637365
0 0.6452408693507264 0.10189419756791071 0.05826703333863605 0.04141817885919248
0 0.5667249706794995 0.07148379737763029 0.03315794533736351 0.031024506920082205
0 0.7701425140435889 0.289865088366651 0.055232940006363404 0.04910334486680368
0 0.8004572700509067 0.3425616654389575 0.07093066534054522 0.05599001482874755
0 0.4043351533656804 0.22191883197804135 0.03633748933799978 0.035839340912471054
0 0.9373118327100436 0.2814902197738511 0.07431020401018103 0.0779923488211364
0 0.909622090030226 0.18569755870915575 0.06624316534054486 0.05579901384016441
0 0.8479969834102237 0.5321215725493202 0.0520352146721816 0.04272601087441501
0 0.8505049127545868 0.6133079055531259 0.06615225867281786 0.04798651384016459
0 0.6559191187539506 0.6165469465793276 0.08682838534372692 0.08006418479069169
0 0.38292016012885777 0.9340660049057348 0.05688634667409058 0.05697951186299797
0 0.889869046785449 0.8391554811425574 0.05859429734245438 0.06954317885919252
0 0.957573620106586 0.7465103833100043 0.044768154678545 0.08928267589344294
0 0.7365060474219959 0.6234243462753163 0.07892497867599957 0.07193334980971962
0 0.7145588694302683 0.6852850177201351 0.09941929201145391 0.08838602076024671
0 0.5902855754296319 0.6856590439175891 0.15109088001272664 0.09986203163466154
0 0.5755787327736769 0.7652019638795331 0.11206474267981754 0.10139535672980174
0 0.7997520294398133 0.7521594999256379 0.06309998400699968 0.054109179847775656
0 0.48971505279276695 0.909392315666419 0.06944089067472703 0.062176347832553346
0 0.520417423416587 0.5923666417501424 0.06508065467854482 0.09011034684397004
0 0.3855071687619047 0.6861869204190544 0.052144302673454226 0.05210101087441501
0 0.45370537480103923 0.9718259900769872 0.0533613573360908 0.02247717787060921
0 0.6162781001352211 0.9714546224727705 0.04384090666772718 0.009595175893442942
0 0.6417048141310848 0.939935367035563 0.07409202800763595 0.059242348821136305