0 0.9775760483632826 0.4190114412329298 0.04364235141192587 0.05270349784053163
0 0.5135493376218723 0.20290466841085403 0.11117684389007838 0.12253393892580319
0 0.6819907637235466 0.3907119563492081 0.06946070533113406 0.08243057063492083
0 0.058224306280841444 0.44665375693983034 0.09371655925034232 0.11205751387966068
0 0.046540311691117775 0.5542962762181618 0.064074523356965 0.1117175524363235
0 0.4053874966347877 0.21078941471022622 0.09013691818411544 0.09623225478036197
0 0.2595006836235217 0.12813999614248867 0.0883016335443795 0.08675712523071266
0 0.44889477038746406 0.4732486443521606 0.09826766693047428 0.10767040252860856
0 0.4623241552519918 0.07719446714654973 0.10030152837152997 0.07037066162790724
0 0.23245479882550102 0.056225423348099525 0.06180131802583091 0.03359255243632353
0 0.12048965940862688 0.17459708667404975 0.09133570533113407 0.08383238433001132
0 0.32828543903379803 0.24093918722776014 0.11210284639736087 0.10075906847545246
0 0.03104672618081659 0.2094145727943891 0.052364133544379424 0.08445414558877821
0 0.01644100541027634 0.10944485117201923 0.029244882290738183 0.09388970234403846
0 0.05832594319043314 0.34294776603912897 0.09992109514371963 0.1108955320782579
0 0.10977243441494453 0.4226643468530826 0.08719377461060622 0.10228199568106326
0 0.1805108317493775 0.3882078061369513 0.1018473079967011 0.12349566162790726
0 0.27173522532288674 0.3878153847914366 0.10295516693047428 0.10797079117755652
0 0.4388090650563301 0.394622996603914 0.05775031551854859 0.05516716378737554
0 0.22158812430667235 0.4867547301033596 0.08614810015828453 0.06634449568106326
0 0.13040214931299002 0.7296653184754525 0.10121081050398355 0.10162066162790725
0 0.09826794774277967 0.6168754218069401 0.09344377461060623 0.10268251387966068
0 0.23515418230337345 0.6045930721760804 0.12611988229073817 0.10009773442229637
0 0.3629214811288745 0.6541098156976753 0.11108591567683304 0.1194089389258032
0 0.26243339931299003 0.73812626542082 0.0644094924781526 0.06963018198597286
0 0.3245756981384911 0.7834375678571437 0.08830163354437941 0.08675712523071262
0 0.3991976134196127 0.7484501010151356 0.1150459899708701 0.09470932757475108
0 0.46476042893816116 0.8041179125507579 0.09188127461060631 0.10258238433001132
0 0.49783369022093227 0.7079833921926924 0.12611988229073817 0.10009773442229637
0 0.546246109658689 0.7906247139073472 0.07731866943775678 0.08449371838316733
0 0.7613292035487674 0.9198172678848302 0.10102895407749272 0.09537066162790708
0 0.8484822110706147 0.8598996522148414 0.09344377461060631 0.10268251387966032
0 0.9138631701626725 0.9093174637504639 0.062346887305303154 0.05234255243632333
0 0.9270595036279097 0.9608496853728337 0.07351170783841639 0.0608559592838688
0 0.8638691818411551 0.9597828732235152 0.09124477711788899 0.08043425355296954
0 0.7519024469513569 0.3546428508582522 0.06210284639736088 0.09755492288667425
0 0.6284960391920826 0.32100143121078045 0.0883016335443795 0.08675712523071262
0 0.5506534986798517 0.5133007503045418 0.07851745658477541 0.07209384793281685
0 0.54540868685572 0.895843140033224 0.09215405925034226 0.11195738433001132
0 0.5933444862099465 0.15811140499261872 0.12000627461060631 0.10438471622369909
0 0.47745036473976094 0.2754514944444456 0.07231292069139794 0.07325582973421944
0 0.6256043714036785 0.38241979256183256 0.05940374373179384 0.05839229333702489
0 0.13496368487716293 0.10924219694536763 0.07833560015828459 0.06584384793281672
0 0.16484976167848248 0.06436978793835406 0.06836956677218975 0.044930570634920806
0 0.7946151326864497 0.29499654302325784 0.07833560015828453 0.06584384793281668
0 0.6202291789381611 0.8140808027408653 0.06726170783841638 0.060455441085271386
0 0.6658586130239013 0.613478827879293 0.07410274122451135 0.0811684592838688
0 0.5922990925699302 0.6313789242709502 0.09529577962517113 0.05913277297895938
0 0.6078044206248909 0.5746678493170927 0.06431856426490726 0.06650518198597286
0 0.3879690129321237 0.06775081353820697 0.05462531551854841 0.054966904688076926
0 0.5130050830030187 0.3985979002122567 0.06744356426490725 0.06670544108527157
0 0.542936623910961 0.3552879912052432 0.06560827962517131 0.05723031153562221
0 0.4588116764973858 0.3584747455241798 0.06529003087881229 0.046292811535622216
0 0.2639480866974354 0.8169824506459953 0.04484113855894432 0.04030362739018116
0 0.25533996483153854 0.7891380528977489 0.062346887305303154 0.052342552436323506
0 0.042782477367950815 0.6663456932447398 0.021767351411925796 0.05130168414544123
0 0.6896945812871591 0.735874262024734 0.09731292069139794 0.07485790252860855
0 0.21896924115800437 0.5575480914544118 0.06726170783841648 0.060455441085271386
0 0.9844541856685858 0.8974868946567025 0.03109162866282844 0.051942034237726274
0 0.3226588793212373 0.44956321560539025 0.07824467194503919 0.06271884793281686
0 0.3345344051854847 0.5361014929032862 0.08513116943775678 0.08499436613141391