0 0.48924540802036276 0.14432742393382123 0.044204533338636054 0.039571577339272454
0 0.5216488280155902 0.10878936592936687 0.052471566677272284 0.07872498400699968
0 0.5345113600015908 0.008764283298865222 0.0533977200031817 0.017528566597730444
0 0.5879636240054088 0.033007568586912756 0.041243165340545215 0.053597714672181565
0 0.6213488360120903 0.08184451058245841 0.07854317067154533 0.03684656667727224
0 0.5991016660168629 0.11726438991886737 0.052017033338636054 0.039662484006999676
0 0.5960408480267261 0.189966093252731 0.04900112133990877 0.04900112133990877
0 0.5372289220241807 0.17189789326068516 0.0504727146721816 0.041206802673454224
0 0.675401084022908 0.1609138452419133 0.059974984006999674 0.052253390674726896
0 0.23649312535804431 0.17930404996818328 0.08045111600890867 0.06655224801081774
0 0.23155163403086224 0.22468018463559236 0.03949885200509069 0.037954533338636055
0 0.19438798870145296 0.254022786640683 0.0726022533418178 0.06333634134309048
0 0.13600277669477143 0.2054767459818645 0.05059998400699968 0.052144302673454226
0 0.09917493869349878 0.19652900732018241 0.0661886213399088 0.04920111600890866
0 0.14842150803627105 0.2654966359802736 0.04589430267345422 0.05052725867281786
0 0.093506741366953 0.2466017326543642 0.061464758672817886 0.04602157200827239
0 0.09097263470717995 0.2974193453214551 0.07118520401018133 0.07581816000954503
0 0.11986979404040723 0.29630174065086434 0.053615896005727005 0.04280566534054504
0 0.3943538154041786 0.5173569386139569 0.03791817067154515 0.03637385200509069
0 0.3428645880808145 0.5914035132877293 0.05674089600572696 0.042842028007635945
0 0.30218504408017816 0.587188727959911 0.05512385200509069 0.038136346674090583
0 0.2622049340785873 0.5759336019653197 0.056795440006363315 0.04752952800763595
0 0.18733220341340542 0.5877438059755011 0.06464430267345422 0.0507454346753633
0 0.22582253874917804 0.6052671133036378 0.048982940006363405 0.04743862133990877
0 0.3316934674569943 0.9072012359564111 0.05054544000636341 0.04745680267345413
0 0.11106115209258664 0.6808312819860006 0.03786362667090888 0.03168635200509069
0 0.21142423142104141 0.6437210859723195 0.03793635200509069 0.03793635200509069
0 0.14326348273390602 0.49371254264800085 0.049092028007636034 0.05681362133990877
0 0.0997952934038604 0.5184403699872734 0.04909202800763599 0.05681362133990895
0 0.048940770727224484 0.4455846726607275 0.056668170671545226 0.036592028007635946
0 0.05311974073040615 0.4689767193268639 0.03490225867281791 0.04571248933799978
0 0.0673100574076784 0.5469471779917277 0.07854317067154523 0.03684656667727211
0 0.10137652207985996 0.5871812793205006 0.059756808004454334 0.03350339067472685
0 0.05005947008272347 0.6088750133275003 0.06642497867599957 0.06951361600890867
0 0.13568679272754264 0.4469193586489554 0.058303396005727 0.04286020934118149