0 0.2937370779360484 0.45715741273922833 0.026907945337363515 0.030924668320799497
0 0.29018481659773043 0.4940217119534401 0.01775112133990877 0.04923802067816432
0 0.3327995779360484 0.4553380475615819 0.026907945337363515 0.030924668320799497
0 0.360806399268003 0.4641843546336764 0.022293170671545237 0.03695634449948208
0 0.382517767266094 0.47722801013419447 0.02538180800445433 0.03397689371369381
0 0.3814456159293669 0.5022643974377473 0.01280908267027261 0.027144696856846905
0 0.372651871260367 0.5198521577768296 0.020730670671545236 0.03688356989237622
0 0.3620138159214127 0.5617314427230177 0.01293635200509069 0.038082196856846905
0 0.36543826058245843 0.602955756205253 0.03940794533736351 0.031506865177646406
0 0.3950984885821402 0.6039167886702417 0.023910214672181594 0.04171661910658777
0 0.4165553179105951 0.6388354441707597 0.020694308004454244 0.03375856989237604
0 0.30656324725495815 0.5627524412752756 0.014444308004454332 0.03346747146395259
0 0.3403206292568671 0.5471252872224996 0.02069430800445433 0.03375856989237604
0 0.33922120591982186 0.5745054245260526 0.028724984006999677 0.052872442927905536
0 0.34096606659773043 0.4916565372224996 0.014280676002545345 0.01940497146395259
0 0.3258768685948669 0.5134416459900053 0.02850680800445433 0.03412244292790536
0 0.41108602056814086 0.7062412679920772 0.012772720003181703 0.024019696856846906
0 0.34257292524668576 0.6219797380082879 0.01593408267027261 0.027290246071058632
0 0.38582293857418604 0.6629107990093239 0.023910214672181594 0.04171661910658777
0 0.2951808519255489 0.5343920008285694 0.017460220003181703 0.02423802067816432
0 0.3571723219287305 0.5080799038478881 0.017514764003817972 0.02892552067816432