0 0.9484375 0.4453975392973269 0.075 0.05524451089576328
0 0.94375 0.5027565712283121 0.06875 0.07199496832111638
0 0.96328125 0.5974845631825404 0.0328125 0.05541947351689647
0 0.82109375 0.5675835317557583 0.071875 0.07065098960843982
0 0.86640625 0.6441024730895679 0.0765625 0.07254127153942491
0 0.83203125 0.7269749572501262 0.0421875 0.05763753737886681
0 0.78359375 0.6803620372036399 0.0578125 0.07279264381548423
0 0.7328125 0.7323505081226462 0.034375 0.0524037341605581
0 0.7 0.7244887316395427 0.0515625 0.06454310124083733
0 0.63828125 0.7983357770641812 0.0453125 0.03441855866619026
0 0.58984375 0.8860978570176951 0.0515625 0.05516810124083733
0 0.65703125 0.8829621493402404 0.0625 0.06062042574646931
0 0.40390625 0.9272248736134415 0.0703125 0.06585422896477802