0 0.56931800670824 0.37421875 0.06559028366526398 0.04375
0 0.2880903432760616 0.48671875 0.06871528366526398 0.04375
0 0.4872049111547437 0.371875 0.06698909255827132 0.0390625
0 0.45927831859647233 0.3328125 0.05341766587924894 0.053125
0 0.42081353012188494 0.2828125 0.04376984736759475 0.0453125
0 0.3452852512659444 0.2453125 0.05999504809323426 0.0625
0 0.3996701617028979 0.16953125 0.06306548439090331 0.0609375
0 0.32497026206571755 0.178125 0.05330853847458741 0.05
0 0.2580977313956785 0.09765625 0.0641369110699257 0.046875
0 0.15290428910755954 0.17265625 0.07545635698624169 0.0578125
0 0.24345736723786068 0.19296875 0.06246528366526398 0.04375
0 0.27359130054030495 0.228125 0.05777778366526398 0.04375
0 0.08854417794496666 0.23125 0.0686607199629331 0.0421875
0 0.13716521641955404 0.28125 0.06457342068857255 0.059375
0 0.43282000071779014 0.44765625 0.07033234736759475 0.0453125
0 0.45099957104354294 0.4984375 0.06112103847458741 0.05
0 0.5313567044386545 0.428125 0.07534722958157988 0.0546875
0 0.5242634562527531 0.47109375 0.08105159255827132 0.0390625
0 0.5315501665970392 0.50078125 0.05934028366526398 0.04375
0 0.6866890451828274 0.42421875 0.08343254809323426 0.0625
0 0.6452505680483182 0.53515625 0.0754563569862416 0.0578125
0 0.5413096017135821 0.57890625 0.0708779843909035 0.0609375
0 0.49844005543444636 0.559375 0.06591766587924912 0.053125
0 0.5286111942718534 0.61796875 0.09593254809323426 0.0625
0 0.4583731053417791 0.66484375 0.09823909255827132 0.0390625
0 0.3924355920949353 0.56640625 0.07076885698624161 0.0578125
0 0.387128044001701 0.50390625 0.06887897477225646 0.0484375
0 0.27700899953666386 0.52734375 0.0403174651536097 0.0359375
0 0.3378200139646341 0.54609375 0.057886911069925696 0.046875
0 0.2703249791182438 0.58203125 0.08623016587924912 0.053125
0 0.2523215127835078 0.62578125 0.06898810217691827 0.0515625
0 0.2990427453603126 0.64375 0.057886911069925696 0.046875
0 0.3523661528020412 0.6046875 0.06101191106992569 0.046875
0 0.3619147675928312 0.63203125 0.07033234736759483 0.0453125
0 0.3846355049789595 0.65625 0.05901290145127884 0.034375
0 0.31522330606741855 0.68203125 0.06898810217691817 0.0515625
0 0.3532788667745245 0.7203125 0.07512897477225655 0.0484375
0 0.42438254045832197 0.74296875 0.08321429328391083 0.05625
0 0.35690486377929964 0.75703125 0.08790179328391083 0.05625
0 0.355334929295729 0.8015625 0.09404266587924912 0.053125
0 0.28316726341647996 0.7484375 0.06876984736759484 0.0453125
0 0.2762104244864056 0.7953125 0.08176092068857255 0.059375
0 0.4897694382814037 0.69140625 0.08176092068857255 0.059375
0 0.36575155180624935 0.4734375 0.05109127404661713 0.03125
0 0.21936019064365642 0.53203125 0.04867560217691826 0.0515625
0 0.21298124898850967 0.7296875 0.0434424651536097 0.0359375
0 0.2672223156860654 0.69453125 0.035684528855940555 0.0375
0 0.18652044190960076 0.77734375 0.03708333774894799 0.0328125
0 0.2232391919096008 0.77734375 0.0402083377489479 0.0328125
0 0.6446999857416658 0.63125 0.04500496515360961 0.0359375
0 0.5233557537978332 0.7359375 0.04166171034428636 0.0296875
0 0.44459085833700407 0.628125 0.04818452885594056 0.0375
0 0.1837327478073833 0.809375 0.0450049651536097 0.0359375
0 0.6730010566155727 0.4796875 0.04662202885594056 0.0375
0 0.26038701704467704 0.834375 0.04823909255827141 0.0390625
0 0.4117138709508758 0.60390625 0.045004965153609786 0.0359375