0 0.7958606951997078 0.6334814872696535 0.04182793507002245 0.06028418977951393
0 0.761447153843379 0.5983427678548617 0.051421258891340214 0.06518989532659739
0 0.740079422040344 0.5752137391695145 0.04629711124870504 0.055705792553055564
0 0.7031187694353103 0.4853875197547228 0.021476893713693813 0.025472778685347208
0 0.657641449542934 0.464038543406077 0.03892125889134022 0.06489895459715278
0 0.6351500194353102 0.48380552953836864 0.0561815334984459 0.06686149810013901
0 0.46689028680370565 0.758493138961424 0.043681533498445904 0.06657055737069442
0 0.5434163995001529 0.7594939009292713 0.04488016046291676 0.05879442496187508
0 0.6415264137681763 0.7547538091736463 0.051857906533975394 0.07456489532659738
0 0.6365627779123655 0.6984492577868755 0.026892139784752266 0.041206881458888844
0 0.6005867365560367 0.6632741707809032 0.05327485731976367 0.07147626291777769
0 0.6234613103773542 0.6684890008530213 0.036703787427387446 0.05080008700597229
0 0.6081423713783902 0.6244298763279865 0.04673375889134022 0.06508079255305557
0 0.5991269363083677 0.5649094059632643 0.019225188998963992 0.044150043502986236
0 0.6309377084342741 0.5274100591736464 0.03165241439185813 0.04287848423243048
0 0.6512523624870501 0.561440220267813 0.042119033498446076 0.06653418977951393
0 0.7158799427185085 0.5918193577106255 0.028381865177646404 0.039680749050069505
0 0.7129561499144376 0.6128221887326741 0.023912688998963993 0.04425914627652787
0 0.7484078064484129 0.6870052243518756 0.052983758891340216 0.0652262629177777
0 0.7347412586819432 0.6281569012136117 0.049422111248705033 0.055778527735416715
0 0.6655717276646965 0.6007936609972575 0.041391287427387444 0.05090918977951393
0 0.6946235268789083 0.6045914614340978 0.04110018899896399 0.04465918977951393
0 0.6990220825032607 0.632007946616459 0.046224336641599174 0.05414329255305574
0 0.6862331381276132 0.6590243882958339 0.046442660462916764 0.05883079255305575
0 0.643953592842343 0.6393106471295491 0.053600188998963995 0.04495013050895835
0 0.6621064334128836 0.677192506836945 0.048005160462916766 0.058867160144236055
0 0.7103277636443419 0.7071897845723617 0.03982878742738745 0.050872822188333444
0 0.671192489037236 0.7047180947928477 0.046952082712657627 0.06976829255305575
0 0.6853533806840152 0.5396022410693756 0.055419554176610396 0.08401263050895835
0 0.4271106951997078 0.624898735751042 0.041391287427387444 0.05090918977951393
0 0.5746727458616616 0.5760462745043755 0.03008991439185813 0.04284211664125017
0 0.5549489048768362 0.6887456430454865 0.03499573821317572 0.04763871941479181
0 0.5819694772504118 0.7494655907087852 0.036194365177646404 0.0398625870059723
0 0.7243067187733564 0.5381676808488894 0.030381012820281585 0.04909211664125017
0 0.557508708848559 0.3750831865484726 0.036194365177646404 0.0398625870059723
0 0.6173717063673596 0.33667595640010467 0.03157963978475244 0.04131598423243057
0 0.29910335752465134 0.4736427474345488 0.0385573858558109 0.05708645459715278
0 0.26296034222317044 0.3846159618153474 0.048441808105551855 0.06824216014423623
0 0.28535972704552404 0.3461171594786461 0.04175516046291676 0.05872168977951393
0 0.2241289745643246 0.3048914410137849 0.035359611248705035 0.05545121941479172
0 0.28607670285270287 0.19395524743454884 0.05269266046291676 0.05897626291777782
0 0.34793884801413866 0.1649593848773614 0.04658820967712849 0.06195579255305557
0 0.3604431561196905 0.23236509042444475 0.0401198858558109 0.05712282218833335
0 0.24345040115729183 0.15004094006385435 0.046442660462916764 0.058830792553055566
0 0.24307371960192592 0.22573127108590296 0.05632708271265781 0.06998649810013893
0 0.20513707195929073 0.2154834488975696 0.04488016046291676 0.05879442496187508
0 0.17135923138875014 0.1772379132783682 0.049422111248705033 0.055778527735416715
0 0.20547952026387967 0.17256925028434042 0.04288101282028158 0.049383057370694504
0 0.2010553475998539 0.31215842714607656 0.0401198858558109 0.05712282218833335
0 0.3155074534718755 0.4404672247331252 0.04531680810555194 0.06816942496187509
0 0.574221135646414 0.6166167231176046 0.038193512820281585 0.04927395459715278
0 0.5625643899896401 0.4501195541396532 0.05371150496239885 0.0808512629177777
0 0.7477977227022977 0.5231063785121881 0.04488016046291676 0.05879442496187508
0 0.6075665208830522 0.4277548980794796 0.0643579065339754 0.07485583605604162
0 0.2772624749786094 0.15551034327423632 0.0346318651776464 0.03982621941479172
0 0.5537093509096228 0.05893150968673657 0.03663101282028158 0.04923758700597225
0 0.5952975374273874 0.06380150085302133 0.03157963978475227 0.04131598423243059
0 0.5694242421421171 0.04446961939413242 0.03245293507002245 0.06006598423243059
0 0.5050877603390822 0.020340481951319867 0.04455052067816432 0.01820579255305559
0 0.5911303457378271 0.5272639355985421 0.03648546360606986 0.046112587005972296