0 0.42741567186969887 0.0104450978068649 0.10454365626060227 0.0208901956137298
0 0.5179290552648104 0.06331563376422775 0.09447917549789579 0.07045634215265535
0 0.4496403575343958 0.1207020878572422 0.09220734736759476 0.050061954997525596
0 0.4395188238691318 0.16490246721045584 0.09297123920022692 0.07193695499752559
0 0.3781076087155221 0.2039926226829513 0.0673710384745874 0.05343926051544958
0 0.4129538346689051 0.233359218114967 0.07249504809323426 0.06618492198083885
0 0.5201586994596951 0.20044714156614388 0.10056548439090332 0.06609639077317438
0 0.5213367643431523 0.27836742367831946 0.0897916754978958 0.07021068068726607
0 0.5011408262313847 0.3207563195398765 0.07680060217691817 0.05549308344622812
0 0.47370530699409097 0.3471484011770823 0.09308036660488846 0.07506195499752569
0 0.4531819866683381 0.3989122970386393 0.0832688569862416 0.06207063206674705
0 0.42148555336589383 0.4356653465636695 0.09691469473518968 0.09553822930778502
0 0.6619915022774346 0.4487950310961228 0.09135417549789579 0.07029256784239593
0 0.8029215479235983 0.5443454692466208 0.09464286660488845 0.07514384215265543
0 0.2659449146133047 0.1778981914298583 0.04209821996293313 0.04431656603337357
0 0.3333134638876653 0.19152360018171408 0.09357143992586625 0.0891244549975256
0 0.35776533766412993 0.27290307496694344 0.08666667549789597 0.07004690637700657
0 0.384952831040708 0.32060691259704305 0.09280754809323426 0.06724945499752559
0 0.28929310145912807 0.38020764190482814 0.09426092068857254 0.06420634215265535
0 0.6092831976455966 0.23866643656861827 0.0916815577118811 0.07966756784239584
0 0.687661168789656 0.27199019165700095 0.0926438569862416 0.06256195499752568
0 0.7425371525475872 0.330720060494765 0.09179068511654283 0.08279256784239583
0 0.6481423118034143 0.33176798338011493 0.09615080290255769 0.0736632293077851
0 0.6824156188823232 0.3775408288121307 0.11237600362819702 0.09166960085908257
0 0.8981522354872118 0.29605073213691957 0.10439981252120453 0.08657266508343389
0 0.7236135046396874 0.6046488834255435 0.08990080290255768 0.073335680687266
0 0.7940524902117171 0.6196730178671398 0.0775099303072194 0.07580558344622794
0 0.8897122197932971 0.5600722885593546 0.07071429328391084 0.0598530348257091
0 0.9099503087233713 0.6058008683875381 0.11086806733052797 0.09315021370395282
0 0.39515624337657806 0.03242079573764341 0.08052580290255769 0.06484159147528681
0 0.29746278784161523 0.05693391621508764 0.07356647477225646 0.05220430913596859
0 0.8412722637101802 0.38403208898889596 0.07830853847458741 0.05401247060135779
0 0.592891783495628 0.5740683480340076 0.10865080290255769 0.07431832654882306
0 0.8444666963796521 0.4712045403683769 0.10056548439090349 0.06609639077317446
0 0.5858159265942042 0.30774066316286997 0.07367560217691818 0.055329309135968605
0 0.5593427066312712 0.35123835764494593 0.0974404843909035 0.06593261646291486
0 0.5382837060831169 0.15036857643728146 0.06953373920022692 0.07070864767057934
0 0.5797817253204107 0.12323951040390793 0.06915179328391083 0.05977114767057934
0 0.9697444601746502 0.5683551000701724 0.018933538474587407 0.05090075870642732
0 0.7969568124363866 0.2015371715306129 0.07071429328391084 0.0598530348257091
0 0.7228570804077358 0.42532987562362734 0.08332342068857254 0.06363313206674714
0 0.5568749271423584 0.5112308333346864 0.04684028366526398 0.04612472749876275
0 0.6883952564537859 0.5636044815710927 0.06866071996293321 0.04570864767057934
0 0.5210639127143881 0.5318232943251059 0.05772321996293321 0.04513543758467105
0 0.5761779986492377 0.5390725503179997 0.056106156260602266 0.04349105042954129
0 0.39936750590563175 0.3767783474681806 0.0480208377489479 0.03526911465389251
0 0.37073407441728606 0.37048075983808104 0.04640377404661713 0.033624727498762844
0 0.6692484746874385 0.2409825310961228 0.05950397477225664 0.0514673247398008
0 0.6111210053574776 0.16370738014618313 0.048075401451278664 0.03683161465389255
0 0.44799846806401655 0.3017064263918529 0.05276290145127884 0.03707727611928178
0 0.6226214674310444 0.41498659712949637 0.0750744110699257 0.050723696291098366