0 0.7318605166205907 0.6093408428386877 0.060720600873680655 0.061617422886674156
0 0.6782081865484727 0.5832801881506108 0.03397626291777769 0.05210272054263569
0 0.6819124551658338 0.4743057063492081 0.04800239532659738 0.05144138648947951
0 0.5359420724726738 0.2691502321059445 0.05454333605604163 0.06434190468807692
0 0.5869765891901737 0.2162545720191968 0.06097517401194459 0.07255492288667416
0 0.8216815103523267 0.3795112453672963 0.05806837955902786 0.08172966378737553
0 0.646645795971528 0.40027792103174764 0.0827047036472223 0.06770673658176474
0 0.5944696193941323 0.6052169424695475 0.07183993882958326 0.07013082973421944
0 0.5659101679311116 0.6852956662513857 0.05163654160312507 0.07351664558877821
0 0.651284623478195 0.7001277267072737 0.04680357123840277 0.06696625693983034
0 0.6730693577106256 0.7311669756275395 0.043533100873680654 0.06051599784053163
0 0.6932363873459033 0.7262186597729807 0.05399782218833345 0.04090440468807692
0 0.7366058340592714 0.7797034076135123 0.018133057370694417 0.041726425046142525
0 0.6985427896063549 0.786625233647104 0.03230466014423605 0.04731509099298634
0 0.6755780682917021 0.8054357904023643 0.03059668977951393 0.040964961443336986
0 0.645035929898959 0.7668145789590272 0.043060322188333444 0.04020349784053181
0 0.6114960780753478 0.7334618584163912 0.03223192496187508 0.04419009099298634
0 0.5749052678548617 0.7701212492248077 0.04792966014423605 0.048316386489479515
0 0.6631884774860076 0.8764096244555203 0.032741071238402954 0.06606509099298634
0 0.5872072057345146 0.8629595912975283 0.043533100873680654 0.06051599784053181
0 0.5355174191653826 0.8541865661591007 0.045168336056041626 0.06374112739018116
0 0.498688913181459 0.8136023365171663 0.045059233282499986 0.05905362739018116
0 0.4845887391695145 0.7440513001199717 0.05933993882958344 0.06932979333702498
0 0.45760931829170204 0.7914677182262839 0.045168336056041626 0.06374112739018116
0 0.3740869970532992 0.7221484168696946 0.0370648953265972 0.0507404796419344
0 0.35791648318559083 0.6977096213732012 0.03208645459715278 0.03794009099298634
0 0.3543927461033687 0.7474092327242534 0.03535692496187508 0.04439035009228505
0 0.526537890195695 0.6359674922849774 0.04091724715020852 0.0821907387412331
0 0.45084494633211847 0.5008427182262839 0.058830792553055566 0.04745479333702498
0 0.37760812129399346 0.5382740646179411 0.06606271751493065 0.09004281153562221
0 0.5733927467689588 0.5375590730989309 0.057813806420763926 0.07079216378737563
0 0.3043544188810422 0.642011531459949 0.027362587005972293 0.03607720234403846
0 0.33202482399128525 0.6242826133536369 0.05788654160312508 0.07391716378737563
0 0.7070189450978475 0.34642053824289587 0.03364895459715278 0.03804022054263569
0 0.6481160705728127 0.32938443013104635 0.036810322188333446 0.0398029796419344
0 0.6185376733463543 0.3321694686877092 0.030778527735416717 0.04877746144333717
0 0.5865090361878823 0.4642915538205995 0.02903418977951393 0.040864831893687815
0 0.5174680954584379 0.4473858536360294 0.04316942496187508 0.04489099784053163
0 0.5567494542159032 0.4928077776024377 0.03840918977951393 0.04146560919158375
0 0.514491178664688 0.587610335437432 0.028925087005972294 0.03617733189368781
0 0.4651639791015283 0.6133124398486538 0.043205792553055566 0.04645349784053181
0 0.471597123478195 0.6886128284976017 0.032450130508958355 0.05356509099298634
0 0.42335899201930605 0.6605588772332974 0.03553876291777787 0.05220285009228505
0 0.40639100398715333 0.7359198226375057 0.027398954597152782 0.03763970234403846
0 0.5867721010611119 0.911296961747879 0.02427395459715278 0.03743944324473958
0 0.6089198579949661 0.9244175254429695 0.031977351823611146 0.033252590992986344
0 0.6542869093817368 0.9296650323827997 0.036883057370694416 0.0429279796419344
0 0.689969836243473 0.9210305120247341 0.03368532218833344 0.039602720542635694
0 0.7206925061713549 0.9003768530177204 0.036883057370694416 0.0429279796419344
0 0.73924183120948 0.8594409723883369 0.02896145459715278 0.03773983189368764
0 0.6944741918668063 0.8464310302233315 0.03208645459715278 0.03794009099298634
0 0.6059013479269797 0.7947300254429694 0.02910692496187508 0.04398983189368781