0 0.723117486035366 0.5331388189985885 0.029270837748947898 0.0333034237011061
0 0.853568877867998 0.5090001152657103 0.046349210344286004 0.030478432629559828
0 0.8719270082678843 0.542252946028831 0.03379464664195524 0.02869774431795715
0 0.9252057756910796 0.5592807589350443 0.053035719962933214 0.043087526785361166
0 0.8343997264167189 0.5436887609636392 0.04048115626060209 0.04130683847375849
0 0.6124775971979588 0.5936280799556372 0.03384921034428619 0.030260244317957152
0 0.598050509449011 0.6266724050367151 0.0370833377489479 0.03343979139585791
0 0.7905579571794255 0.5694387832847736 0.04376984736759475 0.046048885551659244
0 0.8516938646211539 0.6074103417267599 0.04344246515360979 0.03667388555165907
0 0.7500197480162655 0.6794547114501065 0.05799603847458741 0.05098184740221221
0 0.7550321410300238 0.7371444805248301 0.04684028366526398 0.044540932629559826
0 0.7153049529182561 0.7792189322291133 0.04015377404661713 0.03193183847375849
0 0.6801387792344586 0.8024752000860207 0.04823909255827132 0.03988070616851047
0 0.6394418573647599 0.7828854488682049 0.035739092558271325 0.03966251785690744
0 0.7223609955691946 0.8454615409954114 0.06230159255827132 0.040126168019063255
0 0.6632315322296836 0.8394666854755244 0.041825401451278846 0.0350841120127086
0 0.6446253759690814 0.880391694403978 0.03751984736759475 0.045939791395857556
0 0.704717138582953 0.9035467763849147 0.06709821996293304 0.0433329886359143
0 0.7956819336809624 0.8028007082036958 0.038754965153609613 0.03659206493480838
0 0.7430380833181427 0.812308121758532 0.03434028366526398 0.04432274431795733
0 0.8535390736994959 0.822871700493058 0.03908234736759475 0.04596706493480838
0 0.852842158453219 0.7533949975709586 0.030997028855940557 0.038018197240056395
0 0.8958481139881819 0.7292211120192993 0.05498016587924894 0.05405230032431163
0 0.9281968225183694 0.7419296177013422 0.0323958377489479 0.03335797077900686
0 0.9255927000078493 0.4140500795518953 0.03891865626060209 0.0412795649348082