0 0.44452240219525835 0.7046875 0.06831766046291676 0.0578125
0 0.3935209059148027 0.17265625 0.042517139784752266 0.040625
0 0.36983084884270817 0.14453125 0.07005994292790554 0.028125
0 0.2980328157585469 0.3609375 0.06072348428423435 0.0625
0 0.30056281038186344 0.28984375 0.04258991439185813 0.0421875
0 0.6856826730783105 0.290625 0.03485018899896399 0.04375
0 0.6334866263452982 0.25390625 0.055162688998963996 0.04375
0 0.6890474216305684 0.23515625 0.04615156203449331 0.0515625
0 0.6555671416467791 0.165625 0.05040241439185813 0.0421875
0 0.8719283881321225 0.30078125 0.05345463978475209 0.040625
0 0.8217208345746846 0.1375 0.09749573821317555 0.046875
0 0.46549010525284895 0.1203125 0.10127570967712848 0.0609375
0 0.791538874897556 0.1984375 0.0724957382131759 0.046875
0 0.5841840998806747 0.99375 0.07401969685684691 0.0125
0 0.5579705103435915 0.9359375 0.07086046360606986 0.0453125
0 0.5680671416467791 0.165625 0.10512845574818694 0.0765625
0 0.86864718445085 0.18671875 0.09658820967712814 0.0609375