0 0.5652280744924322 0.2193198038204433 0.09845608883351815 0.07835072930778511
0 0.8596301141288292 0.28570055687266105 0.0842934592838688 0.07605124491161738
0 0.9334693298911031 0.34444147105158374 0.08389294108527139 0.06980124491161739
0 0.9614849059246946 0.38431952057661395 0.0391812183831675 0.07680151741285454
0 0.8273614273624943 0.43451319312327963 0.1571091980251019 0.11879866689245625
0 0.7113637924141742 0.3241788014455941 0.07411742288667415 0.06305992198083885
0 0.5042045296142478 0.42541599558898585 0.13725777297895939 0.10062852103089917
0 0.586467514654853 0.4994919826986871 0.0835925524363235 0.0651137449116174
0 0.47563014420450234 0.4921154946844747 0.12591975478036196 0.09380531094499087
0 0.3573388240310068 0.3808770222740946 0.11498225478036198 0.09323210085908258
0 0.740866315550017 0.5977291660994867 0.12017040252860874 0.10129026232447184
0 0.6565099043835352 0.5196240982570908 0.16169656847545255 0.11748182835784533
0 0.7520367481542987 0.7292215055386085 0.12399630937615384 0.11239153663473136
0 0.8518155050941288 0.6889860091566532 0.08046755243632334 0.06494997060135788
0 0.5877751866186764 0.784890572137809 0.11568316162790708 0.10416960085908258
0 0.6327711042635634 0.9715971975342939 0.10228199568106326 0.05680560493141229
0 0.47573745913621046 0.857406302011421 0.09200582973421945 0.07489818068726635
0 0.3244414767164989 0.6495894007227971 0.10051923658176473 0.08624511646291495
0 0.42204885950535076 0.7166308158062309 0.03677810919158375 0.039301517412854634
0 0.19922023365632927 0.5975621540021574 0.06388082973421945 0.07342421189493056
0 0.16442253393318446 0.492267144391219 0.11388082973421945 0.07604460085908257