0 0.24079276537289918 0.4851078368522007 0.04855717194503919 0.05863070616851011
0 0.2873184243858146 0.49914701745316564 0.04984688730530316 0.04928297970746058
0 0.365329764119258 0.49387709050564865 0.07489235141192578 0.05128185633066593
0 0.4111029168639672 0.5626446814150391 0.06368206677218975 0.041715941558013725
0 0.2519719577719095 0.5200868088490236 0.06621603338609487 0.021457988635914305
0 0.24864838097058994 0.5670436294658745 0.06092077962517113 0.054161394480112965
0 0.34219144398185597 0.6388856274372796 0.055915030878812465 0.04314207386326192
0 0.3479018863808663 0.6739600568204287 0.07797188730530316 0.04977390340856651
0 0.24071987219510133 0.6437834074690517 0.04207985141192579 0.05070911201270896
0 0.27923680291562913 0.6243515689952932 0.05775031551854841 0.05254434740221221
0 0.20571438638086628 0.6764419488649096 0.06042067445232169 0.03697389448011297
0 0.34441918520636733 0.7154481274372796 0.0624378155185485 0.05262616801906326
0 0.43681127368616934 0.7208702386392096 0.05145485141192587 0.05087275324641087
0 0.40670257336960025 0.5994588888013653 0.05127299498543501 0.04462275324641087
0 0.3439752528364869 0.5927373303593789 0.06230142319868044 0.047938668019063255
0 0.387732579175588 0.860860038963521 0.05788670783841656 0.057231847402212564
0 0.3939765674971055 0.8068174212687694 0.05793217194503919 0.05879434740221221
0 0.3264935508040581 0.797833933443634 0.07437552586424748 0.08719208279171582
0 0.43576090221598385 0.8459520592560607 0.07020485141192587 0.05120003571381489
0 0.4322554689881736 0.8866588798729115 0.06984113855894432 0.03870003571381488
0 0.4316704472805613 0.9202799034118619 0.07810827962517113 0.054461403408566866
0 0.5822016446941365 0.9090542569031541 0.056005959092057724 0.046267073863261746
0 0.6301761434404953 0.9191599139651687 0.06427310015828454 0.06202844155801372
0 0.7454084060434145 0.33951154992386506 0.05448892319868044 0.04780230032431154
0 0.5758795045523465 0.26196106859155144 0.07953438730530316 0.04980117694751698
0 0.4979557106749034 0.6463281603117208 0.04801160266556703 0.03988070616851012
0 0.4675695287007343 0.6765611310907276 0.045903533386094784 0.021103432629559826
0 0.3986233004083467 0.6441537800350674 0.04010817445232169 0.03661933847375849
0 0.2577004352063673 0.7169618088490235 0.061148100158284535 0.06197389448011279
0 0.27314959045835907 0.7643725969984704 0.06694345909205772 0.046457988635914306
0 0.4482739594212622 0.6581384135581316 0.051091138558944316 0.03837275324641087
0 0.49244046271996744 0.9403236221622737 0.03992631802583091 0.03036933847375849
0 0.3015353517411302 0.6653896262194636 0.03220474623907634 0.03335797077900686
0 0.46383311177026004 0.5750122678602028 0.04801160266556703 0.03988070616851012
0 0.701666766230829 0.3136990722449994 0.04801160266556703 0.03988070616851021
0 0.64868783339873 0.5076905799556372 0.04203438730530316 0.04914661201270878
0 0.31432720526462704 0.540884504060485 0.049755959092057725 0.046157979707460585
0 0.45072038017916716 0.2586742017075786 0.04640363855894449 0.03829093262955983
0 0.5393820634069775 0.21648097321793403 0.03836381802583091 0.030342064934808198
0 0.5506508693586145 0.039632101058955496 0.046585494985435 0.04454093262955986
0 0.5027278463973609 0.0850224675358912 0.0702503155185484 0.05276253571381497
0 0.6398116239109609 0.3100888770335378 0.03840928213245363 0.0319045649348082
0 0.4937923625616829 0.8793315750843732 0.044613818025830906 0.030451159090609536
0 0.5655082381885036 0.8726082422926575 0.036710389812585474 0.02718979139585791
0 0.3976865892047179 0.7731418506519183 0.033903638558944404 0.03807274431795697
0 0.38970895315305604 0.7138759448077197 0.059585600158284534 0.061946620941162676
0 0.3020916297169487 0.577053829141563 0.051136602665567035 0.039935253246410875
0 0.17458274366528684 0.5198743490270653 0.04493206677218971 0.041388659090609535
0 0.17598010761362498 0.4604448019491646 0.04663095909205772 0.04610343262955983
0 0.3017914160060374 0.727916899758414 0.03859113855894432 0.038154564934808025
0 0.35838605997525813 0.8730969862035776 0.03698317445232169 0.03656479139585791
0 0.4757350328573694 0.7960105604738766 0.048238923198680436 0.04769320616851012
0 0.351841577130524 0.567587325895152 0.033858174452321685 0.03651024431795715
0 0.4110885449980703 0.535287294645564 0.041761602665567034 0.039771612012708776
0 0.5052921522159839 0.8447383867727705 0.04934678213245362 0.032095479707460586
0 0.1973178985215672 0.4147368356343847 0.03372178213245362 0.031822744317957154
0 0.2220905779884538 0.4064879590111793 0.03836381802583091 0.030342064934808198
0 0.4520067131821858 0.6252440929412806 0.038227425705962936 0.02565456493480802
0 0.34966662635173645 0.7614736935899038 0.0401081744523216 0.03661933847375849
0 0.5296616664017488 0.8763605336885153 0.04006271034569906 0.03505683847375849
0 0.547818284506722 0.9362304115295368 0.047920674452321774 0.036755706168510115
0 0.4513979255729489 0.9535463709444578 0.03211381802583091 0.030232970779006507