0 0.7223654491608743 0.32250026072053634 0.03671967261537965 0.053856973516896466
0 0.7004060935571526 0.40718661715715376 0.05246307178554268 0.056512079953513705
0 0.4247036634685955 0.6510505036831707 0.05762416846619498 0.06308986188449914
0 0.4695416441725636 0.7054212934078261 0.06337726099766208 0.07748014381548422
0 0.5320891883637048 0.6901679979831876 0.043443269296031775 0.06054401609154336
0 0.4907761815152275 0.7738763624655767 0.04465057178554286 0.055965776735205176
0 0.48865665184623347 0.8121029821437459 0.04031826929603195 0.06032549480421991
0 0.5347504018462335 0.8088797931557247 0.045834563487172984 0.071590776735205
0 0.5328900586900663 0.9154740005810776 0.04031826929603195 0.06032549480421991
0 0.5215507396038159 0.8805198463740332 0.043443269296031775 0.06054401609154354
0 0.45702722093248394 0.850061804051488 0.04417697510489056 0.049715776735205
0 0.39637314084857134 0.8916044478669722 0.04270956348717307 0.07137225544788137
0 0.6053966337996014 0.6764936280529169 0.039607874275053766 0.05095049480421991
0 0.2949551186527544 0.7634790838887862 0.05255816016782511 0.07827781930985207
0 0.47939820578563686 0.9137747427874074 0.052321361827499045 0.07515281930985225
0 0.6408991937622895 0.5053780987198218 0.03792697510489074 0.0492787341605581
0 0.4388038974965559 0.5265039717521857 0.094202131123531 0.13558757475773361
0 0.28926399355250804 0.6232200706472344 0.03335787427505377 0.05051345222957302
0 0.37207188047560913 0.8738759984873908 0.04356166846619489 0.06210651609154354
0 0.36370419603737464 0.8099609639585154 0.05951855518880329 0.08808986188449879
0 0.44781908690916783 0.7869826498444435 0.053647063487172984 0.0721370799535137