0 0.3444763918576496 0.3027477052246682 0.04502299498543509 0.04604284034363308
0 0.27048496239076303 0.3144498450933314 0.040426423198680436 0.048922178878243724
0 0.33031695196592176 0.24637155246570625 0.051773100158284534 0.06355788896415202
0 0.7864007820659465 0.4587664953659026 0.04373327962517113 0.05533595318850324
0 0.8368697949980703 0.49915579997931536 0.03886392319868044 0.048840291723114146
0 0.777265125956025 0.5750465926069406 0.041761602665567034 0.041191566033373664
0 0.8030607478219218 0.6010801481248645 0.03537521034569906 0.03617651741285464
0 0.786861434810656 0.5283796325210324 0.054761707838416385 0.059034163274411536
0 0.7314752528364868 0.5610150701057034 0.05159124373179384 0.0573078889641522
0 0.651771032461658 0.6183982021724506 0.059358279625171304 0.0561548247398008
0 0.5812455837944416 0.6416553177308542 0.029079746239076342 0.034286468792335614
0 0.6954277557394807 0.6935719425615121 0.05145485141192587 0.05262038896415202
0 0.6808758592629776 0.5699264026474203 0.04006271034569906 0.03642217887824373