0 0.5001601582214926 0.27800609907072876 0.11694345909205772 0.04800370174736122
0 0.6172674387045937 0.3853620445498259 0.04065374373179385 0.05559668977951393
0 0.5756733205996204 0.4464456681249301 0.060329746239076346 0.03419446846486114
0 0.6008120614284204 0.5215904852792703 0.044568353919208194 0.029143292553055568
0 0.6451387229486183 0.5275852589306245 0.047329641066226814 0.016716027735416715
0 0.4367184691876946 0.4996460161488191 0.07788095909205772 0.0470945119678472
0 0.43251435398571525 0.4294789865135414 0.062346887305303154 0.04985583605604162
0 0.304997107746639 0.46523726139916644 0.09038095909205772 0.047385452697291795
0 0.22006451511020178 0.5936908761405554 0.09493206677218975 0.04280705547083343
0 0.13064666244463477 0.6348081450422568 0.09042642319868044 0.0489479526972918
0 0.5051813126820616 0.5347464083412843 0.05591503087881229 0.04346036569131932
0 0.5613858485754389 0.5349996750587842 0.05536946159934022 0.024710365691319503
0 0.6209594253767585 0.5804563390027425 0.05159124373179384 0.055851262917777866
0 0.5966353752976162 0.6114706028704509 0.05421613855894432 0.038736498100139016
0 0.3423486920698059 0.5767917040284718 0.06139214106622681 0.017043336056041625
0 0.3911893573509276 0.6154716911106941 0.06064799498543501 0.04513196846486132
0 0.21078279183237908 0.6711982803008679 0.06017663354437941 0.08259560087368065
0 0.2640441841522471 0.6652742822007289 0.08293217194503918 0.059703614741388834
0 0.31383358399396255 0.7250116516917705 0.05426160266556703 0.04029899810013902
0 0.28258593250289443 0.8061532021286109 0.05269910266556703 0.040262630508958355
0 0.46127087364826364 0.7559317305296176 0.06850595909205773 0.04687630642076392
0 0.41131633775488624 0.7555329934473954 0.11128449247815268 0.068170731382639
0 0.42847875719264306 0.6755000013311803 0.059585600158284534 0.06228310087368065
0 0.5156892521780782 0.6297497838162496 0.05301735141192587 0.05120013050895835
0 0.473720712523777 0.5963748925737148 0.08936402837152997 0.06609908510611114
0 0.5384651741231172 0.571446321335312 0.049574102665567034 0.040189895326597204
0 0.5827738006078678 0.7390507422131245 0.06345474623907635 0.034267203647222286
0 0.6042025197290553 0.7807109121410064 0.07015938730530316 0.05003767401194441
0 0.48692042834625937 0.9208475625015968 0.0447956744523216 0.03695579255305574
0 0.5347049912910183 0.3786957768823954 0.05725021034569906 0.03568423328249999
0 0.49282972835889466 0.4226100842530899 0.065335494985435 0.04524107123840295
0 0.5265154404204532 0.7138156592912148 0.04006271034569906 0.03528418977951393
0 0.49254125719264297 0.6740089300927774 0.07172188730530316 0.05007404160312508
0 0.30393940993735236 0.6089145262168053 0.04930131802583091 0.030814895326597203
0 0.5563955055432903 0.8138331898764232 0.033903638558944314 0.03826371941479181
0 0.5792647042105068 0.8328189260087149 0.057341138558944314 0.03880923328249999
0 0.64287256314428 0.846952854770312 0.046994671945039104 0.05886716014423641
0 0.3281879375174594 0.8488121743931941 0.06551735141192579 0.05149107123840295
0 0.22415365538500578 0.8824624354111108 0.07034124373179385 0.05628767401194423
0 0.49881502309426756 0.9681946879765622 0.08707410266556703 0.041062717514930826
0 0.5965000168260615 0.9112705811189578 0.05100021034569906 0.03553876291777769
0 0.658370845672445 0.6631227154276382 0.05274456677218957 0.04182513050895835
0 0.48084420539764106 0.3783879587781246 0.058767246239076344 0.03415810087368065
0 0.5263983977966513 0.34219523242947875 0.05131845909205772 0.046476262917777865
0 0.3918619249145401 0.27037739665777744 0.0526081744523216 0.03713763050895835
0 0.40561453635559575 0.30753190454156215 0.06193771034569906 0.035793336056041715
0 0.23275839489365752 0.479410170593472 0.03850021034569906 0.035247822188333444
0 0.36929293995823487 0.40206380775194417 0.0713581744523216 0.03757404160312507
0 0.4893530388628782 0.3274430546178121 0.05586956677218975 0.0418978656913195
0 0.5712666846144655 0.9735348449866661 0.07260242570596294 0.02667290919430556
0 0.6408888628277108 0.9687914871791314 0.03997178213245363 0.03215918977951375
0 0.6746561090667872 0.9352152677643396 0.04135242570596294 0.025945557370694417
0 0.5101138874383171 0.8750259162250689 0.05256271034569906 0.03557513050895835
0 0.4562758335982512 0.8739368481207983 0.05591503087881229 0.04346036569131968
0 0.33387799637209026 0.8947422702328817 0.06377299498543501 0.04520470364722229
0 0.3234730084462842 0.6888741299402774 0.0541706744523216 0.037173998100139015
0 0.3793820276466141 0.6992836466577774 0.04497753087881247 0.043205792553055566
0 0.483796743006878 0.7062220180486801 0.06850595909205773 0.04687630642076392
0 0.5920999541439999 0.3648683598043051 0.058903638558944496 0.03884560087368065
0 0.540061114872775 0.6775872185617704 0.05292642319868044 0.048075130508958355
0 0.34722509402309243 0.8116751970946178 0.057295674452321685 0.037246733282499986
0 0.44892032317340985 0.9389078846899302 0.05430706677218957 0.04186149810013902
0 0.22638139660951717 0.8058999354111108 0.0604206744523216 0.037319468464860964
0 0.4526329742022595 0.5429959726458329 0.058994566772189574 0.04197060087368065
0 0.7065870368178142 0.6159379376922216 0.04157974623907634 0.033758057370694414