0 0.47044901287176194 0.33684765853803694 0.058121075934727526 0.047222229581579886
0 0.4533081344475233 0.2967137318590146 0.04910127344521662 0.05158234736759484
0 0.39093634378086706 0.18687742958942916 0.05305506763635792 0.06262897477225651
0 0.41658661660138396 0.14289925109630836 0.06292697510489073 0.048948420688572546
0 0.483264631123531 0.11315469819375068 0.08309776514684693 0.06835318511654279
0 0.5460722844428789 0.10469486824935101 0.0631637734452168 0.05207342068857255
0 0.5597688541538293 0.16139873603536586 0.06927206348717299 0.07098711179556512
0 0.6961664502097815 0.06968740727209258 0.09055506763635783 0.06393850362819706
0 0.8335983630768989 0.2293848110856241 0.060749168466194804 0.061339293283910835
0 0.8899192180559208 0.2180182359505479 0.05632177759440182 0.04404266587924912
0 0.9491650861071971 0.2762647563689679 0.07168666846619516 0.06172123920022683
0 0.9590630722097501 0.39654997451780244 0.07578217261537964 0.0540724303072194
0 0.9802239867272527 0.42805294566186197 0.03955202654549446 0.07282243030721922
0 0.971364299902076 0.46642596489915567 0.05727140019584809 0.058487111795565025
0 0.9561767157808359 0.5031819204341185 0.07133147095570606 0.05703373920022692
0 0.9906592128694397 0.5106471908525385 0.01868157426112056 0.05821429328391083
0 0.9610543925454003 0.5468773567317877 0.06652557178554304 0.05530754809323426
0 0.844483121799476 0.5901139799600982 0.06567346680652122 0.06462798439090349
0 0.9390502605966768 0.6079611896714121 0.07696616431700995 0.06969743030721923
0 0.9789413854848196 0.602981023792163 0.0421172290303609 0.035104175497895795
0 0.9841854538461238 0.6351486830479902 0.03162909230775242 0.048293656260602266
0 0.883049636946323 0.6545658603599847 0.06832487012586874 0.058487111795565025
0 0.7619083427551818 0.6478297654394606 0.07528526514684693 0.06808036660488845