0 0.5172148149682751 0.24983391188041554 0.03773810217691818 0.05177157825883114
0 0.5110168894703793 0.18418618598271652 0.027872028855940555 0.03765453610435347
0 0.6232986346610558 0.178590691836449 0.06333830290255768 0.06910452400410509
0 0.6353819724100038 0.21146682435000633 0.03428571996293304 0.042378397540672005
0 0.6623809820286507 0.22412136045435985 0.03735615626060227 0.04083407825883114
0 0.6643179934613961 0.27959011045435983 0.03584821996293321 0.04238748789975162
0 0.5821478450053421 0.20803275214129932 0.04129961179556503 0.06428975897699045
0 0.5672916821213179 0.1181208244482022 0.02496528366526398 0.04388635538619425
0 0.7172817915546303 0.3423855471244474 0.047385920688572544 0.05963862041330899
0 0.6981076948200077 0.41960203209733277 0.036393856986241604 0.05801248789975162
0 0.416956898540872 0.39843906264254136 0.02658234736759475 0.04545794574527386
0 0.4483854917321155 0.5603078035673551 0.03337798439090349 0.06111930718159222
0 0.4232267790255765 0.6898225867448423 0.04275298439090349 0.06117384933607006
0 0.43532996414211933 0.76800212889932 0.024747028855940555 0.037636355386194253
0 0.5509028896400153 0.8342861799325924 0.03466766587924912 0.0533158975406721
0 0.5741940567003908 0.8078645804983264 0.04667659255827132 0.03932612041330898
0 0.5462674641421194 0.7686475443939729 0.06448414065150558 0.10191702400410492
0 0.4893131144122719 0.8823555203898679 0.023184528855940557 0.037627265027114734
0 0.5933409047009578 0.9750010417616941 0.04555060217691818 0.04999791647661169
0 0.6267536054265972 0.9932889960911752 0.02688988221398514 0.009529536104353298
0 0.6428225495288146 0.9613577400410509 0.03579365626060227 0.04082498789975162