0 0.8013677039315628 0.23701501972905534 0.038591027735416714 0.04796613855894431
0 0.6873623681598614 0.37714357772575635 0.049455792553055565 0.04515938730530315
0 0.7551921798989589 0.7050807096207832 0.05447060087368065 0.05935827962517113
0 0.8285413737625354 0.8335035748227625 0.03219555737069442 0.04153428213245362
0 0.7930584686522923 0.8540804992750843 0.024528527735416715 0.047556961599340045
0 0.7651334904037854 0.8634926031942924 0.03691942496187508 0.043233174452321776
0 0.7110467088686466 0.9244815789793975 0.05160017401194459 0.07020485141192552
0 0.6464938995980911 0.9388683394042389 0.0497103656913195 0.056096887305303156
0 0.7747247363197228 0.7717453723946223 0.04491376291777769 0.05127299498543501
0 0.8848257817225701 0.7325799208244119 0.04520470364722229 0.06377299498543501
0 0.9701814002636813 0.7050793949601646 0.04324216014423641 0.04654003087881229