0 0.4918495033020468 0.24773816178771585 0.024019302673454136 0.05081845553496285
0 0.5803109246101389 0.43684035652290554 0.044131808004454244 0.03434028366526398
0 0.41396557256527744 0.7616344814804965 0.036392033338636054 0.04031746515360979
0 0.45666160256209576 0.7865724832945951 0.04398635733609062 0.02184028366526398
0 0.4305530885582777 0.813797182206136 0.04405908267027261 0.028090283665263983
0 0.3769104678946867 0.7892584844757213 0.04736589600572705 0.0438244110699257
0 0.27305876189532297 0.7809424982707195 0.047347714672181594 0.042261911069925696
0 0.2804712725573232 0.8155903167823737 0.05036362667090888 0.03299603847458741
0 0.3448877612190053 0.8545734604291042 0.05188976400381797 0.029925602176918177
0 0.38572129921232373 0.905238148540872 0.030087489337999783 0.03541171034428601
0 0.3224945932129601 0.8983408185964723 0.05056362133990877 0.05018353847458741
0 0.611620180537915 0.9701811353788461 0.041024989337999786 0.03579365626060209
0 0.6260457598663698 0.996323206210344 0.04093408267027261 0.007353587579311949
0 0.3900809878660516 0.9932936761308682 0.05030908267027252 0.013412647738263672