0 0.49068173337045284 0.2876223012662765 0.038027258672817865 0.04640363855894432
0 0.5007748960454979 0.3496138359060126 0.05356135200509069 0.039045779625171126
0 0.43416065539463355 0.464042397267926 0.05356135200509069 0.039045779625171306
0 0.5180811220559974 0.42743495902555073 0.03789998933799978 0.035466138558944316
0 0.6295720580442252 0.3439896247023838 0.061573846674090583 0.05646060015828454
0 0.5665737133990879 0.5006966142775425 0.0458215773392725 0.04506845909205772
0 0.5545191560709514 0.538614151424561 0.050509077339272325 0.04520485141192587
0 0.4854788020766783 0.5787784986798518 0.04740225867281787 0.04667642319868044
0 0.49608049474854166 0.6173552653728992 0.04732953333863606 0.040426423198680436
0 0.6485878767504507 0.6358505157686106 0.0661704400063634 0.04878449247815268
0 0.7559731154121327 0.6022687891255756 0.06927725867281787 0.04731292069139794
0 0.3666833487428147 0.571416976576528 0.048946577339272504 0.04515938730530315
0 0.3998145694223141 0.666880240762293 0.04266021467218151 0.041852530878812286
0 0.39045884544076775 0.8024994920159342 0.041206802673454224 0.051182066772189574
0 0.4718821154519036 0.8868721435070022 0.05374316534054522 0.05467077962517095
0 0.5628878287714497 0.7879920257977405 0.04106135200509069 0.03868206677218957
0 0.44758680872054296 0.4097640742275301 0.049019302673454314 0.05140938730530316
0 0.713221994072224 0.5526037582467632 0.08504770934118148 0.06026756175762475
0 0.5490975014321773 0.7438555808914477 0.05210794000636341 0.048375315518548415
0 0.6342082980983137 0.7424271247023838 0.052162484006999674 0.05306281551854841
0 0.6911304600970409 0.7347115645941116 0.07563634667409058 0.05686977711788863
0 0.6402412167806766 0.8581885170222519 0.07723520934118148 0.06004024122451135
0 0.7636514447803584 0.8594364314454437 0.04573067067154533 0.03725595909205772
0 0.7602633627864035 0.903854021178887 0.06626134667409041 0.05659699247815268
0 0.791948620106586 0.8079337674179632 0.0755454400063634 0.04905727711788863
0 0.5881889154598579 0.9488302373970807 0.07383748933799979 0.03651181301126627