0 0.3206307653602202 0.47323254301741563 0.07831068380210837 0.0825591298696164
0 0.44866292345916603 0.43487124675029387 0.05997717787060921 0.054134120941162676
0 0.4958005672236558 0.32717752353565505 0.06479201186299796 0.057340941558013635
0 0.5458748685927999 0.1765968709378673 0.0733048488211363 0.07466480925276531
0 0.5945007109881456 0.22038382710637747 0.07110567885919253 0.05901253571381497
0 0.6223338923187961 0.29035145372958293 0.07773768083635879 0.0684966298696164
0 0.7888873809500895 0.23939074593621962 0.08791117688202625 0.0499375446422687
0 0.6671914530794802 0.18417932020651864 0.0682990138401646 0.06677048863591431
0 0.6419275148287475 0.08146737743068906 0.07786501482874755 0.07162162986961632
0 0.43765378068325944 0.5478797613607904 0.0519100098858317 0.047747753246410875
0 0.39855678859192484 0.5846706493480817 0.055353344866803676 0.05561480032431163
0 0.45422846843970055 0.6480979496723932 0.04559634288963732 0.04607615909060954
0 0.4859506537246837 0.7368701233734993 0.06555601581733086 0.07609094155801355
0 0.5230169136105154 0.7843587779998819 0.02758117193911023 0.025463650162155814
0 0.5248685736866274 0.7531633250777826 0.05366351087441501 0.05246252678536116
0 0.6221945598464631 0.6892838315706044 0.07416701186299797 0.05750458279171564
0 0.6559594061961416 0.7515480523496112 0.07505834980971962 0.07937958279171564
0 0.5953229951314463 0.7770332475610727 0.10063135277546902 0.09387845941492116
0 0.743901122090022 0.5914793514561068 0.0764298488211363 0.07471935633066593
0 0.7955882974891735 0.6337583547025176 0.11064302273741297 0.10966710064862326
0 0.48767893288788733 0.8750831895261234 0.07773768083635879 0.0684966298696164
0 0.3857490879839025 0.4236240551922802 0.06654551285158128 0.06205571509696402
0 0.29933279102620175 0.19961776501423842 0.07480368182494193 0.07312958279171564
0 0.3386618878701718 0.26432119317957137 0.11587435079830274 0.08477619480442451
0 0.3523834896570577 0.3519984711827486 0.11019735376405233 0.09872960064862309
0 0.22007500844013803 0.438688173294069 0.09827035672980182 0.11257391233702041
0 0.6455604866913082 0.3430633965054125 0.08555018083635879 0.06863299756436803
0 0.7917391724334019 0.04114416070887202 0.10535334486680377 0.05648755357072244
0 0.6327408572240933 0.12424521265803667 0.08692167984777566 0.06397277110331837
0 0.9069476087441493 0.5310890965848427 0.07729201186299797 0.0575591298696164
0 0.48652502079742777 0.5018911513766765 0.07923651384016459 0.06696140340856652
0 0.36054077132890033 0.8970655093321955 0.07419618676785786 0.09653980925276535
0 0.34223780440925566 0.6586342548679687 0.07349584980971961 0.07935230925276535
0 0.4105713799615064 0.22810304951023735 0.06291117688202626 0.049501168019063256
0 0.3798970415204933 0.20336610227018087 0.05002917490485981 0.039907979707460586
0 0.3178307816346616 0.15544107102059282 0.05965884288963732 0.046321620941162586
0 0.6860077090481603 0.607644093745469 0.05666117688202625 0.04939207386326192
0 0.6801384165390838 0.4061225040538945 0.05548067885919252 0.05873980032431163
0 0.6833880919382352 0.4475560275928448 0.06747134288963733 0.046457988635914306
0 0.6370741660447923 0.4030287317327602 0.0534725098858317 0.04777502678536116
0 0.8362544708739774 0.2714453153352546 0.053217841901054184 0.041525026785361165
0 0.5347198512925944 0.09442925324311559 0.05822367688202625 0.04941934740221223
0 0.6606974194676523 0.02480432020651864 0.06826983893530461 0.027735262174864623
0 0.5867015039543327 0.028977577106377495 0.05465300790866543 0.03842730032431156
0 0.4702819609881456 0.21821558075982547 0.07142401384016442 0.06682503571381489
0 0.5020704718625606 0.270296277999882 0.07579317885919253 0.05909435633066593
0 0.899936263383054 0.4739760259679917 0.055035009885831696 0.04780230032431163
0 0.44903436068413444 0.13743318506189656 0.0807990138401646 0.06698867694751698
0 0.4433772682887887 0.09439625121452071 0.07592051285158127 0.06221935633066598
0 0.19464263243296434 0.2360444143656153 0.07285917984777565 0.06372730925276535
0 0.24407624113993248 0.35713421022569997 0.08379667984777565 0.06391822402541765
0 0.6694330212917193 0.5074259054338663 0.05854201186299814 0.05723184740221221
0 0.5337302846375922 0.5682934472367611 0.06785334486680376 0.05583298863591431
0 0.7690961457788372 0.30930777962143974 0.06798067885919253 0.0589579886359143
0 0.7803930845238615 0.41411801054671626 0.07741934585538672 0.060684129869616396
0 0.6941902821661342 0.5593838717486462 0.058032675893442943 0.04473184740221221
0 0.7361297258540743 0.6881497999139792 0.053599843878220456 0.050900026785361166