0 0.8921875 0.2532191259690813 0.0640625 0.07254961179556503
0 0.69296875 0.47189474801626546 0.05 0.07362103847458741
0 0.6890625 0.5423436572720925 0.08125 0.07939981252120454
0 0.73203125 0.579905655457994 0.0546875 0.05034722958157989
0 0.5703125 0.36289674864923765 0.0515625 0.07680060217691817
0 0.56328125 0.3045485353097265 0.0640625 0.08504961179556503
0 0.51171875 0.3172866374866447 0.0609375 0.0818154843909034
0 0.32109375 0.12159965917100912 0.0640625 0.06629961179556512
0 0.28359375 0.8346279380269497 0.046875 0.05163691106992587
0 0.34140625 0.915421581040708 0.075 0.08074405771188112
0 0.67578125 0.8935886987419048 0.075 0.09480655771188111
0 0.696875 0.8366020887604382 0.0671875 0.08672123920022656
0 0.8296875 0.8202454240623155 0.0609375 0.06931548439090349
0 0.59296875 0.6644493249654403 0.05625 0.07383929328391084
0 0.803125 0.4532042570019401 0.0921875 0.12509425843752045
0 0.696875 0.3725395887604383 0.1109375 0.11949902286549081
0 0.81328125 0.3075370929367895 0.090625 0.07191469473518967
0 0.825 0.37509661516930815 0.109375 0.07569445916315995
0 0.89453125 0.20313728041558504 0.0609375 0.06619048439090332
0 0.96328125 0.29761147751302736 0.0390625 0.07323909255827132
0 0.9734375 0.45350681344787686 0.053125 0.048730165879249124
0 0.9671875 0.5013813182572002 0.05625 0.061339293283910835
0 0.88046875 0.5700346037365628 0.053125 0.07060516587924912
0 0.91484375 0.5399279522852839 0.053125 0.06748016587924913
0 0.721875 0.6458853195231447 0.05625 0.05821429328391083
0 0.76484375 0.766259817709046 0.05625 0.08477679328391083
0 0.81953125 0.7495063381274661 0.0828125 0.0935168762235353
0 0.728125 0.922229564713821 0.053125 0.04873016587924894
0 0.60859375 0.9357786879421317 0.0625 0.05999504809323426
0 0.53359375 0.8571477456540126 0.0703125 0.08683036660488881
0 0.5375 0.7491988363981855 0.0703125 0.07120536660488845
0 0.5703125 0.23867799864923764 0.040625 0.05141865626060227
0 0.47578125 0.1794791026402544 0.053125 0.05810516587924908
0 0.44375 0.20169140853803694 0.0515625 0.059613102176918266
0 0.01953125 0.33759920372086427 0.0390625 0.059176592558271415
0 0.01953125 0.2204117037208643 0.0390625 0.05605159255827141
0 0.6140625 0.5074627149839737 0.0625 0.05999504809323426
0 0.4109375 0.804399746286985 0.0359375 0.045004965153609786
0 0.42734375 0.8358580774125108 0.0390625 0.045114092558271326
0 0.99609375 0.5019343897640794 0.0078125 0.0643353185116542
0 0.87265625 0.457807422248217 0.05625 0.061339293283910835
0 0.7859375 0.5655232077275796 0.05625 0.05821429328391083
0 0.81875 0.5909398699786316 0.05625 0.05821429328391083
0 0.8140625 0.6543848110856241 0.0640625 0.07254961179556503
0 0.86640625 0.7674006770575404 0.0484375 0.05950397477225664
0 0.59609375 0.5729339475607784 0.046875 0.0516369110699257
0 0.63359375 0.606780668704838 0.0640625 0.06942461179556503
0 0.65703125 0.7770559631698751 0.0515625 0.04711310217691835
0 0.5828125 0.8171477390305908 0.05625 0.06758929328391083
0 0.53046875 0.3994443730586744 0.05625 0.07071429328391084
0 0.88828125 0.32523053522490847 0.0703125 0.05714286660488845
0 0.9515625 0.6105207052805088 0.078125 0.06991568511654264
0 0.96328125 0.24995522751302737 0.0234375 0.06800595553496276
0 0.73359375 0.46500734175566316 0.0578125 0.07076885698624161
0 0.6015625 0.4469617246026205 0.0671875 0.06640873920022675
0 0.6234375 0.37588533276998853 0.0625 0.07874504809323427
0 0.63125 0.29045626425833426 0.0703125 0.07433036660488854