0 0.25321308916607277 0.3220739461380574 0.0559461631118273 0.04874657220870695
0 0.31081348656347174 0.29125976249303187 0.06853716837349921 0.050381795081344015
0 0.331011865474432 0.32943647336361626 0.05429265785015547 0.04717498184962743
0 0.5897204655873715 0.20914111232008126 0.07440773677523324 0.07072156615858276
0 0.6545866023908395 0.24940249795689656 0.08654371572854576 0.06454428903121974
0 0.6224426893495993 0.1268916937021704 0.0879242052052021 0.06142837939029935
0 0.23229916261771716 0.5668097292173486 0.06155912628012441 0.03784543364502539
0 0.20019929415951335 0.6060722171171002 0.06548776308359247 0.07847952400410492
0 0.241051807313693 0.6097421177810303 0.04013915258848364 0.04553066861791066
0 0.2731362652203182 0.5970512202403583 0.049423147326811724 0.04402271077238851
0 0.2634952256871922 0.6596284882925352 0.06523015785015547 0.04723861436318479
0 0.2780806414298554 0.708779060599438 0.05364021046687402 0.06279089149054773
0 0.3243949283321455 0.64520691910889 0.050985647326811726 0.044031801131468026
0 0.434824194117161 0.6492535487937771 0.05970819994353036 0.05970225292686635
0 0.44462339932236317 0.7101546873574586 0.041610647326811724 0.04397725897699054