0 0.3566196207505688 0.14319129789197488 0.07829186597668399 0.06534435633066597
0 0.29871110975290666 0.07066746144681126 0.07504846680652096 0.06372730925276529
0 0.258795582158505 0.029120889612144246 0.06306868506293446 0.02918866801906326
0 0.12058610975290666 0.07377664488715001 0.10868976099766212 0.07523755357072245
0 0.19532600062469993 0.08968228855648404 0.09824916846619494 0.06101141233702041
0 0.22984363319812343 0.12193568100800208 0.08321616431701004 0.06855117694751697
0 0.2820932174312209 0.15075042776159117 0.09055506763635801 0.062437544642268694
0 0.31575874502562257 0.19240609375205955 0.05187107593472771 0.046157979707460536
0 0.2979801717901872 0.23652428652788915 0.0931831601678251 0.07652731818121908
0 0.21790158548249733 0.21210671347540613 0.07109467261537983 0.05273526217486459
0 0.13377411660138389 0.15490391396187347 0.07156826929603186 0.05898526217486459
0 0.15292778091839393 0.22184595211132044 0.09571616431701005 0.06876936525911974
0 0.25650491204192494 0.34989703977430003 0.08084818091374953 0.03730117694751698
0 0.31441434565496684 0.4740515600668395 0.05835787427505377 0.04939207386326174
0 0.051453326983634896 0.5138443116883973 0.028078378424238614 0.041061376623205345
0 0.28560133880648964 0.39319702638161946 0.0659335759347277 0.04640344155801355
0 0.3590863829976308 0.4028663068204287 0.07265717261537982 0.05276253571381488
0 0.39678821515613577 0.43584640219404597 0.07817346680652104 0.06378185633066594
0 0.4485157359020602 0.39582932833078405 0.06988737012586892 0.0573954886359143
0 0.1417688284335274 0.415264715504001 0.08873245850815117 0.07957049756436803
0 0.19660969378551144 0.3853629813323136 0.0628085759347277 0.04634889448011288
0 0.05289465996733249 0.3573624866073194 0.055824870125868876 0.057150026785361165
0 0.09894086577619132 0.3456067804388092 0.07661096680652095 0.06375458279171564
0 0.03815580851279559 0.2660926043020711 0.041028664317010036 0.06781479139585782
0 0.08551606058738803 0.2613545113640857 0.07493006763635793 0.06216480925276535
0 0.155012344405567 0.2906504991892211 0.0913838618274991 0.0733750446422687
0 0.027761837557089747 0.21151419845787248 0.028055067636357935 0.06134660308425506
0 0.055413240876437654 0.20477327475676632 0.08288427759440165 0.04357845048646736
0 0.05409827199532426 0.14612497767886565 0.06988737012586885 0.0573954886359143
0 0.17296239669458527 0.5688300462671217 0.039867983403260476 0.0319045649348082
0 0.2080468691001836 0.5259743445628384 0.045407588382282336 0.022638659090609536
0 0.24526160395333657 0.45961295901117927 0.0350620842330974 0.030260244317957152
0 0.2036535217948316 0.42670104748493776 0.051279080083912555 0.038345479707460585
0 0.042656822209750075 0.42872897199682286 0.022798882573423506 0.0331670560063543
0 0.35141467034029467 0.3325947171288541 0.0397495842330974 0.030342064934808198
0 0.2949511827878493 0.310111790992116 0.06773287427505377 0.04955571509696392
0 0.45284711577619136 0.3394293238665572 0.03783188672260849 0.025627291395857822
0 0.5331517676456468 0.42877246753589116 0.05284158008391273 0.03837275324641087
0 0.19199766184143224 0.6342095844165687 0.04119368506293446 0.02880683847375849
0 0.16310398985075242 0.6761749419650507 0.05080548340326048 0.032095479707460586
0 0.11300890146847006 0.6551454216725112 0.051042281743586534 0.03522047970746058
0 0.311350390470808 0.5781487248394919 0.035298882573423465 0.033385244317956975
0 0.27053613632162304 0.5866839736216759 0.06773287427505377 0.04955571509696384
0 0.270997154992955 0.5514731765437751 0.0409568867226084 0.02568183847375849
0 0.33832636495099877 0.5315231408299603 0.04779888257342346 0.033603432629560004
0 0.14271694441021138 0.4793953993513769 0.048035680913749525 0.03672843262956001
0 0.20288484980415172 0.4681754813323137 0.057765878424238616 0.04157957386326174
0 0.08600408050811985 0.41232667613673807 0.04924298340326048 0.03206820616851012
0 0.42990560062934435 0.2741179695644861 0.049101273445216795 0.050790932629559825
0 0.2751616688904022 0.43092885146269727 0.04491068091374952 0.03667388555165907
0 0.3180003643262988 0.43878621591103817 0.049361382573423464 0.03363070616851012
0 0.08131842573887942 0.5156698644483407 0.04491068091374957 0.03667388555165907
0 0.0818763780232533 0.6056227086041421 0.049006185062934436 0.028943206168510115
0 0.1341376176502911 0.6242675685882562 0.04924298340326048 0.03206820616851012
0 0.18427932760833482 0.604617541802895 0.057173882573423554 0.03376707386326192
0 0.16326716536591723 0.5337965271923982 0.05045028589277143 0.027407979707460582