0 0.562063321403539 0.16118444710950375 0.10557229282674854 0.08726504689043355
0 0.6409749252422663 0.13339225644749192 0.07123014381548423 0.06290366431701004
0 0.9442420368746637 0.1767925946292816 0.05204310124083733 0.055232874275053724
0 0.4077321924190905 0.5374724147412173 0.07388525025210146 0.07864706348717299
0 0.39821544476487897 0.6286418664008913 0.0768245799535137 0.054002260997662074
0 0.41036052966207126 0.6908225576876029 0.06832366510280767 0.06579186597668389
0 0.35614827706418123 0.6686506371468156 0.0815120799535138 0.05435745850815117
0 0.27515500317896774 0.647590930713257 0.07090236188449897 0.058216164317009954
0 0.2644520859824731 0.5423230902563821 0.06385468639013112 0.0685616684661948
0 0.21219046345431236 0.5933402159813284 0.06196440445914595 0.06375576929603177
0 0.2749257742141896 0.7182586282237459 0.06744957995351379 0.053291865976683894
0 0.4865027765599782 0.8261815624614878 0.07468292574646931 0.06782796265733601
0 0.5942660000768745 0.801361006447492 0.05727690445914604 0.06340057178554268
0 0.46905319660646433 0.8735534699300207 0.06240144703379293 0.07000576929603212
0 0.4019860289057666 0.9116678539533366 0.07679172896477801 0.07575886182749905
0 0.09168766727336922 0.8677347195058133 0.06774451089576328 0.07973596680652122
0 0.2208017308832381 0.941920348554752 0.07213707995351379 0.05364706348717334
0 0.3339355154121133 0.9638447379766525 0.05327781930985207 0.05066377344521698
0 0.2730144409064812 0.9679419180535987 0.06541718639013112 0.06411616389280254
0 0.7988638348971924 0.12179467346379433 0.0657449683211162 0.07336756763635792
0 0.6288298403450739 0.07121156516078017 0.06109031930985207 0.051255769296031886
0 0.7599159493795813 0.08350084545447418 0.04891810124083733 0.0549960759347277
0 0.46885463476130634 0.29235009150578195 0.062215776735205175 0.04512416846619498
0 0.28088510517610965 0.37470953776687116 0.05938570767745457 0.0713314709557058
0 0.3063546347613063 0.2800365778088275 0.05371486188449896 0.056913773445216795
0 0.33162851432683255 0.5026462062330661 0.057386165102807675 0.06496307178554286
0 0.5071641098676867 0.5756371108018138 0.05818384059717552 0.05414397095570571
0 0.5881302505810777 0.6532428151607801 0.05996486188449897 0.05738737012586874
0 0.552963292903623 0.7181215313426013 0.04135697351689647 0.03577247925407558
0 0.2808754894332129 0.7791844728298056 0.05484031930985207 0.05078217261537983
0 0.4018981836170141 0.7781449589323585 0.06305701089576328 0.07938076929603195
0 0.409826026055775 0.9680245977295593 0.031949122528160775 0.05681868506293455
0 0.6169390395494284 0.9263852398507524 0.04470049480421991 0.03913427759440182
0 0.15640573113533962 0.8632140854824971 0.04735560124083724 0.054877676764564856
0 0.14080822828534803 0.9177948417062748 0.05048060124083724 0.05511447510489091
0 0.32740664598604574 0.88873799420043 0.05262225544788164 0.04128877344521662
0 0.3256523938923588 0.7228878512540442 0.031872712873234746 0.03349958423309758
0 0.34816117842123406 0.7379450888064896 0.03979447351689647 0.035654080083912555
0 0.3036731231092384 0.5767106682657023 0.04470049480421991 0.03913427759440165
0 0.37243918462542036 0.4806061854871417 0.040231516091543365 0.041904080083912554
0 0.16604707299302285 0.4445465958554595 0.04324725544788164 0.040578378424238615
0 0.38126715345073975 0.26450758880648956 0.04201253737886681 0.045147479254075584
0 0.4087144462774882 0.18647767718877192 0.05149679802252862 0.047420374275053724
0 0.702934339840871 0.22448012034958348 0.04949725544788173 0.04105197510489074
0 0.5119184037797158 0.9569113442050743 0.08329310124083733 0.057600857678314556
0 0.4236646509297243 0.9873619805034753 0.08674588317182241 0.025276038993049355
0 0.30722019610226126 0.9942976808135032 0.04480975544788164 0.011404638372993502
0 0.37737914883603735 0.8367620197202392 0.04223105866619026 0.04827247925407576
0 0.3326729362149042 0.7909633450302669 0.046153734160558194 0.0376901767645645
0 0.8209152534310693 0.6151195435896633 0.04982503737886681 0.04573947510489074
0 0.11038729885570782 0.49923317324007976 0.06130884059717552 0.05438076929603177
0 0.10784789883603733 0.8163381628671175 0.047825494804219916 0.039371075934727884
0 0.45485393881279423 0.8182856294731458 0.04982503737886681 0.04573947510489092
0 0.46575250602895935 0.6062708815477382 0.046481516091543364 0.04237767676456468
0 0.49835293051492097 0.9150431529183626 0.07726162252816078 0.06025226099766208
0 0.7011933432719402 0.7772625008484145 0.04470049480421991 0.03913427759440165