0 0.3928967446844747 0.5139969501318407 0.05920458163720586 0.027908100873680654
0 0.4035786171402834 0.5540407218833336 0.034532130257724704 0.03357621941479163
0 0.5016409808896649 0.5789517625365281 0.07038774310259513 0.03285017401194459
0 0.4510290699901024 0.37255563896142396 0.047114017412854634 0.03542966014423614
0 0.3647164337394838 0.39317530385531285 0.08551477611928178 0.0534899823325695
0 0.47729499886834625 0.4121818366247226 0.11323034034363318 0.046332098973819666
0 0.6162036906368888 0.367816853626563 0.10607293758467104 0.058650261017916795
0 0.4658175090451115 0.2527341014423615 0.09628850180902226 0.05061955547083343
0 0.4492718181810801 0.32413632275701426 0.059695904567984216 0.037283100873680565
0 0.5537534367917015 0.6948683564763546 0.07992651741285464 0.03619337955902786
0 0.4803635244218011 0.6642891972820489 0.07540279172311415 0.039209276785486226
0 0.9776729175140538 0.5884995616421882 0.04465416497189238 0.035429660144236055
0 0.6135434373575285 0.49572364807947966 0.096042840343633 0.045932055470833434
0 0.6084122020568495 0.45736966289711856 0.0751571302577247 0.03452177678548622
0 0.527694468565193 0.4656347981557296 0.09357293758467104 0.05835932028847228
0 0.4578257038658718 0.5022431389614239 0.08526911465389268 0.048802482332569494
0 0.45422823383034083 0.2251539620996879 0.06726274310259513 0.032777438829583436
0 0.49917996494714834 0.3682142842880213 0.06430151741285464 0.03582970364722229
0 0.9501028143358929 0.6642983422273966 0.057560194482076096 0.02630923328249999
0 0.8980832909301444 0.6841555941272577 0.06405585594746555 0.03114220364722229
0 0.4290965162812007 0.4453930737069448 0.07729284034363318 0.04549564437666671