0 0.5442368491694344 0.3488180923618863 0.05078005243632351 0.06421531930985207
0 0.5072455937707636 0.24029004433935777 0.08313147748246603 0.08358803218308672
0 0.5627853925064593 0.2920435684766728 0.04805557063492074 0.07024679802252862
0 0.6052127244001471 0.2667593452118779 0.04735466378737563 0.05930929802252862
0 0.5771668699889253 0.21457413233864325 0.02634125693983034 0.046951409654926037
0 0.5927010348560351 0.18034659780976797 0.04070414558877822 0.05262225544788164
0 0.7733979272056108 0.07919327925622058 0.04382914558877822 0.05284077673520508
0 0.47627169186046386 0.5276972091900639 0.0452309592838688 0.07471577673520517
0 0.4646413818660012 0.4397765921097848 0.06700582973421945 0.07468292574646931
0 0.4995299167220363 0.5811171401323134 0.029065738741233103 0.04091993094224957
0 0.5221384970745646 0.7059039726837172 0.04589229333702498 0.06076253737886681
0 0.4917989574381675 0.6527736188449899 0.02674177513842757 0.053201409654926125
0 0.5204338996031732 0.6100451694654085 0.03425388648947951 0.04906021287323483
0 0.5731781678017704 0.6074554010280767 0.06600453423772627 0.05905792574646931
0 0.5778063086101867 0.6454470739245546 0.025840609191583753 0.03913890965492613
0 0.6302408937430769 0.6844274464527151 0.03192992288667433 0.061341691585911205
0 0.6588560495108882 0.6542536273949647 0.0389809592838688 0.07427873416055811
0 0.6816520018549266 0.6291661460843981 0.036317034237726274 0.05698197351689647
0 0.6455664165651527 0.22485035065975958 0.03601664558877822 0.052294473516896464
0 0.49836314466592757 0.32991527305203433 0.03142927513842757 0.053529191585911205
0 0.5901899853543722 0.8440702442231423 0.0452309592838688 0.07471577673520499
0 0.658077194638241 0.7766203002914425 0.04070414558877822 0.052622255447881724
0 0.6795004141011426 0.7239705476935525 0.030928627390180985 0.045716691585911205
0 0.6312574714747117 0.9379730635329941 0.043167811535622214 0.06679401609154353