0 0.5083705830244426 0.3688864754900467 0.03908234736759475 0.04662202885594056
0 0.5300347626986898 0.31892368102500956 0.07734623920022674 0.06980655771188111
0 0.48704865453132173 0.3392708973597456 0.05147321996293304 0.043933538474587405
0 0.3668601509031246 0.24924111968493143 0.05018353847458741 0.05169147477225646
0 0.44598216651222133 0.1911409322061359 0.08817461179556503 0.06706350362819706
0 0.4359499128840242 0.10495789554564708 0.0738938569862416 0.0603224303072194
0 0.37109623920022683 0.08006453375008198 0.056324411069925695 0.048784729581579936
0 0.08551592558271395 0.3931349303072194 0.05207342068857253 0.06112103847458741
0 0.044027830029217674 0.3893452421954517 0.06284722958157996 0.056815484390903406
0 0.6222991960859521 0.6818626798438832 0.04684028366526398 0.04533234736759475
0 0.570545723127794 0.674593327666965 0.05336310217691818 0.05336310217691818
0 0.5393428523465543 0.719541239918017 0.04376984736759475 0.046785719962933035
0 0.34299613120249484 0.7501389315731638 0.03837301923729371 0.026309528855940557
0 0.3458135963561045 0.7861309952754946 0.04456845553496276 0.02496528366526398
0 0.3022347219466677 0.7448140253125615 0.03590278366526398 0.04495040145127884
0 0.27566229826287025 0.7212574742241025 0.043060519237293704 0.026473219962933215
0 0.27966031750016396 0.746366601628764 0.029270837748947988 0.03379464664195542
0 0.29337064263524015 0.8038070793962454 0.05109127404661713 0.03299603847458741
0 0.31043165706321046 0.8231299982707195 0.049637901451278846 0.03606647477225664
0 0.29861370334234616 0.8422247386520727 0.035684528855940555 0.03870040145127902
0 0.350022435919151 0.8619668089778255 0.04037202885594056 0.03886409255827132
0 0.24006708256110637 0.8862177861123346 0.04360615626060227 0.04209821996293286
0 0.21180069490482567 0.7471180805773718 0.042207347367594836 0.04673115626060227
0 0.14791924417918625 0.7277207506329721 0.04511409255827141 0.04059028366526398
0 0.17574165461613975 0.6530034928284238 0.026636911069925696 0.0477480192372937
0 0.23478183791858404 0.6901785998146656 0.04031746515360961 0.037301592558271326
0 0.13167170688572521 0.5976240228654908 0.030505955534962846 0.024474210344286363
0 0.08177091060658952 0.5763740162420687 0.03590278366526396 0.04495040145127884
0 0.07340533909971034 0.6049528840280838 0.0434424651536097 0.037410719962933214
0 0.16499506134007816 0.16650299763774729 0.035684528855940555 0.03870040145127884
0 0.5777282844678722 0.8355853913692958 0.04544147477225664 0.04996528366526398
0 0.7403993769413255 0.5556771804768553 0.049002984390903316 0.06257441106992552
0 0.6667560350160263 0.6365973090626434 0.04684028366526398 0.04533234736759475