0 0.22411875266550005 0.004992545646163515 0.03613749466899989 0.00998509129232703
0 0.4218017273233642 0.058678018519503494 0.05537839067472703 0.061284729581579954
0 0.46847618531191004 0.14138882559841243 0.050654528007635945 0.05799603847458741
0 0.5771239319700923 0.2000693664352525 0.044204533338636054 0.04059028366526398
0 0.5831199406429102 0.1545658934770945 0.053724984006999675 0.05341766587924912
0 0.6159575232734118 0.41971717832348476 0.05677725867281787 0.04727679328391084
0 0.5133955972708665 0.44204110082615583 0.07416475334181775 0.06506449400955035
0 0.5556825472629123 0.49913434901205733 0.04418635200509069 0.03902778366526398
0 0.5522121019255488 0.5289309764167192 0.030342028007635947 0.05728671034428636
0 0.5209984645926398 0.5268972504633361 0.04418635200509051 0.03902778366526398
0 0.576812112587549 0.5624329571794254 0.04596702800763595 0.05783234736759475
0 0.6451893952498675 0.5920634042768678 0.04111589600572696 0.04360615626060227
0 0.7061359859166402 0.5891541698859644 0.03815452800763595 0.05755952885594055
0 0.5621405379137767 0.615267780500403 0.038063621339908774 0.04974702885594055
0 0.5865769165738679 0.6628322612631093 0.049019302673454314 0.05169147477225664
0 0.6851865919000956 0.7117112161651 0.05063634667409041 0.05643353847458741
0 0.5104144059118677 0.6311308826773213 0.033521572008272396 0.0620833377489479
0 0.45788029925209467 0.5822047985565704 0.06001134667409058 0.056760920688572546
0 0.4535740599140949 0.6167162078123976 0.05844884667409058 0.0567063569862416
0 0.4497127159055044 0.6801065852170592 0.04431362133990877 0.04996528366526398
0 0.3716155352482766 0.6133308021847675 0.05526930267345431 0.051909729581580064
0 0.37852006325591264 0.556862547375444 0.04740225867281787 0.046949411069925694
0 0.1907029846037756 0.4564335053574776 0.055323846674090536 0.05659722958158007
0 0.4002752425605049 0.7677355599893158 0.025454533338636055 0.0399355192372937
0 0.40160083788196 0.8551537144358197 0.04901930267345413 0.05169147477225664
0 0.26073038987909647 0.8811581976455966 0.04580339600572705 0.04376984736759475
0 0.1875105185391877 0.9321329098039813 0.06302725867281786 0.04749504809323426
0 0.3065070612269595 0.7725718821291672 0.041134077339272504 0.04516865626060209
0 0.3390195692234596 0.7972072943802192 0.04602157200827239 0.06251984736759493
0 0.5271795706556368 0.06280746861217072 0.06162839067472703 0.06150298439090336