0 0.4678943790101043 0.5833320226744174 0.07104201186299815 0.060655700184570095
0 0.4284472184397005 0.6148416409652998 0.08443334980971962 0.08333173658176474
0 0.3253805682494201 0.6997754503414536 0.0709146778706093 0.05753070018457009
0 0.28632072684265747 0.6638973095330374 0.05516234387822054 0.053404404688076924
0 0.23711922288832482 0.6482513255721664 0.07148768083635879 0.07159320018457009
0 0.25402287999868745 0.6017372709763744 0.053854511862998056 0.05955427513842757
0 0.22031904205196592 0.5819649915190102 0.06680018083635879 0.07129281153562203
0 0.1905824625082015 0.601886267737172 0.07142401384016446 0.0700307001845701
0 0.16840903216613423 0.5382941371077885 0.046904174904859805 0.04196625693983034
0 0.1640106922422464 0.5072443962070871 0.0664818458553869 0.06348031153562203
0 0.11195876091159596 0.4408672270210408 0.06829901384016442 0.0698304410852714
0 0.17809841406762592 0.37239902683647064 0.07636618182494201 0.07658108883351815
0 0.30912421547395097 0.6083889867386482 0.05210101087441492 0.054766645588778216
0 0.3988950978325533 0.04336715916389709 0.0519100098858317 0.05007914558877828
0 0.6771288216722802 0.2973387561738632 0.052355678859192525 0.061016645588778305
0 0.6083576225471325 0.14743768815983604 0.0581600098858317 0.05047966378737554
0 0.6690722880604522 0.1380638857235125 0.06354784684397004 0.0679675524363235
0 0.710887056349241 0.22232946175710416 0.05548067885919252 0.061216904688076924
0 0.2168346033069417 0.4772274267441855 0.0487850098858317 0.04987888648947951
0 0.13441337555006316 0.5882533667497228 0.038837006920082205 0.03521560919158375
0 0.2602476581733079 0.7352809562015498 0.061412343878220546 0.053804922886674156