0 0.5567304301906326 0.5775686610456887 0.061455697240056395 0.0332367052052021
0 0.5943707520252997 0.5386202821347285 0.037881829545304765 0.02405912628012441
0 0.645261096181101 0.5419126111303934 0.036455697240056394 0.03178062101845249
0 0.6490952081938097 0.5823556006070497 0.07113070616851011 0.05097023677523325
0 0.6720378303527884 0.5974422743128078 0.057340941558013725 0.06577618942018652
0 0.7587196241842782 0.5454709796591842 0.04714773538950343 0.01835515785015538
0 0.7261292666357961 0.5153053375234572 0.034702282467404186 0.020752115756780754
0 0.7484248266993404 0.717338274383395 0.06005683847375849 0.04252069994353018
0 0.6888685945562478 0.7552169769577612 0.07458298863591431 0.0699022472985769
0 0.7946140340856666 0.7201223691640755 0.04437729139585791 0.0384856473268119
0 0.8039111676087309 0.6703120849632084 0.05531479139585791 0.03912268415851479
0 0.5424493364385731 0.8794874768165869 0.06000229139585791 0.03939569994353036
0 0.8370434472367612 0.46270471131392005 0.08708298863591431 0.0706302893919517
0 0.9180185320570718 0.6214356982303275 0.07916139448011279 0.06392526308359248
0 0.7042014939076248 0.6479659190793708 0.04435001785690744 0.03692314732681172
0 0.7303531164736404 0.48846982173844167 0.07606366801906325 0.06530575256024881
0 0.7743794005626023 0.7705696901966455 0.04892842370110628 0.030946163111827296
0 0.4602398449665802 0.11239795833014823 0.04747501785690744 0.03710515785015547
0 0.46702167897611185 0.14250268728346083 0.07134889448011279 0.0634702367752332
0 0.9393423327884204 0.49897686930524987 0.05073638555165907 0.04509966837349921
0 0.9463832654179803 0.5439253482585624 0.0508727532464107 0.05291216837349921
0 0.820749840092021 0.7389332823464899 0.05232615909060954 0.04675317363517095
0 0.6440061079489284 0.7836373795462448 0.05693183847375849 0.04233868942018652
0 0.6616845316500346 0.8107613216678544 0.08371252678536116 0.05638577886860787
0 0.7230623624131554 0.7876353638318164 0.05410684740221221 0.059344178896842695
0 0.7526504508869138 0.8250142664908872 0.04752956493480802 0.04023015785015573
0 0.593090264603906 0.9132940584430876 0.04125229139585791 0.038303636803468065
0 0.5571664013733812 0.9161684294615402 0.03502956493480802 0.0395021157567804
0 0.8487679257264057 0.551956927113053 0.05706820616851012 0.05015118942018652
0 0.7974627499967047 0.43529234285571616 0.053834112012708955 0.04371917889684287
0 0.5611825564100962 0.2949913794756577 0.06200116801906326 0.0644867052052021
0 0.4073466700476581 0.12877338722699108 0.04588524431795715 0.03545165258848364
0 0.3428438392845374 0.15208135558637284 0.0758182061685102 0.05124325256024873
0 0.28031656574558705 0.1541590660532468 0.03968979139585782 0.03821263154179624
0 0.3044359042193455 0.19185648712816905 0.05232615909060954 0.046753173635170994
0 0.3065847853067779 0.2253592318664972 0.0459670649348082 0.04013915258848364
0 0.5631616623337251 0.5427841373681654 0.049173885551659066 0.045008663111827295
0 0.5267350129823483 0.6512637662791257 0.08711026217486459 0.0721927893919517
0 0.4881986185022352 0.59407289255925 0.06027502678536116 0.05502069994353036
0 0.4401059918790299 0.5718485530402415 0.05887616801906326 0.06430469468185826
0 0.8899947179330425 0.7184772982020927 0.05566934740221256 0.05943518415851479
0 0.7422236452875965 0.6308925401684105 0.06350912094116268 0.06145271046687384
0 0.7118463985340074 0.6827126454018476 0.058603432629560005 0.04867969468185827
0 0.5977390340856665 0.7315890321347285 0.05386138555165907 0.04528167889684287
0 0.929671277999882 0.437758648244445 0.04906479139585755 0.038758663111827296
0 0.6837996704514 0.4200152243269253 0.047584112012708776 0.04335515785015538
0 0.30545825648952646 0.5640500055440205 0.04448638555165916 0.0447356473268119
0 0.46882310145610673 0.6937389635918201 0.04130683847375849 0.04142863680346807
0 0.6956741534052714 0.5178611901260582 0.053806838473758486 0.04215667889684287
0 0.8579168291349724 0.6280644008046937 0.041279564934808374 0.039866136803468066
0 0.6569816205308301 0.6757415795603622 0.06515344155801372 0.06623121572854593
0 0.815084446829724 0.6383795455006697 0.052407979707460584 0.05144067363517095
0 0.5856833189887027 0.6681635689664314 0.05391593262956 0.04840667889684287
0 0.561119695611908 0.694619653153181 0.07598184740221221 0.06061825256024882