0 0.5858207016484952 0.6414560820734966 0.046918558666190435 0.0458215773392725
0 0.5646937366815736 0.7746952960693605 0.047246340597175515 0.050509077339272325
0 0.5872628693491929 0.6844066507399511 0.05516810124083733 0.052162484006999674
0 0.5020187740604405 0.8161191800604517 0.04812042574646931 0.06300907733927233
0 0.5337275959681825 0.8453708753978152 0.03710651609154336 0.039462489337999784
0 0.4278982130484617 0.8613129540499521 0.05447968639013112 0.06464430267345449
0 0.5036641294886517 0.5382396280633153 0.037794930942249574 0.026980670671545325
0 0.595289992710533 0.20754470607890543 0.04368429802252862 0.0442227146721816
0 0.5606418411013786 0.20323846674090568 0.036997255447881724 0.03789998933799978
0 0.5974041497675688 0.24894186541213276 0.04826253737886681 0.04271475867281786
0 0.5591118281119284 0.29299131007317847 0.0383412341605581 0.034793170671545234
0 0.538258378732347 0.3185089307367695 0.05941855866619043 0.04596702800763604
0 0.6629416684570024 0.270781050087496 0.06308986188449897 0.05381589067472685
0 0.6588822351689643 0.335524802752996 0.050229228964778015 0.07083975867281786
0 0.7156674667316325 0.38848671809354113 0.05102690445914604 0.05992044000636341
0 0.6226223070767064 0.3639856100811326 0.043465776735205 0.041097714672181596
0 0.6961690677203682 0.3664026327577685 0.039652361884499145 0.05354317067154524
0 0.7035173919738987 0.30403899275935936 0.03398151609154336 0.039426126670908876
0 0.6089639986626176 0.3919287967456782 0.0367787341605581 0.03477498933799979
0 0.5701910757661398 0.38445210407381475 0.05927644703379294 0.06626134667409059
0 0.5365480492830363 0.41684643340226957 0.028966234160558102 0.03468408267027243
0 0.6050848818344401 0.448087890077951 0.039106058666190255 0.04573067067154533
0 0.5056751076971251 0.3883850787316788 0.04433986188449897 0.05359771467218159
0 0.4865534031217636 0.44983110872849713 0.04546531930985207 0.04736589600572696
0 0.47548985300554814 0.5706975920591791 0.07333894703379293 0.06642497867599957
0 0.47097695164849523 0.6401197540579064 0.06687042574646931 0.06322725334181775
0 0.4897323054872226 0.6739044080601335 0.03888753737886681 0.042605670671545325
0 0.522457324176656 0.6953617847310425 0.06261996832111638 0.06942270934118148
0 0.4750795796245376 0.7322799820575883 0.06654264381548422 0.058539753341817755
0 0.5022647924977723 0.7638208833943153 0.04368429802252862 0.0442227146721816
0 0.43320915387806824 0.6693436300524975 0.054949579953513704 0.04903748400699968
0 0.4127927470731338 0.7011112507160886 0.048120425746469485 0.0630090773392725
0 0.41156374682103236 0.6277192040499523 0.05004355866619044 0.04585794000636341
0 0.37864198617737055 0.6257748960454979 0.039106058666190255 0.04573067067154533
0 0.3711569041301698 0.7419993327100435 0.05160605866619035 0.045876121339908774
0 0.3918625240604404 0.8148373960454979 0.039761622528160775 0.05510567067154533
0 0.41225715153227976 0.7604317067154522 0.0678537715394251 0.07728975334181776
0 0.5910869918773537 0.7390941507399512 0.03576253737886681 0.04256930800445424
0 0.46870924732523533 0.7751396440563156 0.047464861884498964 0.0536340773392725
0 0.5607175227999328 0.44991347207190574 0.07821211733238051 0.09146134134309047
0 0.6115259059717552 0.5067089120782692 0.05305929802252862 0.044331802673454136
0 0.5840018395118948 0.5149753980744511 0.04179401609154354 0.03951703333863606
0 0.5787576925943174 0.32834755474217836 0.04524679802252862 0.04424089600572696
0 0.6023426580654421 0.34189243407858727 0.04223105866619044 0.045767033338636146
0 0.3661144890273621 0.6810527420432708 0.03343521287323466 0.031613626670909056
0 0.3557614970731338 0.7004476320416799 0.03532549480421991 0.036319308004454244
0 0.37416728964778073 0.7069067173774526 0.039433840597175515 0.050418170671545325
0 0.46200115337386516 0.5229231633911338 0.040340776735204996 0.04106135200509069
0 0.641383014754161 0.4313367420830416 0.03732503737886681 0.04258748933799979
0 0.49292337144287995 0.5185992900620426 0.04335651609154336 0.039535214672181594
0 0.5407045796245378 0.7330435980664969 0.04110560124083733 0.05199885200509069
0 0.5837890360414846 0.43378903274186015 0.05604218639013112 0.06466248400699967
0 0.5419571791006641 0.270934496737724 0.04546531930985207 0.04736589600572696