0 0.3440674938261368 0.6580174569825844 0.07301599784053163 0.04341480925276535
0 0.3995956030177205 0.6945901566582728 0.05064035009228505 0.03522047970746058
0 0.31701004780361985 0.8704453189952932 0.055928627390180986 0.04467730032431163
0 0.3877731307770418 0.8762492597425279 0.022315090992986432 0.0316045560063543
0 0.4187728069029184 0.8717975389635211 0.028204145588778217 0.050436376623205346
0 0.44201934222037886 0.9050230961876917 0.04342862739018098 0.0444591120127086
0 0.613032749067924 0.9129877804421046 0.061878238741233105 0.04009889448011279
0 0.6168598534791458 0.862865049516828 0.04322836829088228 0.041334112012708604
0 0.10618676202473412 0.6684266716725112 0.054366127390180985 0.04465002678536116
0 0.1742160687799943 0.6437754991892211 0.0669057001845701 0.06984094155801354
0 0.39771321406423077 0.1526111623403157 0.04402940468807692 0.053834112012708824