0 0.6285093305617775 0.7429642103008102 0.055360209341181486 0.060359611248705036
0 0.4813439765675046 0.7076539106723138 0.06784202800763595 0.05937930810555194
0 0.38276157324159515 0.6575875982235356 0.07905224801081764 0.08332623035529281
0 0.30930534456559555 0.729721617453958 0.0520352146721816 0.04302656203449331
0 0.3088064525780041 0.6383881420610639 0.03815452800763595 0.05799659057054072
0 0.2607502132400043 0.6749827675777925 0.042769302673454315 0.05196491439185813
0 0.47762808322727757 0.7585807098865255 0.05517839600572696 0.044734611248705036
0 0.4717957065563687 0.7900854210113959 0.07249316534054503 0.056472631926869354
0 0.40532582188895966 0.7986470918133949 0.09627611067790856 0.08725175103345731
0 0.5705422892266412 0.7589381207637269 0.1023988413430903 0.07660534946188058
0 0.5469871579010499 0.7030348771738677 0.07412839067472703 0.06279540653397539
0 0.4989951005729134 0.6670096399941492 0.07260225334181776 0.06584763192686935
0 0.5332406418682788 0.9449505494236087 0.11475339067472685 0.06468754631872749
0 0.7679120166295472 0.23752323139325937 0.07416475334181775 0.06592040653397531
0 0.7757159733052286 0.17078949566128304 0.08864542401336309 0.10251287799792799
0 0.8405420893141372 0.10218073676994285 0.08057838534372692 0.08027400496239875
0 0.4940750746340015 0.21748267494033735 0.10412497334499946 0.09074062406898661
0 0.42543361529282003 0.2784608703494421 0.12632723734881743 0.11988446856846861
0 0.7300189285885036 0.5414680227495883 0.06309998400699968 0.054473484284234354
0 0.4213497165420512 0.8978465711352304 0.05841248400699968 0.054255160462916764
0 0.4029997058800509 0.8643448664205007 0.07567270934118149 0.06130568114108108