0 0.5807566155898692 0.23531495591982185 0.02770850593149916 0.028434082670272608
0 0.5627679609509646 0.17852006325591266 0.054682182813525236 0.07716248400699968
0 0.6140267134224225 0.1662104199156857 0.04160917984777566 0.06295453333863614
0 0.6950392914833122 0.19025589990454983 0.05599001482874755 0.07093066534054512
0 0.7271050335746468 0.22736500123332276 0.04948534684397003 0.06460794000636341
0 0.714614303840602 0.13146215523554994 0.03960101087441501 0.05199885200509069
0 0.6542179733082543 0.11888997724382229 0.057425180836358794 0.06782384667409058
0 0.5286118423581647 0.34602573659295793 0.0383568458553869 0.059793170671545236
0 0.6333524446021611 0.6501308865770496 0.03590300790866543 0.03789998933799978
0 0.6807076056668565 0.6761297652371407 0.04948534684397003 0.06460794000636341
0 0.688522764260094 0.7143019272358682 0.03370383794672147 0.02225680800445442
0 0.5633132227396006 0.9125405272517766 0.036094008897248564 0.04258748933799979
0 0.5609084643366437 0.9523933679185493 0.05117518083635879 0.0677511213399086
0 0.6120690577205725 0.9041644059118678 0.03979201186299815 0.05668635200509087
0 0.5132959766939333 0.8943814205920034 0.0404923488211363 0.07387385200509086
0 0.7565127133852416 0.559677514560823 0.0544911818249421 0.07247498400699967
0 0.7109482039937014 0.6047178419000956 0.046360346843970036 0.06457157733927232
0 0.5409620147543854 0.7136763132559126 0.057425180836358794 0.06782384667409058
0 0.5725157622829276 0.725022345918231 0.04052684091247087 0.036392033338636054
0 0.5633980888609426 0.7571445025859582 0.04208934091247087 0.0364102146721816
0 0.5851364846025987 0.8560632605824583 0.03411501482874755 0.0706761266709087
0 0.5572170730436118 0.8321808652530492 0.038900673916276676 0.03481135200509087
0 0.6094016555531259 0.8354780405792768 0.029589340912470875 0.03626476400381797
0 0.6322144144503744 0.7930450925764132 0.036094008897248564 0.04258748933799979
0 0.6189384816368492 0.8697257712444586 0.03902800790866543 0.037936352005090865
0 0.6473154910283894 0.8248854385741862 0.042407675893442943 0.0442227146721816
0 0.657309914944666 0.7904104412396862 0.027517504942915848 0.02374658267027243
0 0.6787193413324004 0.7440894245703681 0.04741351087441501 0.052089758672817864
0 0.654755259317178 0.7381212352403225 0.02372134288963732 0.04556703866963616
0 0.6267602519028042 0.7735865679105951 0.02783583992388792 0.03155908267027243
0 0.5986471807619967 0.7161286039147312 0.02809050790866543 0.03780908267027243
0 0.6180020172258434 0.7010666779121859 0.04916701186299797 0.056795440006363405
0 0.6144021733476229 0.7510848592457313 0.04317167984777566 0.0629727146721816
0 0.5549409431192863 0.6580712032543218 0.03491351087441501 0.051944308004454244
0 0.3510002010279518 0.6229620486155478 0.04703150889724857 0.04271475867281786
0 0.3508755256288004 0.6643501172820023 0.029844008897248565 0.04251476400381797
0 0.5980025350203406 0.6169643979153675 0.02802684091247105 0.03624658267027261
0 0.6096482781374395 0.2545007605824584 0.03979201186299797 0.05668635200509069
0 0.5600050582892262 0.11217744792332171 0.0346588428896375 0.04569430800445433
0 0.6178785666921833 0.07167916991568571 0.052037343878220454 0.050581802673454225
0 0.6543042035365907 0.2125945239099587 0.04591467787060921 0.05363407733927241
0 0.7504112465027778 0.40279171522918666 0.058924013840164415 0.06627952800763595
0 0.7120875982524828 0.7109042072326865 0.043044345855386724 0.0598477146721816
0 0.526695290420367 0.9871501759230036 0.05050933596955502 0.013081802673454134
0 0.48879604239753344 0.978220618594867 0.05283583992388792 0.031849984006999676
0 0.5649314139560827 0.7961706399188674 0.045978344866803765 0.0551965773392725
0 0.5369509939941388 0.8121138132559127 0.04610567885919252 0.058321577339272325
0 0.5471589821311408 0.8682183625875493 0.03803851087441501 0.05198067067154497
0 0.341718042929006 0.5824643179503659 0.036348676882026074 0.048837489337999786
0 0.3082304277962472 0.7335637412874112 0.04467051285158128 0.06142839600572696
0 0.5000331976050918 0.24250129459741226 0.05098417984777566 0.06306362133990877
0 0.674310367035563 0.6223235125716406 0.03328734387822045 0.05036362667090906
0 0.6045841629674996 0.8003945159134584 0.0378475098858317 0.04729317067154533
0 0.6541451056668566 0.6764388479074134 0.03803851087441501 0.051980670671545326
0 0.5788095246402173 0.6663831425843675 0.037974843878220456 0.050418170671545325
0 0.5629178581754954 0.2706621099220491 0.04129084486680377 0.05514203333863606