0 0.3142110205681409 0.7389284847141419 0.03190452800763603 0.05752333992388792
0 0.3389206665738679 0.6977278231551549 0.04131589067472685 0.061030341901054184
0 0.35487293057768593 0.6702394931170989 0.036519302673454226 0.051464340912471054
0 0.36770983259073076 0.5746232455885567 0.017460220003181703 0.024137836958138335
0 0.40947061859486694 0.5458416709877081 0.025745434675363298 0.06508117193911023
0 0.43665073659295794 0.56101834342111 0.04445907200827239 0.06272017589344295
0 0.6807439925605049 0.8101402288198238 0.031995434675363296 0.06533583992388792
0 0.6032002478915051 0.8241762125082014 0.03499316534054522 0.054525673916276676
0 0.5022371845560505 0.8356946912536631 0.03988066000954511 0.07190417490485998
0 0.492753643897232 0.7774683557783997 0.019222714672181597 0.04138900395433254
0 0.5198252212365044 0.7348006947137043 0.041406797342454026 0.06884284190105419
0 0.4986042019016864 0.74487869026508 0.028670440006363408 0.04802100593149898
0 0.5014933919080496 0.6980991907593717 0.03508407200827222 0.062338173916276676
0 0.495171213916322 0.6368751892764969 0.0098840773392725 0.04413200197716627
0 0.4525569999204582 0.6046555968811511 0.023910214672181594 0.041580004942915846
0 0.4411740572485948 0.6424911779077904 0.0304329346753633 0.06527217292769336
0 0.38364282057609506 0.6831360825466951 0.02074885200509069 0.038327670950527096
0 0.39199112257323154 0.7045800010257641 0.016134077339272503 0.04438666996194378
0 0.37620194322886846 0.7852251645619175 0.04287839067472694 0.06109400889724874
0 0.3745763559039135 0.7234109140676259 0.041206802673454224 0.05165534190105418
0 0.43756725190964046 0.6837700939154016 0.033357940006363405 0.0482120069200823
0 0.4085337325748224 0.6935297544858054 0.033285214672181596 0.04196200692008212
0 0.4121218092377771 0.7210326719762913 0.03651930267345431 0.051464340912470874
0 0.43215249856782273 0.7460790929268184 0.03655566534054522 0.05458934091247088
0 0.4691985125716407 0.7194502673373866 0.04731135200509051 0.039410009885831696
0 0.4609042072326865 0.7605381823564146 0.03968066534054522 0.054716674904859805
0 0.4198155832272777 0.7987265904553604 0.031795440006363404 0.048148339923887916
0 0.458215011895323 0.790130181862123 0.033594297342454026 0.0685245069200823
0 0.40072177991727653 0.6259920860067362 0.03998974801081765 0.08127917490485981
0 0.6847331532463676 0.6688294793141154 0.033357940006363405 0.048212006920082116
0 0.522451329248913 0.6434581117098988 0.020785214672181595 0.04145267095052709
0 0.5727502265675046 0.7541528725843136 0.027071577339272325 0.044832338935304604
0 0.561049110558596 0.8193322036109528 0.030105670671545327 0.03714717292769336
0 0.361577463916322 0.6314316611018764 0.020857940006363408 0.04770267095052709
0 0.4865336526098208 0.43877327030313606 0.028543170671545326 0.03708350593149916
0 0.4157398946133206 0.41009517197629136 0.02387385200509069 0.03845500494291585
0 0.7742876439370029 0.49583233110100144 0.028743165340545218 0.05427100593149916
0 0.7871336366168205 0.39943483357245924 0.0366829346753633 0.06552684091247105
0 0.7539398759548203 0.3636909931542799 0.030323846674090583 0.05589717292769345
0 0.8053483819621381 0.3118539205305976 0.025599984006999678 0.05258117193911023
0 0.7127256246419557 0.21115890075893412 0.04278748400699968 0.053281508897248565
0 0.6425949379774101 0.1926688859301865 0.03661020934118149 0.059276840912471006
0 0.647245527967865 0.26320422041686686 0.030287484006999675 0.05277217292769336
0 0.7438125399825009 0.15927540718472474 0.03657384667409058 0.05615184091247096
0 0.764015404638774 0.23669741163334904 0.0429329346753633 0.06578150889724857
0 0.8001710806413194 0.21941175254582004 0.03499316534054522 0.054525673916276586
0 0.8249170893141372 0.1750860909868331 0.04120680267345449 0.05165534190105418
0 0.7889523173138191 0.17596550007436212 0.033321577339272504 0.045087006920082204
0 0.8303029286282744 0.3167788424697079 0.030305665340544862 0.05433467292769345
0 0.7496512706079118 0.463563659161891 0.0335579346753633 0.06539950692008212
0 0.5344786145767314 0.6845924476794538 0.028670440006363408 0.04802100593149916
0 0.5020581079328668 0.5152230237631772 0.03993520401018138 0.07659167490485981
0 0.3335706425843674 0.6201294051703774 0.034993165340545127 0.054525673916276676
0 0.44985980860123026 0.5005901793906651 0.05234429734245403 0.06928851087441501
0 0.7108454986473646 0.17121965026464253 0.028543170671545326 0.037083505931499026
0 0.40582219131922787 0.12049150250863898 0.028670440006363408 0.04802100593149903
0 0.3642613999840917 0.13208557710948762 0.023892033338636053 0.04001750494291585
0 0.3864273013208187 0.1079769150562091 0.02100339067472685 0.060202670950527094
0 0.44243240066040934 0.06414334342110999 0.040952264003817976 0.029780341901054184
0 0.49328199725495814 0.5977171887822053 0.0286340773392725 0.04489600593149916