0 0.6567350893936791 0.47487826116314247 0.030032945337363514 0.031070217535011223
0 0.6315720047342241 0.5268024801458958 0.030178396005727137 0.043570217535011224
0 0.6546827880728603 0.5669202119489308 0.047584072008272214 0.06312073821317572
0 0.612668010741542 0.5797990475570727 0.044477253341817756 0.06453768899896417
0 0.6192998187459964 0.612902645985496 0.037954533338636055 0.04080909057054054
0 0.5296924260820871 0.6290306060769092 0.02543635200509069 0.03866439371369381
0 0.5786748187459964 0.6110105062007438 0.03326703333863605 0.04059076674922295
0 0.49960548408654154 0.6604240012383451 0.03964430267345413 0.051819365177646404
0 0.5233247947564958 0.6857343703449329 0.028706802673454136 0.05130994292790554
0 0.5521315947644501 0.7456380632728384 0.02723520934118149 0.0590496683207995
0 0.5749509294239049 0.6936046823794262 0.023946577339272322 0.04484161910658777
0 0.6077634294239049 0.6951329491286492 0.033321577339272324 0.04527826674922295
0 0.6007599987666772 0.7643003260931199 0.0348477146721816 0.04222604135632881
0 0.6324458034293137 0.7361047055387899 0.03661020934118149 0.05948631596343468
0 0.6490060474219959 0.6829989762169545 0.036519302673454136 0.05167381596343468
0 0.5957281481142219 0.8686967276646964 0.03030566534054522 0.05450771753501158
0 0.6197543520846325 0.651965145985496 0.031886346674090585 0.056142992142117265
0 0.6819441747294517 0.4940114048768362 0.05063634667409058 0.057016287427387444
0 0.6754310927354968 0.5382151691448599 0.038136346674090583 0.05643409057054054
0 0.33131472935231726 0.15519919209933591 0.0348477146721816 0.0422260413563289
0 0.43901233473899665 0.5529710661683225 0.03183180267345413 0.05145549214211727