0 0.4752446664422303 0.7466958582498575 0.0619953889641522 0.052419345855386726
0 0.20964624265236914 0.8548771368815886 0.07013543758467104 0.05898768083635879
0 0.12163498756398647 0.7714332841061196 0.10573210085908266 0.11344968775644108
0 0.23990138794809926 0.6361098908359214 0.057062227498762844 0.047540844866803766
0 0.25315166044933646 0.6820590607978652 0.07539614767057934 0.0701161818249421
0 0.1343507507929695 0.6333748685927999 0.06750176051544958 0.06823534684397004
0 0.10359207372374801 0.6227265286689121 0.07013543758467104 0.05898768083635879
0 0.10029001130841908 0.5662218606841345 0.07070864767057934 0.06992518083635879
0 0.060480560833449236 0.5340659352849831 0.06692855042954131 0.05729784684397003
0 0.1576089456137298 0.3837887040680634 0.049413501809022306 0.0503475098858317
0 0.1825856914298583 0.28067829152049334 0.07901247060135788 0.07961851581733077
0 0.20247214552287277 0.21494054498053444 0.08945864767057934 0.0706891847906915
0 0.46825759780686493 0.20776335083548378 0.09159435775648764 0.08169035178688588
0 0.5385324762555673 0.22628519916232862 0.06602114767057934 0.06973417984777566
0 0.5354384537543302 0.18074986467564824 0.08008364767057934 0.07030718281352515
0 0.6499579771600785 0.2065549723940332 0.09701884215265544 0.0959438527754691
0 0.6574551373822723 0.45191389334456034 0.07070864767057934 0.06992518083635879
0 0.3697139614447046 0.8332143369953193 0.05549972749876275 0.04747717787060921
0 0.7527554285395596 0.21700699414286304 0.05689845318850324 0.04441584486680368
0 0.6126892712580417 0.3201253824701454 0.05418288896415202 0.05210101087441492
0 0.6117719024202778 0.2629349649796594 0.06339411465389269 0.04935801285158128