0 0.6077846167497228 0.08868543313280823 0.07900518198597287 0.06511905771188106
0 0.5559298249538575 0.007802543199092797 0.04126535009228505 0.015605086398185595
0 0.10773603563122744 0.6907737890227417 0.07531897748246603 0.08058036660488846
0 0.14280264806201365 0.7152727920179665 0.07335595928386876 0.07427580290255768
0 0.1920121036452546 0.7501909398410482 0.05033996144333708 0.03137897477225664
0 0.23075442859911205 0.7659870654316114 0.08928134793281677 0.07950893992586608
0 0.29321365824104645 0.7279488628918734 0.06574371838316742 0.07712798439090349
0 0.3353696822997399 0.6539830840359329 0.06640505243632351 0.06312004809323427
0 0.34222165716131225 0.7051909199707824 0.04126535009228505 0.035739092558271325
0 0.40558564544111997 0.835493489663563 0.07451794108527157 0.06808036660488845
0 0.11078519664082583 0.39991317604605015 0.05104086829088237 0.04231647477225655
0 0.38680388340716065 0.2406100647986392 0.09543121838316733 0.07816469473518968
0 0.36087124151901023 0.18305302514292546 0.08469397748246603 0.08090774881887364
0 0.34816978485603506 0.12581344401739944 0.058792811535622214 0.06597222958157993
0 0.2657008389904016 0.2814756561757842 0.06474242288667416 0.06150298439090331
0 0.5148170643133994 0.152733064165667 0.053404404688076924 0.05487103847458741
0 0.6227599722406787 0.15909713685367252 0.07531897748246603 0.08058036660488854
0 0.6753132757567364 0.11750734837908516 0.06700582973421945 0.07249504809323426
0 0.5866689713178281 0.5033382101746502 0.07880492288667415 0.061994057711881115
0 0.284893325110741 0.37122763693849054 0.09719397748246603 0.08134425843752054
0 0.6106035263750453 0.31230398240716883 0.07940570018457009 0.07136905771188111