0 0.4796649367678579 0.06482305213178172 0.08236151384016441 0.07073160703211538
0 0.2507109017103362 0.3089990584533032 0.08124468281352523 0.08156897748246603
0 0.30021478908621646 0.5627458197120702 0.07353034190105419 0.0452309592838688
0 0.29074162999868747 0.5993842265596154 0.05672484387822054 0.053504534237726276
0 0.3643038053978388 0.6361845172757465 0.058351010874414924 0.05516716378737563
0 0.32354881281221265 0.6740442651162784 0.055035009885831696 0.05027940468807692
0 0.24964573919994715 0.7249942982742704 0.046904174904859805 0.04196625693983034
0 0.4597237347513229 0.690383059071612 0.07674818380210838 0.08595608883351816
0 0.4015584076790163 0.7238754819582862 0.07611151384016442 0.07033108883351816
0 0.36719533653820885 0.7840410263750452 0.04677684091247105 0.03884125693983016
0 0.2968974239906387 0.8081281708840894 0.059849843878220545 0.05370479333702498
0 0.5358272728117751 0.8664461088870418 0.10098417984777566 0.06880816162790708