0 0.645296532661179 0.7329305764721152 0.037710600158284535 0.06198317445232178
0 0.5930246419906636 0.5978485343105316 0.04654003087881229 0.04350595909205772
0 0.5920926278048986 0.6298797843105317 0.04282399749271768 0.02310253087881229
0 0.582453203352577 0.6660673368969564 0.029261602665567033 0.03988085391920819
0 0.5365998310909686 0.8469369036691461 0.032568459092057724 0.04622178213245363
0 0.6470445522572204 0.5923737726320492 0.0376196719450391 0.058858174452321596
0 0.5593506724737647 0.708891334389674 0.02792642319868044 0.04764788981258548
0 0.5892738531942925 0.7267547843105316 0.032613923198680436 0.04778428213245363
0 0.70615381314428 0.8412227981005852 0.022738818025830908 0.03032399749271768
0 0.6534463502912986 0.855245845672445 0.034040030878812286 0.043142246239076344
0 0.7008047350893192 0.7836148865803872 0.031005959092057722 0.04617631802583091