0 0.5296144996613157 0.25969488895348974 0.024822937584671044 0.057651813695090495
0 0.6377102826780024 0.24624126310446828 0.08066350180902226 0.05344397748246603
0 0.6615472523748492 0.19524926202473408 0.050812227498762755 0.04841651603912896
0 0.18400991406738107 0.587155248301957 0.04555151741285455 0.037178627390180984
0 0.2778683774326497 0.7107510394795135 0.05262038896415202 0.053204145588778215
0 0.24929964213197078 0.7473300871354751 0.03642217887824373 0.04126535009228505
0 0.3774456535519315 0.6653965715577714 0.05689845318850324 0.045692034237726276
0 0.4459223366140468 0.7348462808416402 0.03904921189493056 0.0616779796419344
0 0.36792681139927613 0.7572836829088235 0.05377345318850324 0.04549177513842757
0 0.2815865196761621 0.7893766872277602 0.0358423247398008 0.05991522054263569
0 0.28863105778123155 0.8494025293004807 0.04735967887824373 0.04196625693983051
0 0.20566142752350675 0.8770082927187162 0.06520227611928178 0.055567681985972686
0 0.5857948213488988 0.5039443391380599 0.06503850180902226 0.05244268198597268
0 0.645381183289258 0.5336306415743834 0.06174972749876275 0.04911742288667433
0 0.49525951605811747 0.900269824178665 0.04308161465389251 0.04947836829088246
0 0.4890670697670192 0.9735571298541912 0.03847600180902226 0.0507404796419344
0 0.43289563489588156 0.9534961512919911 0.042174211894930556 0.061878238741233105
0 0.17179211782171128 0.7454986744278337 0.0545923247398008 0.06111677513842757
0 0.21494233152566414 0.6400892836194174 0.0358423247398008 0.05991522054263569
0 0.25992396087887776 0.6343492257844231 0.050068599050060315 0.06394138648947952
0 0.23477787596231164 0.5308341995662613 0.04686171189493056 0.062178627390180985
0 0.40521985074754097 0.5691922000276867 0.09661605042954129 0.06069527297895938
0 0.5217356433751662 0.5147328423772624 0.04579717887824373 0.04186612739018099
0 0.7391068498430299 0.614888738427466 0.05064845318850324 0.045291516039128864
0 0.49812988353708515 0.12755421498708142 0.049577276119281775 0.054566386489479604