0 0.516156902544792 0.2548444977605048 0.06391833605604162 0.06130111436318471
0 0.5898665062682641 0.23253770570422297 0.04480466014423605 0.04556703005422928
0 0.6123584488975696 0.1917763503180287 0.04197060087368065 0.05804884933607006
0 0.6465522641520488 0.2173621575978169 0.05465243882958326 0.06593407220870695
0 0.530290178096007 0.15709279899016884 0.04175239532659738 0.048673849336070066
0 0.6269320548052433 0.3143644226249315 0.03219555737069442 0.040806807181592394
0 0.5954463186729517 0.33798827498606376 0.03695579255305557 0.04395907825883123
0 0.6525314668493405 0.30640193170011787 0.02114895459715278 0.03605567466803503
0 0.7196468848773614 0.3364843414392341 0.045095600873680655 0.058067030054229286
0 0.7290595588893058 0.405188889643836 0.03208645459715278 0.03611930718159222
0 0.6982816843642711 0.39208490164588855 0.04175239532659738 0.048673849336070066
0 0.7174323810776393 0.44276161251647295 0.03844555737069442 0.04084316861791084
0 0.6937766755305559 0.4335229679026672 0.04197060087368065 0.05804884933607006
0 0.6673232783040977 0.4383650040070208 0.036883057370694416 0.04083407825883114
0 0.6293693366247226 0.4526502178044714 0.04346036569131932 0.054932939695149584
0 0.644177372243924 0.4845996545727548 0.04378767401194459 0.06899543969514958
0 0.6626916361116324 0.5079326154433392 0.03419446846486114 0.05956589754067192
0 0.6354024374984032 0.5104354467272325 0.040153527735416715 0.04710225897699054
0 0.6241389355985422 0.5636331695998695 0.04349673328249999 0.056495439695149585
0 0.5667803772779172 0.5499024677062755 0.048402438829583436 0.06589771077238851
0 0.5697982341355214 0.6459916725267357 0.05305357123840295 0.06436248184962742
0 0.6179811609972574 0.6347723713952675 0.04967399810013902 0.05340680113146803
0 0.6695605383720838 0.5680570491865605 0.042152438829583264 0.06586134933607006
0 0.7003384128971186 0.581161037184508 0.045168336056041626 0.06119203005422928
0 0.7242655689572921 0.5349218414392342 0.028925087005972117 0.03453862646343318
0 0.7507546805645491 0.49804401015534083 0.02903418977951393 0.039226126463433174
0 0.732660603626563 0.5934746848233758 0.045168336056041626 0.06119203005422928
0 0.7217601244281255 0.6286991125164729 0.030887630508958354 0.0517352168225127
0 0.7028646540634033 0.6225581968254283 0.03906380642076392 0.06740566861791084
0 0.703298452316042 0.5069150161072692 0.02747168977951393 0.039217036104353474
0 0.7283705342880212 0.47629627518245543 0.04182513050895835 0.05179884933607006
0 0.6655048987450698 0.3602400040070208 0.07543771751493047 0.08636474687674198
0 0.2364538315907295 0.3900836027539156 0.03750130642076392 0.06739657825883123
0 0.21172724173496565 0.4355460936787294 0.04058993882958335 0.06585225897699054
0 0.6647288744281254 0.629030910622879 0.05338087955902786 0.07842498184962743
0 0.6161776991819101 0.3894371454975685 0.035611498100139014 0.05332498789975162
0 0.4799998905769446 0.17848198566025641 0.04400587955902786 0.07837043969514967
0 0.20835289427975753 0.6934131358332071 0.0406626740119445 0.06897725897699054
0 0.23935028077263953 0.7830887141902341 0.04829333605604171 0.06121021077238851
0 0.30897244975059096 0.7865904432111911 0.035720600873680654 0.05801248789975162
0 0.5840009788171878 0.3833734978587007 0.04316942496187508 0.04243293969514976
0 0.3017151556789239 0.3740768076725717 0.04233427678548622 0.07367384933607006
0 0.1675622804882991 0.5858233496306576 0.03419446846486114 0.05956589754067192
0 0.2577158082237158 0.6321801991631194 0.05341724715020835 0.07998748184962742
0 0.2406179207809033 0.5689898527539157 0.056724085106111134 0.08781816256778648
0 0.6034439226807644 0.5137467990883646 0.04720361474138883 0.08151362041330898
0 0.5574761528291324 0.45228712432213375 0.045168336056041626 0.06119203005422928
0 0.17288751975472277 0.6803364189124984 0.04524107123840286 0.06431703005422928
0 0.5786816184442019 0.5912450851927182 0.04186149810013902 0.05336134933607006
0 0.25746254150621584 0.6884392895221991 0.0481478656913195 0.05496021077238851
0 0.19825250208729228 0.7630125635263042 0.046585365691319505 0.05495112041330898