0 0.40244610565696004 0.40413414760770794 0.036741136803468064 0.04142508700597212
0 0.7991691872128737 0.3707143970390271 0.05420165258848364 0.046512630508958354
0 0.8662579766754124 0.35745002441385343 0.05060621572854558 0.06515352773541672
0 0.8413181608339272 0.3034171410551035 0.05540013154179633 0.04029899810013902
0 0.8160605556004903 0.3352126549228118 0.0462071420651398 0.043205792553055566
0 0.592751129193309 0.24444675703076335 0.03628611049510884 0.03361258700597229
0 0.7106086741998684 0.5249128941892355 0.0400481473268119 0.044622822188333446
0 0.8428674373540481 0.5179335827344784 0.04464464206513981 0.04316942496187508
0 0.7810730926439546 0.5474587349949298 0.03628611049510884 0.03361258700597229
0 0.8521668426439547 0.5458040095962146 0.029581084186749606 0.025654616641249996
0 0.8630896611162759 0.5993829512755895 0.04758763154179633 0.04011716014423605
0 0.7950985243128079 0.6415353901051729 0.04482665258848364 0.04629442496187508
0 0.6922865245245694 0.8662827765980549 0.05732665258848364 0.04658536569131968
0 0.7069167138741688 0.7356503724377423 0.04280912628012441 0.03844555737069442
0 0.7207586769718787 0.6721327330950688 0.0403211631118273 0.04931032218833344
0 0.5877278271412878 0.8531125890027426 0.062196163111827296 0.04981946846486096
0 0.5310848580760344 0.17800544586034678 0.042718121018452494 0.03688305737069446
0 0.5244862475809257 0.21092704863388842 0.05300317363517095 0.052726262917777864
0 0.3785976239316371 0.2509916170224996 0.04620714206513998 0.043205792553055566
0 0.7656532189946663 0.5844866095199646 0.0400481473268119 0.044622822188333446
0 0.6379769980750358 0.7271124802452772 0.04208108418674961 0.025945557370694417
0 0.6574018322617853 0.7016942529467007 0.04208108418674961 0.025945557370694417
0 0.6743842059110738 0.6646300108304855 0.030127115756780752 0.03502961664125
0 0.5698886087819061 0.9182836473233674 0.0416106473268119 0.044659189779513754