0 0.21937184481451522 0.5060749505708413 0.026227530878812376 0.0432061719391104
0 0.4887246207452697 0.876677974753948 0.0557331744523216 0.03816584486680341
0 0.46919571925420167 0.9578470617120864 0.032522994985435004 0.04502333992388756
0 0.5270907872800326 0.9258357163509909 0.04144335391920819 0.029780341901054184
0 0.5959544475465892 0.9191281185184378 0.05926735141192587 0.052355678859192525
0 0.6548580861055336 0.8792724396592453 0.057477530878812286 0.044479511862997964
0 0.7896195310118264 0.8605158279865275 0.029261602665566856 0.04020850593149916
0 0.7433355643979211 0.8421133378723594 0.06707985141192588 0.05267401384016459
0 0.7588074517032244 0.7931028349066098 0.04130696159934022 0.025092841901054187
0 0.8253871979423006 0.7576163210664454 0.07847199247815269 0.06874468281352523
0 0.8611478193459792 0.4135970656292379 0.038772994985435 0.04527800790866543
0 0.8627845271843956 0.357347065629238 0.03716503087881264 0.043651840912471054
0 0.4739851369760987 0.551883563194961 0.04846624373179385 0.0565975098858317
0 0.5274738498290802 0.5372188853243518 0.05702288981258548 0.028854511862997968
0 0.5221127484171543 0.5873780528148378 0.04860263605166182 0.0612850098858317
0 0.4872460034317193 0.6324968932330172 0.04391513605166182 0.061094008897248565
0 0.7422230084462842 0.6658055058571369 0.0412614974927175 0.023530341901054186
0 0.5239527300747543 0.7386858848300601 0.04443196159934022 0.025220175893442942
0 0.6426345339148203 0.7361909431192865 0.04157974623907634 0.03446784190105419
0 0.6099524145562059 0.7866830330431742 0.04144335391920819 0.029780341901054184