0 0.3151303400701358 0.32615657068369697 0.048376943244739755 0.025347509885831697
0 0.23250760718899893 0.2953748028891998 0.048977720542635696 0.0347225098858317
0 0.2238044332225905 0.3334013849044223 0.03677810919158375 0.038900673916276586
0 0.21275511412882922 0.24913913144438116 0.038140350092285044 0.035839340912471054
0 0.2640672902547059 0.2551463923187961 0.05114099784053163 0.044161176882026164
0 0.2768257109819118 0.15383856030357362 0.028064443244739758 0.024519838935304693
0 0.31761139728682125 0.1774325692008222 0.040203497840531635 0.04371550790866543
0 0.20536172116094456 0.16894229547482603 0.03461483189368782 0.029462006920082207
0 0.6923718514857862 0.74648890570185 0.05945414558877822 0.052292011862997964
0 0.763846333287189 0.755667587526792 0.04060401603912887 0.04996550790866543
0 0.7171296244647456 0.6535029096561826 0.04791586829088246 0.04247134288963732