0 0.4564612747055891 0.26825532110362643 0.02067612667090888 0.03207767095052709
0 0.4302260387094071 0.2974626600389311 0.022274989337999783 0.035266337946721474
0 0.7360702427593594 0.6531436797734136 0.030051126670909055 0.03245967292769336
0 0.7418929814210414 0.616170261788636 0.020839758672817864 0.046140170950527096
0 0.6787111814130873 0.5601231916364118 0.03501134667409058 0.05608817391627667
0 0.6523935820734966 0.515079947073619 0.03159544533736351 0.030960839923887918
0 0.6472066427434511 0.5395215315602995 0.020803396005727136 0.04301517095052709
0 0.6468253820814508 0.5739283650583967 0.014462489337999785 0.03494800296574958
0 0.5833623187459963 0.5608818784042695 0.0426602146721816 0.04234400889724856
0 0.5947998054184961 0.6034049594309089 0.030069308004454242 0.03402217292769336
0 0.6148855860916321 0.6502653719784789 0.02569089067472685 0.060393671939110403
0 0.5506134534134054 0.5676876353243518 0.05054544000636341 0.04891234387822045
0 0.5179191320814509 0.579180892244434 0.04273294000636341 0.04859400889724856
0 0.5473350067631774 0.6889723863129349 0.036592028007635946 0.05771434091247105
0 0.6083457794398133 0.7599587069594509 0.03177725867281787 0.046585839923887915
0 0.5569560021084949 0.7769034678338658 0.04923747867599957 0.07072367688202626
0 0.4736611494270866 0.6716522351340714 0.04289657200827239 0.06265650889724857
0 0.6657031987587231 0.6513211946021611 0.028652258672817864 0.04645850593149916
0 0.6177736814130872 0.5626062044879929 0.036464758672817864 0.04677684091247105
0 0.6323452587523597 0.6057832015222434 0.044549978675999566 0.07053267589344295
0 0.678530462762541 0.6789368586326061 0.03344884667409058 0.056024506920082116
0 0.5600162727561777 0.6368687168452827 0.02712612133990877 0.04951983893530461
0 0.5063463800922685 0.6593777282139891 0.05833975867281786 0.04766817885919252