0 0.6300319656053903 0.28529428798609013 0.05124112739018098 0.045723676882026075
0 0.5919626642488008 0.2046000449061723 0.06544332973421944 0.07279551285158128
0 0.6769210502768551 0.07581185863260605 0.040003238741233106 0.040590507908665384
0 0.5328613672111482 0.040167471788198475 0.05672966378737563 0.05841467787060931
0 0.49706117442783365 0.19045131467783583 0.04216651603912887 0.050029174904859766
0 0.5569239350682917 0.3423202207996153 0.07385660703211538 0.08248884783255325
0 0.5122820635382069 0.36685464718734984 0.06896884793281685 0.07917284684397004
0 0.4660776920081221 0.39145274057127877 0.052943329734219446 0.07228617688202617
0 0.6075421036360293 0.4843830454004639 0.0843330320782579 0.10005834980971962
0 0.46738747300664585 0.5096761585560564 0.053404404688076924 0.05516234387822046
0 0.5601652583241062 0.5395772227767817 0.05696949568106326 0.086476010874415
0 0.42079427282207577 0.4426451674533049 0.044530052436323506 0.06259284190105419
0 0.39722995758582574 0.27049825342286005 0.04941781153562221 0.06590884288963732
0 0.2783006824473982 0.22364711114124508 0.07033108883351816 0.07611151384016442
0 0.41585314234957577 0.09663233049516662 0.07173290252860856 0.09798651384016446
0 0.3026918082964197 0.11534252121735719 0.061917811535622216 0.06641817885919252
0 0.36681577652270353 0.5537219303048863 0.07874436613141408 0.0858048488211363
0 0.1899285973145079 0.26249604692051975 0.0677067365817647 0.08379667984777565
0 0.34271124074381787 0.3486988492782469 0.05334384793281668 0.07853617688202608
0 0.29028595002768665 0.42289769463934224 0.06896884793281668 0.07917284684397004
0 0.22519187615356331 0.4216336249814095 0.05007914558877831 0.0519100098858317
0 0.3313348473145079 0.2567341837649273 0.04619268198597286 0.06421900889724856
0 0.5259557348837217 0.27465255973492 0.06700582973421945 0.07285917984777565
0 0.4395769463270588 0.30793724501990305 0.06348031153562203 0.0664818458553869
0 0.5161964103912895 0.4646063976816414 0.060555570634920744 0.06947951186299814
0 0.7237283081395361 0.46398302068588454 0.04941781153562204 0.06590884288963732
0 0.6812404194905882 0.4610145295831332 0.04997901603912887 0.0503475098858317
0 0.7746375709394626 0.5739190947924416 0.044229663787375625 0.05790534190105419
0 0.6921254595884105 0.5819809455907443 0.05889294108527139 0.06785334486680376
0 0.6396012368863065 0.5935206234613537 0.0485562183831675 0.07678267589344294
0 0.5056477390457749 0.5566811511416826 0.04156573874123311 0.040654174904859806
0 0.611324844998156 0.6534195468833387 0.05007914558877822 0.0519100098858317
0 0.417436340217794 0.5735914199247629 0.060455441085271386 0.06791701186299796
0 0.2520931400332239 0.5113991205327851 0.07551923658176474 0.08411501482874754
0 0.2389063178571436 0.293398537034688 0.05314358883351815 0.07541117688202607
0 0.3583503254152828 0.1404897598486507 0.07976664558877822 0.05311968281352515
0 0.33736599938169115 0.17972601479156655 0.06886871838316741 0.07761034684397003
0 0.45239951650055427 0.20245390756747317 0.05470608883351815 0.07547484387822054
0 0.4766101696474717 0.10355615114168255 0.06181768198597286 0.06485567885919248
0 0.4410045342377263 0.03686074106557038 0.05037953423772627 0.056597509885831745
0 0.3521225069398303 0.03630692587485244 0.08791910703211539 0.07261385174970487
0 0.5450516841454413 0.009807445627925404 0.05885336829088246 0.019614891255850808
0 0.6354053763104468 0.03912228353746584 0.08203005243632351 0.06412084980971958
0 0.2079207264027319 0.09100570749092349 0.039702850092285046 0.03590300790866539
0 0.19677127775932127 0.17370546095096462 0.07063147748246604 0.08079901384016445
0 0.1578415808139536 0.0470222386312935 0.10005816162790722 0.094044477262587
0 0.21569485117201923 0.009556730722628099 0.06576470234403846 0.019113461445256198
0 0.5885034045311934 0.39508046486811627 0.052142293337024984 0.059786176882026074
0 0.551489967607975 0.6119933922444339 0.061817681985972685 0.06485567885919252
0 0.48272947562753954 0.6390771570731816 0.0671059592838688 0.07442167984777566
0 0.6890888995939479 0.6690498640698135 0.05819203423772627 0.05691584486680377
0 0.7620560302233313 0.64649443175058 0.062479016039128865 0.0508568458553869
0 0.5553359469453676 0.10974780133196298 0.05612888648947969 0.0490396778706093
0 0.593276037938354 0.13953346041949197 0.05047966378737563 0.05816000988583174
0 0.8043427483019571 0.1818469999256379 0.04020349784053181 0.04371550790866539
0 0.7390972825396832 0.2393358477581911 0.058892941085271565 0.06785334486680376
0 0.6630225431801413 0.3967437825488827 0.05057979333702498 0.0597225098858317
0 0.17673578732004522 0.34997880087485245 0.0506799228866742 0.0612850098858317
0 0.2861014929032862 0.30870786064695344 0.06504281153562212 0.06654551285158128
0 0.3993012021871549 0.37615800441144326 0.05783108883351815 0.07560217787060922
0 0.35316548426541283 0.47516584878395535 0.06574371838316742 0.07748301285158128
0 0.3629979665282409 0.6408226822820525 0.07013082973421944 0.07298651384016441
0 0.31345904148209836 0.6256088591640787 0.06418121838316741 0.0774193458553869