0 0.4017272266868172 0.16473625102576422 0.10410679201145392 0.08857702174882984
0 0.3247374653484993 0.12489781821223903 0.07102157200827239 0.06380251482874763
0 0.03189598468331741 0.12389775642579064 0.014644302673454235 0.05057300296574949
0 0.522760626074133 0.5671356922422464 0.07276588534372674 0.07949118182494211
0 0.5238424154200869 0.6601044422422464 0.07718066534054505 0.05624468281352524
0 0.5050384187619047 0.7218086047898165 0.0694954346753633 0.06686384783255317
0 0.5626509240929047 0.7069767836490091 0.08184998400699968 0.05487318380210837
0 0.6461174047580867 0.6994454679454088 0.0709852093411815 0.060677514828747545
0 0.6683185740769965 0.5941504728883248 0.06329997867599957 0.07129667984777566
0 0.7143037834181779 0.6538093157779621 0.06166475334181776 0.06498301285158128
0 0.6406855647676317 0.7695032999606314 0.06778748400699967 0.05430018083635879
0 0.415132128779404 0.8469903355124446 0.07420111600890866 0.0686173488211363
0 0.3084275954407678 0.803598479771226 0.05697725334181776 0.06479201186299796
0 0.4289770001193127 0.8959690049800969 0.06173747867599957 0.07123301285158128
0 0.49280369012567604 0.9454225183259698 0.07585452267663584 0.07649351581733085
0 0.8114355114576306 0.9482543355496258 0.0665340666772721 0.08079901384016423
0 0.6738451521323576 0.9877652327369756 0.07245680267345414 0.024469534526048876
0 0.5567212867997666 0.9910374713682689 0.053579533338636055 0.017925057263462208
0 0.617676968133312 0.9937459772997681 0.06291817067154533 0.012508045400463885
0 0.16579827001113584 0.0887481180985083 0.06489884134309047 0.07448534684397005
0 0.34187896467218154 0.05453623866847455 0.06175566000954502 0.07279551285158128
0 0.20991134933959063 0.05462512749004846 0.049146572008272396 0.06291117688202612
0 0.48386865937299817 0.3117651013297754 0.0630090773392725 0.046296679847775656
0 0.6655373773869975 0.42224363939022763 0.05863066000954511 0.07266817885919252
0 0.6495482033736345 0.3232013029263809 0.05219884667409058 0.05678851087441492
0 0.6029293840706331 0.5446332925462576 0.0569954346753633 0.06635451186299797
0 0.41840039007795093 0.5909950034972221 0.05841248400699968 0.05391817885919252
0 0.3293657094207233 0.6568654012160446 0.06001134667409058 0.057106845855386903
0 0.3590628474299501 0.7260119906456409 0.041024989337999786 0.03603034190105418
0 0.6281224774426768 0.8306808804929791 0.05526930267345413 0.052228344866803764
0 0.5053025954407678 0.8116205212917192 0.06182838534372692 0.07904551285158128
0 0.48011333346590296 0.9858101311972354 0.030232940006363406 0.028379737605529344
0 0.27394460212440336 0.927134138858755 0.044204533338636144 0.04084517589344294
0 0.7464554014560398 0.9338934052075583 0.047511346674090585 0.0565975098858317
0 0.7572661794636758 0.9810974093718559 0.05063634667409058 0.03780518125628838
0 0.5715372174569943 0.9337939516337865 0.053579533338636055 0.04122717787060921
0 0.5891139741008591 0.7666210390862165 0.03163180800445424 0.03408583992388774
0 0.5634872654359953 0.778851783649009 0.039462489337999784 0.03596667490485963
0 0.6241418600811326 0.6228047134967847 0.044204533338636054 0.04084517589344294
0 0.5643299607335879 0.515729701139495 0.04111589600572696 0.04384284190105418
0 0.7766663287316788 0.5103259126219323 0.0442227146721816 0.042407675893442943
0 0.5742754833704529 0.2967077871090501 0.0426965773392725 0.045469008897248565
0 0.5553613040260897 0.2147256166528146 0.05210794000636341 0.04897601087441492
0 0.2522908480267261 0.20706171939110263 0.048910214672181596 0.04259867688202616
0 0.3783417481301304 0.9722622843532653 0.08344884667409058 0.055475431293469414
0 0.5263332581158128 0.8741669422422464 0.04273294000636341 0.04859400889724839
0 0.5742889527768587 0.8347343691242723 0.04573067067154533 0.0377838428896375
0 0.09736118407858729 0.5825989357792747 0.05052725867281791 0.04734984387822046
0 0.8266123320734966 0.5748314230020555 0.061537484006999675 0.05404551285158128
0 0.7998798461170855 0.894683666576265 0.04732953333863606 0.0409725098858317
0 0.44788099411199483 0.8428585924325269 0.05052725867281786 0.04734984387822081
0 0.4570907200827234 0.6277110949039848 0.04580339600572714 0.0440338428896375
0 0.3950565334579488 0.9336308310638202 0.07567270934118149 0.06086851581733086
0 0.20254067476922258 0.7633634575281045 0.04418635200509069 0.03928267589344294