0 0.29609375 0.38203125 0.03203125 0.03828125
0 0.309375 0.33984375 0.034375 0.03046875
0 0.45625 0.31875 0.03046875 0.03828125
0 0.3125 0.49765625 0.0234375 0.04609375
0 0.48671875 0.515625 0.04375 0.05078125
0 0.5296875 0.47265625 0.03515625 0.040625
0 0.440625 0.521875 0.0359375 0.03828125
0 0.5765625 0.5234375 0.03046875 0.02578125
0 0.6109375 0.55546875 0.03515625 0.0328125
0 0.4890625 0.5921875 0.0390625 0.040625
0 0.51640625 0.5828125 0.03203125 0.028125
0 0.5203125 0.61875 0.0171875 0.04375
0 0.49375 0.6484375 0.02734375 0.0359375
0 0.51484375 0.67890625 0.01875 0.05078125
0 0.62734375 0.584375 0.0234375 0.02578125
0 0.63828125 0.6328125 0.0390625 0.05078125
0 0.403125 0.734375 0.0390625 0.0203125
0 0.54609375 0.82109375 0.05078125 0.04609375
0 0.54609375 0.5640625 0.02734375 0.0203125
0 0.54140625 0.60859375 0.021875 0.03828125
0 0.56328125 0.62109375 0.03046875 0.03828125
0 0.584375 0.628125 0.02890625 0.040625
0 0.590625 0.56640625 0.02578125 0.03046875
0 0.5328125 0.653125 0.02734375 0.03515625
0 0.56484375 0.67734375 0.034375 0.0484375
0 0.52890625 0.696875 0.0234375 0.0359375
0 0.49921875 0.73203125 0.02578125 0.03515625
0 0.41953125 0.8140625 0.03359375 0.04609375
0 0.39296875 0.78828125 0.03515625 0.03515625
0 0.39375 0.8328125 0.03359375 0.028125
0 0.44296875 0.85078125 0.03046875 0.05390625
0 0.4828125 0.871875 0.05546875 0.04609375