0 0.6079026228261324 0.5181704927556279 0.042953787427387445 0.05260336829088228
0 0.5256209698068137 0.5853463032115159 0.04691354135632882 0.037278756939830335
0 0.5564128974332382 0.5230372678940555 0.05247433664159899 0.05632914558877822
0 0.5409484092200625 0.4770133690660748 0.07151543507002245 0.06378070018457009
0 0.4426351495001528 0.7215224375415271 0.04295378742738727 0.052603368290882455
0 0.6767468221641785 0.5662587368955317 0.06497433664159917 0.05713018198597286
0 0.539978876340789 0.6580828963639707 0.025693512820281584 0.04993944324473994
0 0.5796578064484128 0.6351670280730882 0.03583049214211727 0.03345285009228505
0 0.6437738103773543 0.6153866517626415 0.05901543507002245 0.06297966378737563
0 0.7884913050006708 0.677418677519378 0.0530565334984459 0.06882914558877821
0 0.7900046091772811 0.7603813718438518 0.02431079528527036 0.020251943244739935
0 0.7587353384991168 0.7451463980620137 0.03445208271265763 0.07075259099298634
0 0.8200817150493027 0.8846106138242874 0.0530565334984459 0.06882914558877821
0 0.6831104079772082 0.9215970789682523 0.0655565334984459 0.06963018198597268
0 0.6850859768361269 0.8462466255444797 0.055599336641598995 0.05652940468807692
0 0.6159656416422699 0.7417581870801019 0.037975188998963995 0.0460529796419344
0 0.6498461819651415 0.6784676426633428 0.06497433664159917 0.05713018198597286
0 0.6645123035529287 0.7409979210409728 0.05948631596343468 0.03964229333702498
0 0.562258444785423 0.7326625917681788 0.03612159057054072 0.039702850092285046
0 0.5213423463569996 0.7290159600590611 0.06424659057054054 0.04150518198597286
0 0.625439149085868 0.8610391132059785 0.06526543507002262 0.06338018198597269
0 0.6693195041338292 0.3394959777962331 0.0369948858558109 0.05845285009228505
0 0.6153961375084407 0.3594067620339593 0.057705492142117266 0.03485466378737554
0 0.7961131364749834 0.25222891040051476 0.04883991439185813 0.0451913864894796
0 0.7495122340748372 0.5639464628368384 0.039537688998963996 0.046153109191583754
0 0.7111625175732833 0.6322248959025453 0.055308238213175896 0.05027940468807692
0 0.6638422537195444 0.49107826419342765 0.04178939371369381 0.02760336829088228
0 0.5805524106678045 0.41884112122554307 0.05374573821317572 0.05017927513842757
0 0.525745210086904 0.8235472100590611 0.06170378742738745 0.053804922886674336
0 0.5790499925518927 0.7903551758213349 0.042298815963434676 0.038540868290882456
0 0.6568111195163635 0.7775361983388688 0.048330492142117265 0.03425388648947951
0 0.6696771466046687 0.8182415414913237 0.04691354135632882 0.037278756939830515
0 0.7069395521051867 0.7939133675249153 0.05472604135632899 0.037779404688076924
0 0.722108633784387 0.7662995072535974 0.04862159057054054 0.040503886489479515
0 0.7507815973904568 0.809909804909559 0.05428939371369381 0.028404404688076923
0 0.7404284483000797 0.8568045913067535 0.03328768899896399 0.04575259099298634
0 0.7744395752645504 0.8467892412144684 0.05225601282028158 0.05164164558877822
0 0.9014836106250232 0.6976031647194514 0.04288101282028158 0.05104086829088246
0 0.7583651191020786 0.9222596105850849 0.03880994292790554 0.030528109191583754
0 0.735800914387349 0.9425115538298247 0.026164393713693813 0.02660207279438893
0 0.4727121395753553 0.5597443283499435 0.03157963978475227 0.04252746144333717
0 0.42364324689511895 0.6334111682631958 0.032705492142117265 0.033252590992986344
0 0.714878214844415 0.49329280382982466 0.035976041356328994 0.03657785009228505
0 0.6219608147205804 0.44988156770948534 0.03241439371369381 0.027002590992986342
0 0.5889492615774273 0.46453435302694573 0.037538541356328815 0.0366779796419344
0 0.5156081149682494 0.555428265734587 0.04178939371369381 0.027603368290882457
0 0.4759976513621796 0.5125188749261709 0.04237159057054054 0.04010336829088246
0 0.7594928939185814 0.37446365824104644 0.04542381596343468 0.038741127390180985
0 0.5934506327509298 0.6789473064507183 0.039974336641599176 0.055528109191583755
0 0.5163936730738014 0.6227659600590612 0.045496590570540715 0.040303627390180986
0 0.584814033289049 0.5776351303248417 0.05589043507002263 0.06277940468807693
0 0.6463807719165094 0.4694733744647456 0.03299659057054072 0.03950259099298634
0 0.6279710661683225 0.39386210518641407 0.035976041356328994 0.03657785009228505
0 0.7722989549196175 0.3297624275193779 0.03910104135632882 0.03677810919158375
0 0.7058712801886771 0.28308648905500006 0.032923815963434674 0.03794009099298643
0 0.7945550603773542 0.6057241502214821 0.02474744292790554 0.029626943244739933
0 0.8137588246453777 0.5974412808508655 0.03299659057054072 0.03950259099298634
0 0.7801072626108846 0.5478813718438519 0.03761131596343468 0.0382404796419344
0 0.7868859555387899 0.5756559184200792 0.03255994292790554 0.03012759099298634
0 0.7295551066960819 0.7242924799557015 0.026673815963434676 0.037539572794389284
0 0.7145101495001528 0.7040998959025453 0.031142992142117264 0.033152461443336986
0 0.5177057700544827 0.6845848396087104 0.04258991439185813 0.044790868290882455
0 0.8327293025194713 0.634621105804723 0.04258991439185848 0.044790868290882455
0 0.9762930578961548 0.5541151781376867 0.043099336641599 0.05572836829088228
0 0.9230246627347192 0.5880884623754129 0.07718323821317555 0.051681218383167506