0 0.7525421243246189 0.24074568230413762 0.05994048439090331 0.06430469468185844
0 0.7280927066312712 0.3380680033367076 0.1075793762235353 0.08890985253201392
0 0.8444419037287135 0.3999016034496471 0.06876984736759476 0.04922572625188959
0 0.7022147089935238 0.49862607173844165 0.06419147477225665 0.05207771046687402
0 0.5588714475607786 0.562330797919744 0.058050602176918174 0.05483868942018653
0 0.7315797720628826 0.6177632086124969 0.09033731252120454 0.08634629465362345
0 0.5914086398488975 0.6352831795321274 0.10083830290255769 0.07448333148532651
0 0.4791616109929569 0.6792445531108287 0.12256945916315995 0.11629139988706054
0 0.5117161614484438 0.7740264320923762 0.10341766587924894 0.059040342008670164
0 0.49701376598761476 0.8824759689240791 0.09475199400955017 0.07880681043863902
0 0.2982762649761244 0.16584772397398945 0.10558036660488845 0.07631884727034204
0 0.18463036099295688 0.6963990449359722 0.09258929328391083 0.06152830517696728