0 0.6756402404849782 0.6531744080884787 0.059306533498445904 0.06726170783841656
0 0.5677742365560368 0.6656396526782024 0.05211046360606986 0.046767351411925874
0 0.6105246627347192 0.6622024156103261 0.04847604135632881 0.03573892319868044
0 0.6259698802697304 0.6922990925699302 0.05977741439185813 0.04386967194503928
0 0.6108007985905299 0.718384219450392 0.0486943651776464 0.040426423198680436
0 0.5840370913946009 0.6965403116911177 0.04571491439185813 0.04346049498543501
0 0.5308222001621066 0.7098155500126353 0.046224336641599174 0.054397994985435
0 0.5287845111631425 0.6660655500126353 0.034922963606069855 0.04626724623907634
0 0.4627228635205074 0.6547810575344826 0.04564213978475227 0.041897994985435005
0 0.46990397084027097 0.7252072178010394 0.03982878742738745 0.051091138558944496
0 0.5375131559102935 0.7864689782258806 0.052328787427387446 0.05145485141192587
0 0.5704005845701754 0.8225345103583344 0.056797963606069854 0.046903743731793665
0 0.596905272535682 0.7718130963308539 0.04564213978475227 0.041897994985435005
0 0.6393089423042236 0.7441798413162889 0.05530823821317572 0.04842077962517113
0 0.6554626352321291 0.7727367503292044 0.05330909057054054 0.03900031551854859
0 0.6699810535529287 0.7996856952354973 0.045787688998963995 0.04502299498543501
0 0.7415435303935649 0.7448139903000746 0.037756865177646405 0.0401081744523216
0 0.7839108128585537 0.7163994852855096 0.05396406203449331 0.05306281551854859
0 0.736171133784387 0.8304787056603384 0.04586046360606986 0.046585494985435
0 0.6664793719975628 0.8752623567556951 0.04785961124870504 0.056005959092057724
0 0.5835748267122925 0.8541254911580044 0.029580492142117266 0.03206835391920819
0 0.7193325442473038 0.8877229043275549 0.03902826674922295 0.033903638558944495
0 0.7768732164970448 0.9003198442192829 0.04110018899896399 0.04488660266556721
0 0.8198740456950458 0.835254785364652 0.05374573821317554 0.048375315518548234
0 0.8314686712117745 0.883183820004388 0.050547963606069855 0.046721887305303154
0 0.49788126757328327 0.6893522858268704 0.0577440334984459 0.06721624373179384