0 0.7001618668839727 0.11682749057132255 0.07192163879807012 0.09300566000954502
0 0.560703900569193 0.14110187925686715 0.0780352711033185 0.08526588534372684
0 0.559517501624853 0.20907062925686715 0.07025004464226861 0.08673747867599957
0 0.5880458762194637 0.27513143391950373 0.0544341298696164 0.07561816534054513
0 0.6211350657488823 0.3036467852482766 0.0672886858759707 0.09607611600890867
0 0.4649259760573079 0.3031211686028211 0.05583298863591431 0.06626134667409059
0 0.2844259983784422 0.26226145329409273 0.06542617694751698 0.0788704346753633
0 0.8029890377457051 0.3116849098902323 0.09253414772652384 0.11042951734563573
0 0.7009180231352085 0.29725078723745896 0.06378185633066594 0.07416475334181775
0 0.8642753652624151 0.38048890654841455 0.049664809252764994 0.07087612133990877
0 0.8985179517075785 0.432423576543642 0.04799321509696384 0.06460794000636341
0 0.15765144399694087 0.4996261879774101 0.0701682240254177 0.08204997867599957
0 0.2879802776027307 0.7746160026257292 0.06413641233702042 0.09447725334181775
0 0.33234393222911335 0.7389506752864567 0.05613299756436803 0.08344884667409058
0 0.19525303531336843 0.7171131326384559 0.07082278896022584 0.11954997867599956
0 0.21807865503671503 0.6176489346355923 0.07690914772652384 0.11024770401018139
0 0.21180751542786608 0.8426762066359105 0.06071140340856669 0.07725339067472703
0 0.3037535077172283 0.9001881672899564 0.10169095941492108 0.09803860534690827
0 0.4032155397775953 0.7061012652769116 0.0716489034085667 0.0773806600095451
0 0.4760121116122623 0.7419654926002758 0.05898526217486459 0.06786020934118149
0 0.4626745401846324 0.879592761935094 0.08162392126547413 0.11186474801081765
0 0.7440666363690287 0.7786820532304594 0.06419095941492117 0.09760225334181775
0 0.8180747008967998 0.5661451432209142 0.05276253571381488 0.06934998400699968
0 0.8015536282513537 0.6624116158895961 0.08132391233702023 0.09467724801081764
0 0.753384909500942 0.6028280778962775 0.04478639448011297 0.0598840773392725
0 0.7449354354755242 0.684159893897232 0.0719761858759707 0.09613066000954511
0 0.6728013368554959 0.6998399852403224 0.05292617694751698 0.07872498400699968
0 0.8521453323879739 0.22519287921709624 0.10368983603812651 0.1230567866804539
0 0.7538538827122854 0.17322239389723199 0.07803527110331832 0.08526588534372678
0 0.6266913648553778 0.20907008191441304 0.07016822402541756 0.08204997867599957
0 0.594744115262415 0.3836251865850038 0.07965231818121907 0.08840906667727229
0 0.7717605827950109 0.4003116052275958 0.07014095048646744 0.08048747867599956
0 0.766726435068487 0.5097229678946867 0.08582049756436802 0.08379429201145391
0 0.576251439532714 0.5033473405872309 0.0780352711033185 0.08526588534372692
0 0.608481512585197 0.5810814419160039 0.07332049756436802 0.08364884134309047
0 0.5914791988682048 0.6601695052514583 0.0952500446422686 0.08702838001272664
0 0.5648001018730296 0.8909018845878673 0.0718125446422686 0.08675566000954475
0 0.37414782833407934 0.8946825072804115 0.05920345048646727 0.08036020934118149
0 0.7428978283340794 0.8903917125636867 0.07332049756436802 0.08364884134309065
0 0.4357179427791249 0.4549927512730937 0.06558981818121908 0.0882454346753633
0 0.47846850446752215 0.46699276460059397 0.057340941558013725 0.06315452800763595
0 0.49559177476006155 0.5152211792648214 0.06205571509696384 0.0647715720082724
0 0.49322252557084045 0.3824632232654577 0.05903980925276535 0.0709852093411815
0 0.6553428758157219 0.5813172519096405 0.04799321509696384 0.06460794000636341
0 0.6598042792242885 0.5047183892425495 0.05437958279171564 0.07249316534054522
0 0.850107725246529 0.43142469788355087 0.05583298863591431 0.06626134667409059
0 0.8520951448904454 0.5860576538829145 0.04971935633066593 0.07400112133990877
0 0.44335139042621846 0.5994058226050483 0.06205571509696384 0.0647715720082724
0 0.38000195657884256 0.6040484166136387 0.06356366801906325 0.06166475334181776
0 0.3488240945661337 0.645027952617775 0.06378185633066594 0.07416475334181775
0 0.30614171672511226 0.6291216892902747 0.03829093262955983 0.04574885200509069
0 0.28600649472828954 0.6192017966263654 0.04618525324641087 0.05052725867281786
0 0.23177869075053 0.5487534839672288 0.06205571509696402 0.06477157200827222
0 0.19685426583160787 0.5358813139720013 0.05421594155801364 0.06311816534054522
0 0.30328727232442965 0.4346631646244565 0.05898526217486459 0.06786020934118149
0 0.39962470982525344 0.5538302406110935 0.052680715096964016 0.06466248400699967
0 0.5135297025216528 0.7852700499284124 0.06372730925276535 0.07103975334181775
0 0.5036110060923752 0.6822814099300032 0.09651253571381488 0.06985906134627218
0 0.5716518940796664 0.7221064312540036 0.057340941558013725 0.06315452800763595
0 0.605590517456461 0.7467064419160039 0.06413641233702042 0.09447725334181775
0 0.6800762743563198 0.82004339723905 0.0669341298696164 0.07576361600890849
0 0.6706273620192994 0.9138843039067769 0.0719761858759707 0.09613066000954476