0 0.3362369446610457 0.03866525933549083 0.04627611067790856 0.07733051867098166
0 0.1991545679901368 0.06916523701435648 0.05081816000954502 0.07118525324641087
0 0.13673583664863717 0.1303987918028949 0.04449543467536321 0.06482615909060954
0 0.43211142397359215 0.1869492061718055 0.041334072008272216 0.061646612012708865
0 0.34669209197963735 0.1439180008140742 0.0601204346753633 0.06509889448011288
0 0.4688739852800934 0.383923617698047 0.053761346674090583 0.05561480032431163
0 0.31986322593095773 0.5029072171288542 0.036737478675999566 0.06937729139585791
0 0.27399674260027573 0.48418053652788917 0.04275112133990877 0.04917388555165925
0 0.03950246924732214 0.6327755438314898 0.06211928668045391 0.10262616801906325
0 0.09323435455127803 0.8481999464292777 0.04780224801081767 0.08050570616851047
0 0.5507286812142327 0.867552549516828 0.07149428668045381 0.10278980925276535
0 0.29701026531668256 0.11744700406048507 0.06175566000954502 0.07137616801906325
0 0.38476480398631885 0.09404468587926602 0.050890885343726835 0.07743525324641087
0 0.3601909706397285 0.19211003896352113 0.061573846674090583 0.055751168019063255
0 0.3066114373010924 0.23209983928783268 0.05873974801081765 0.08069662094116259
0 0.35443986262731997 0.2835981095803722 0.05219884667409058 0.05558752678536116
0 0.4168944092934564 0.28641341802235853 0.03655566534054504 0.05375229139585782
0 0.1927858419796373 0.14660444440068265 0.055396572008272346 0.06189207386326192
0 0.175734154638774 0.20235956655966128 0.049255660009545024 0.07115797970746059
0 0.11959269529759256 0.26114027719239835 0.06673406134627213 0.0964579886359143
0 0.2575012279599109 0.29075781899529324 0.06486247867599956 0.06986821509696402
0 0.32714101861872946 0.34734300974252796 0.058776110677908555 0.08382162094116259
0 0.38225523261459327 0.37684354910979084 0.05078179734245412 0.06806025324641088
0 0.22043593793763921 0.4554339736216759 0.05550566000954502 0.07126707386326174
0 0.21144329328454772 0.3556112516248531 0.04453179734245412 0.06795115909060953
0 0.1626143472708665 0.45722434456283845 0.03975339067472694 0.06005683847375849
0 0.15936317262095664 0.3338686651796895 0.062155649347544806 0.10575116801906326
0 0.03970410594368441 0.41406645413991533 0.058667022676635906 0.0744466209411625
0 0.0064710793085693205 0.40138522199682286 0.012942158617138641 0.07368296185055315
0 0.002814275302365061 0.4850607926136738 0.005628550604730122 0.05800341477265238
0 0.13259903592459438 0.5530414050334198 0.06030224801081765 0.08072389448011279
0 0.20380132658341293 0.6095993222417041 0.05724997334499946 0.08691934740221222
0 0.14740587591504933 0.6230811696439164 0.04605793467536321 0.06485343262955982
0 0.2176632845719589 0.6937152236216759 0.03517497867599957 0.06935001785690745
0 0.14824112257323158 0.6855538961049661 0.04282384667409058 0.05542388555165907
0 0.14820421256368657 0.7558527593354908 0.05078179734245412 0.06806025324641088
0 0.3238758272199598 0.8293333494341024 0.07294769867918127 0.09344208279171581
0 0.38760251989182315 0.7899475211066136 0.04126134667409058 0.05539661201270896
0 0.4329604732256868 0.7852503384770537 0.04456816000954511 0.07107615909060953
0 0.2196241318825963 0.8608345397743001 0.06193747334499946 0.08700116801906362
0 0.3733234859166402 0.6074213932655923 0.09836586935072651 0.12981595941492116
0 0.039923376631138 0.26096872767886564 0.03650112133990879 0.04906479139585782
0 0.41388594593413935 0.4778333047918338 0.06624316534054522 0.054270488635914306
0 0.28257121658182205 0.6199407585247119 0.03955339600572696 0.04286933847375849
0 0.26176836791854924 0.5953089513005415 0.03951703333863606 0.03974433847375849
0 0.458268461211051 0.8925991883148982 0.03808180267345414 0.050654564934808376
0 0.07831897390200451 0.7203613185882561 0.044204533338636144 0.039826159090609534
0 0.013451783298865223 0.5372136278410214 0.026903566597730445 0.05994774431795715
0 0.37211223786605163 0.9800230961876915 0.08303067600254535 0.020195497564368024
0 0.2867747218730513 0.9299606408299603 0.053724984006999675 0.05248980032431163
0 0.45924116255573233 0.8090054383148981 0.055396572008272214 0.061892073863261746
0 0.30995078190645886 0.6835123348236058 0.03958975867281787 0.045994338473758486
0 0.38996664059518515 0.5196486578760888 0.04740225867281787 0.046130706168510116
0 0.4430205572883657 0.32344976786020274 0.04286020934118149 0.05854888555165916
0 0.10550456532463677 0.06220789935137688 0.038063621339908774 0.04909206493480815
0 0.01089840062063848 0.3388034013799718 0.014735209341181457 0.05805796185055305
0 0.2893313886060028 0.44173393790786086 0.057031797342454116 0.06816934740221221
0 0.2327626679265034 0.537233398540598 0.06164657200827239 0.06200116801906326
0 0.10549963924254964 0.6667726684261004 0.05841248400699968 0.052571620941162675
0 0.4519586579408209 0.42795998985702555 0.053724984006999675 0.05248980032431163