0 0.3681949672152962 0.2404397612162641 0.06297269867214013 0.08306856426490725
0 0.6442302263886784 0.3391119080884787 0.05811248184962743 0.053244671945039276
0 0.6228046782822723 0.39552939264907244 0.04564884328594587 0.05913095909205772
0 0.5147159640920382 0.17125315518548478 0.08313066256778648 0.05709709765100213
0 0.5768432593697739 0.23713421945039198 0.0676511083130606 0.08164245658477523
0 0.6152381388582692 0.21871684006264772 0.056777240826617795 0.09226170783841647
0 0.2390473018188392 0.4124929544732042 0.05820338544042354 0.0688696719450391
0 0.2927671994577071 0.4460927161516867 0.050345433645025396 0.06082985141192587
0 0.38442797951193636 0.4050023663891135 0.05823065651766246 0.07355717194503911
0 0.19066382309246976 0.5361062992212124 0.05347952400410509 0.062483279625171126
0 0.10083370863108923 0.5311483630904082 0.05513292759490129 0.07815374373179385
0 0.3082280521134268 0.6090700892712249 0.06600679508134402 0.06753449247815269
0 0.35342640174408446 0.764317530416594 0.05654998184962743 0.053199207838416564
0 0.21453155250621023 0.8657627069804867 0.06125566256778665 0.05646060015828454
0 0.2430060104499284 0.9408225429530063 0.051962475799503235 0.07025031551854859
0 0.08815540486734241 0.8300488643440496 0.08475679508134393 0.06808006175762493
0 0.2743241881430255 0.9300130750854599 0.03932612041330898 0.04644910266556721
0 0.4358571066627405 0.8323521280675961 0.06918633723582168 0.07700042069139812
0 0.5894957119507389 0.7485263605166189 0.07542724687674215 0.07561977711788863
0 0.8036991125164729 0.7305361931239261 0.09576701795398108 0.08089831050398359
0 0.6873741548673424 0.8474843492338477 0.07542724687674215 0.07561977711788863
0 0.7327160094679698 0.30652438011266014 0.048692030054229285 0.04515938730530315
0 0.4852097503927835 0.27353706921296517 0.07386474687674216 0.07557431301126609
0 0.4020972685431561 0.32268997156196305 0.0597204336450254 0.061102636051661906
0 0.48702275614832014 0.0962160512662765 0.09414088544042372 0.06991534639736088
0 0.33818982552835675 0.1598657111371218 0.08793633723582168 0.07754598997087014
0 0.1860813831027325 0.38360342484803306 0.058185204722264315 0.06574467194503919
0 0.25180131099222136 0.503504399379497 0.05820338544042354 0.0688696719450391
0 0.19147182328886153 0.6658392633278352 0.08163179508134392 0.0679891335443795
0 0.02307563734573807 0.43351719365265157 0.04615127469147614 0.08109688730530315
0 0.28440369097169593 0.8091921097251961 0.0644170240041051 0.06280152837152997
0 0.32999292604277713 0.8972520508705651 0.06140110831306052 0.08146060015828453
0 0.14177985373587426 0.880054876022532 0.03458407825883123 0.03693771034569906
0 0.1734747604499284 0.938799390208297 0.018859084308955422 0.019295569279472246
0 0.19318327245198094 0.9088989415410804 0.06762383723582169 0.0769549565847754
0 0.589895166869395 0.8141740925699302 0.07225679508134383 0.06771634890464355
0 0.6742712086310891 0.5478336902209323 0.051944295081343836 0.06712531551854858
0 0.5460649162802198 0.42377040142456107 0.0676511083130606 0.08164245658477523
0 0.477664895104785 0.36161373073316316 0.05341589149054791 0.05154577962517113
0 0.5623944191088901 0.3031312924907879 0.05187157220870695 0.05462531551854841
0 0.23865082943718158 0.7492571685798269 0.048710210772388504 0.048284387305303156
0 0.31166965203867203 0.9576667136444043 0.048682939695149675 0.04359688730530316
0 0.7994156126146689 0.7952662828573694 0.0674693011314682 0.05039245658477522
0 0.3050455274219507 0.2159422148980455 0.05971134328594587 0.059540136051661904
0 0.2375540212736306 0.13193327625995888 0.07542724687674199 0.07561977711788867
0 0.3218865520152309 0.5446127841775177 0.06600679508134392 0.06753449247815269
0 0.18437395823830577 0.27416022868809903 0.0676420179539809 0.08007995658477522
0 0.3793647922526736 0.06651652790931152 0.056595433645025395 0.061011707838416515
0 0.44252734670379146 0.22306805628084145 0.08161361436318479 0.06486413354437941
0 0.388944325331965 0.031633062549047596 0.07211134933607007 0.042716348904643334
0 0.17172642896964335 0.8363874440483631 0.0675420240041051 0.06289245658477541
0 0.2417627147794093 0.6172941147397609 0.06291815651766246 0.07369356426490725