0 0.6128919260542455 0.30279989991443756 0.04464464206513981 0.04415241439185813
0 0.6845471181758551 0.2889964191448599 0.04023015785015538 0.04862159057054054
0 0.6031837261107151 0.2431338014860141 0.05033319994353036 0.06155823821317572
0 0.2763144731269434 0.5972175641014079 0.04362817363517104 0.05345463978475227
0 0.24751390991629404 0.6511944346557378 0.03857665258848364 0.04698631596343468
0 0.3324573282897932 0.7050151015287953 0.04124662628012441 0.039319365177646406
0 0.318788941415738 0.7378811054577368 0.03472361049510884 0.03434076674922295
0 0.3043099414863251 0.6631893205115487 0.05474768415851479 0.05708906203449331
0 0.3681827256871921 0.6762929420993359 0.05144067363517095 0.053818512820281585
0 0.46334330724310585 0.7048781685256873 0.05925317363517095 0.0541823858558109
0 0.5365077914580902 0.7036110750596627 0.02838260523343692 0.032487168320799495
0 0.4542860966350576 0.7901606970617346 0.04960515785015538 0.04905823821317572
0 0.4167189362246533 0.6668665922231705 0.039411110495108835 0.03455909057054054