0 0.45951828555181323 0.22383539227611465 0.028599843878220454 0.05015453610435348
0 0.3822196620160975 0.4148649132551577 0.046713173916276586 0.034638620413308986
0 0.5611790142600939 0.7192200942679046 0.04071784190105419 0.04085225897699054
0 0.5210023418266921 0.746791103244895 0.04470500494291585 0.023692030054229284
0 0.5496393363894846 0.7723996364223822 0.04652217292769336 0.029951120413308985
0 0.6000040923209837 0.7439882901113742 0.050220175893442943 0.04403180113146821
0 0.7014220122829276 0.7277769619507388 0.05015650889724856 0.04246930113146803
0 0.696896338366651 0.762170142668898 0.05133700692008229 0.033103391490547904
0 0.6349892459713052 0.8054888714934634 0.054398339923887915 0.03155907220870695
0 0.5977001515987931 0.8580371545727548 0.03271434091247105 0.03611930718159222
0 0.6598964040702511 0.84595933538911 0.053599843878220456 0.05029998184962743
0 0.3788599682909763 0.938197874125742 0.04371550790866543 0.03774543969514994
0 0.36720754388040816 0.9749757114597596 0.043397172927693364 0.029932939695149586
0 0.5982174633480605 0.9603536334955158 0.05340884288963732 0.04561248184962707