0 0.8093826071514065 0.7697519485598685 0.0158977846397363 0.009556813335454528
0 0.7583429443775673 0.7883206825668682 0.041761602665567034 0.039535214672181594
0 0.745973325018953 0.7392292019016864 0.02572742570596276 0.025290901336727244
0 0.7893057878719343 0.7512292152291866 0.05086381802583091 0.030269302673454134
0 0.8379478763517364 0.7576968438892778 0.04939224623907634 0.03337612133990877
0 0.8238004598169736 0.8086599072247322 0.048284387305303156 0.048982940006363405
0 0.7580989034696252 0.8336513639004137 0.06648881802583091 0.03045111600890884
0 0.6566955278428045 0.8403019005808676 0.04930131802583091 0.030251121339908593
0 0.6835906484550602 0.8782831585773678 0.05403428213245363 0.03186816534054486
0 0.7005531764308787 0.7897746419080496 0.046585494985435 0.044277258672817864
0 0.6337688417120003 0.7506945079169584 0.04640363855894432 0.038027258672817865
0 0.6781720595795467 0.7189172492441405 0.06092077962517113 0.05381589067472703
0 0.7417117223533859 0.7002030645687772 0.04148881802583091 0.030160214672181596
0 0.7498819235278849 0.6586877265675046 0.048238923198680436 0.047420440006363404
0 0.6964470349689404 0.621796801241277 0.03335806927947225 0.019131808004454243
0 0.7362393091838353 0.5658462459023227 0.049710494985435005 0.04431362133990877
0 0.8443042102791921 0.49268946188736884 0.04162521034569906 0.0348477146721816
0 0.8585221714828208 0.3635741265515962 0.046585494985435 0.044277258672817864
0 0.7956584586298394 0.351801379893414 0.0719946719450391 0.05863066000954502
0 0.7777518931112908 0.3004297838956412 0.05582410266556721 0.039698846674090585
0 0.7735381030612785 0.1824701245624139 0.043096782132453625 0.03174089600572701
0 0.653068827197031 0.09790531524509496 0.04649456677218975 0.04115225867281791