0 0.5050843505144205 0.7493558347248616 0.06748748184962743 0.05312630642076392
0 0.41318774200496816 0.6972101468452087 0.07220225292686636 0.05792290919430556
0 0.3855121938985621 0.753604963999549 0.036319295081344016 0.06646145459715277
0 0.37244404645608603 0.8509702732701043 0.07217498184962742 0.05323540919430556
0 0.36040258870875963 0.9061662663362503 0.056577252926866176 0.05755923328249999
0 0.3772901068591322 0.9581288098392363 0.051853391490547816 0.05120013050895835
0 0.5224617062933982 0.9792563145888892 0.05655907220870695 0.04148737082222169
0 0.4529077303956991 0.9822897424005557 0.06745112041330899 0.03542051519888858
0 0.30926681470465456 0.9659218196228823 0.056513620413308895 0.04662173328249999
0 0.4505735916356258 0.8520074028291322 0.03460225897699054 0.03986258700597247
0 0.4913122211241211 0.8334217101998268 0.04091589149054773 0.050945557370694415
0 0.7952058773471959 0.5740525890932646 0.05823065651766228 0.07322060087368065
0 0.7427348623200812 0.5947092747887159 0.05188975292686635 0.05745013050895835
0 0.7945877329297819 0.6803025890932646 0.05823065651766246 0.07322060087368065
0 0.8692610008837629 0.603905049674341 0.04556703005422946 0.04480466014423605
0 0.8063877752806512 0.8009060298227091 0.07220225292686636 0.05792290919430556
0 0.8066968474893583 0.7477810298227091 0.04556703005422946 0.04480466014423605
0 0.6394502601553408 0.7540459475663894 0.06929542154477701 0.0953501740119446
0 0.5462906126146688 0.7846945758911463 0.0675511143631848 0.06406380642076392
0 0.515980423017715 0.8910348416587157 0.07213862041330898 0.046985409194305564
0 0.49380089598854776 0.942869445382188 0.07845225292686635 0.05806837955902786
0 0.30965315496553825 0.899515569622882 0.039289758976990455 0.03997168977951375
0 0.290603693996758 0.8162484747331252 0.0692045179539809 0.0797251740119446
0 0.2280269468254284 0.6936818372903126 0.07845225292686626 0.05806837955902786
0 0.2771047962596943 0.7190461664125002 0.06282725292686617 0.057704703647222286
0 0.23271548858712263 0.4250045724726738 0.08016928903121974 0.08466724715020835
0 0.26705062373295857 0.1640495418874655 0.06282725292686617 0.057704703647222286
0 0.931363108607648 0.13653701813920216 0.08486587939029917 0.08633884992375007
0 0.4553727803488169 0.16140058662472262 0.06282725292686635 0.057704703647222286
0 0.6021483072797882 0.04761345640010467 0.06279089149054773 0.051454703647222266
0 0.7102739037871879 0.13060975398715335 0.06279089149054791 0.05145470364722229
0 0.7961704971713296 0.139641221502084 0.051953385440423716 0.06838763050895835
0 0.3046228257247484 0.28681554787138913 0.056604524004105095 0.06224673328250008
0 0.14646839549756852 0.6105225387533334 0.05654089149054777 0.05130923328249999
0 0.12891325683569113 0.539010561454757 0.05654089149054777 0.05130923328249999
0 0.29156831382089177 0.38183710714194474 0.051853391490547726 0.05120013050895835
0 0.3376347927436529 0.3875974510817711 0.04556703005422928 0.04480466014423623
0 0.2730546631569618 0.340775696047778 0.050263620413308986 0.046476262917777865
0 0.352979033373879 0.16761225940239616 0.06279089149054773 0.05145470364722229
0 0.21227520267916086 0.5807999775829169 0.05657725292686626 0.05755923328249999
0 0.1512730284039093 0.8591055091180557 0.05188975292686626 0.05745013050895835
0 0.19170713086323735 0.8928635664887501 0.050263620413308896 0.04647626291777769
0 0.22886624239775166 0.9523301386770836 0.04553975897699045 0.040117160144236406
0 0.2537207966524778 0.9779120201359724 0.03301248789975162 0.03513871941479181
0 0.21934125147293795 0.9778931831300003 0.050172716822512696 0.030851262917777688
0 0.25202700732667044 0.8661387187492016 0.039317030054229284 0.044659189779513754
0 0.27533269712001596 0.88934048261691 0.04556703005422928 0.04480466014423605
0 0.46818833851236796 0.7789699463321185 0.03928975897699054 0.03997168977951393
0 0.4298434559988106 0.7890164403481948 0.05188975292686635 0.05745013050895835
0 0.3433837812325797 0.7424667890376739 0.056604524004105095 0.06224673328249999
0 0.22655937471491727 0.8116324034947224 0.056577252926866176 0.05755923328249999
0 0.18110299161218474 0.4323981919637154 0.051853391490547775 0.05120013050895835
0 0.14502459104645066 0.4557804873665626 0.045603391490547776 0.051054660144236055
0 0.3448660306434045 0.35338610524208364 0.04553975897699036 0.04011716014423623