0 0.3575962075652856 0.5735251213828995 0.02965300790866543 0.038809942927905364
0 0.3232013029263809 0.632266574649887 0.037592841901054184 0.042298815963434676
0 0.3657880509492145 0.6208902729544761 0.04135451186299814 0.0580693651776464
0 0.35704706231792105 0.675305945204217 0.04346083992388783 0.03321491439185813
0 0.37697490174751724 0.7033388999189467 0.03197951186299815 0.05763271753501122
0 0.4182617935348407 0.5832232990093239 0.027517504942915848 0.0246746683207995
0 0.4415056339530201 0.615798204509842 0.026273339923887917 0.03241439371369381
0 0.46060048524561453 0.7002267084387833 0.038773339923887915 0.03299659057054054
0 0.40351749710861257 0.7592421435088059 0.04942167984777566 0.06468323821317572
0 0.4770252757775246 0.8920139480997011 0.046296679847775656 0.06453768899896417
0 0.5050892673745676 0.85078748056469 0.04135451186299814 0.0580693651776464
0 0.3657483112921568 0.2741415514905233 0.030417011862998146 0.05755994292790545
0 0.5727437747145794 0.09073393031702084 0.022349843878220456 0.050946069892376135
0 0.566809451102314 0.13719155335255012 0.03921900889724857 0.04393409057054054
0 0.5503687090109792 0.1755284613342675 0.0346588428896375 0.04684076674922304
0 0.5134417119767288 0.19133755190480806 0.03653967787060921 0.05472604135632886
0 0.5843311680219585 0.37510893031702086 0.03491351087441501 0.05309076674922295
0 0.5029962322798649 0.6841629067433723 0.06061384783255317 0.07144266046291677
0 0.4061703118236295 0.6706697950803825 0.017471342889637496 0.04604024607105863
0 0.430484562317921 0.6718855386702417 0.036348676882026254 0.05003854135632881
0 0.4043558024320893 0.6261385450803825 0.044224843878220635 0.05196491439185813
0 0.29932079254625754 0.5840666691493691 0.05366351087441492 0.05396406203449331