0 0.3130753493550692 0.32959357864272903 0.03851829255305557 0.04593412628012441
0 0.331299325703715 0.2860633865211194 0.03989895459715278 0.038212631541796147
0 0.49409026643315956 0.2830279337349917 0.03695579255305574 0.04584312101845249
0 0.3186687730826733 0.45900035758192426 0.030923998100138926 0.05485409997176518
0 0.5077488036678816 0.5028699968750538 0.05294446846486114 0.06237817363517095
0 0.5595665300165275 0.46129641787938896 0.04327852773541672 0.049332142065139986
0 0.45611356848552037 0.5029918232398829 0.043242160144236055 0.047769642065139804
0 0.6042783115516663 0.5233560730987085 0.03662848423243048 0.03178062101845249
0 0.6393248055677426 0.5637304441171611 0.04309668977951393 0.041519642065139986
0 0.5026781375397218 0.5862817363517102 0.046403527735416714 0.04951415258848364
0 0.5333287254956245 0.5802438389543113 0.03826371941479181 0.03499662628012423
0 0.5339638519205204 0.620178594215983 0.02300239532659738 0.04971157366340577
0 0.5020228676880898 0.6480459889825461 0.033758057370694414 0.04253611049510884
0 0.5215170968865273 0.6843853073842802 0.02474673328249999 0.05761507892507769
0 0.6541860861529509 0.5974529967338795 0.02881598423243048 0.03132559471009326
0 0.6615251542572217 0.6518597756730747 0.04822060087368065 0.060542657850155376
0 0.39293684878638835 0.7300933785580245 0.04433188145888893 0.0275481473268119
0 0.5404820363817008 0.844298633678522 0.06064786569131932 0.05814569994353036
0 0.5673588865897912 0.563450452080256 0.03183188145888884 0.02682010523343692
0 0.5576195574676037 0.6121686731410609 0.027580792553055566 0.04529708944842135
0 0.5799121315557981 0.6291132494353027 0.03695579255305557 0.04584312101845249
0 0.602368359804305 0.6390265757295446 0.03546602773541672 0.048877115756780755
0 0.6164139824294788 0.5733483678229192 0.03052395459715278 0.03766659997176518
0 0.5432290959365966 0.6590513784168501 0.033758057370694414 0.04253611049510884
0 0.5761500454997563 0.6899142415427948 0.04193423328249999 0.05861613680346807
0 0.53588806820118 0.7055623573701627 0.029070557370694416 0.04226309471009326
0 0.499095929808437 0.7401879863517102 0.03219555737069442 0.04244510523343692
0 0.40340026368027715 0.8183214206513993 0.04186149810013902 0.055491136803468066
0 0.37676568170829794 0.7862600785721419 0.04316942496187508 0.04464464206513981
0 0.3732763525861104 0.8353423206796341 0.0398625870059723 0.036650131541796326
0 0.4250745887184021 0.8618284969456411 0.03891833605604163 0.06312162628012459
0 0.46664383966833256 0.890848139010781 0.06533536569131933 0.05841871572854558