0 0.2208477894240032 0.1907808960502036 0.07212953005422928 0.0483559592838688
0 0.26135006957642837 0.21447801434108596 0.051862481849627426 0.05486677513842757
0 0.2734006176828344 0.15819773596345585 0.07381020472226432 0.06876858883351811
0 0.3951119912194013 0.19413284083610288 0.040879530054229285 0.046353368290882366
0 0.34515289783525954 0.18389744524732463 0.05962043969514967 0.045992422886674246
0 0.34797791598563216 0.2356602043466233 0.09250566256778665 0.06059514342931003
0 0.40456828357027075 0.3150961829088235 0.07072156615858276 0.07481832973421945
0 0.46109553952219906 0.27104459669619907 0.06292724687674216 0.07744268198597286
0 0.47085583802138853 0.4740892535437443 0.044040891490547907 0.052803627390180984
0 0.4486081332991242 0.5367499398486538 0.06910452400410509 0.0653432001845701
0 0.37155527478967204 0.4817935271410124 0.04094316256778665 0.05729086829088228
0 0.284954699457707 0.45592383713547513 0.0894261143631847 0.06820738433001132
0 0.24237176883774367 0.5211890892949433 0.05348861436318471 0.06590440468807693
0 0.2389013351927182 0.5803638301956447 0.058157933645025486 0.0630797933370248
0 0.30837349785870066 0.5949758451550395 0.06910452400410509 0.0653432001845701
0 0.35603429303824047 0.5972485464193438 0.05347043364502548 0.06277940468807693
0 0.3985354104264873 0.5460457942598755 0.04402271077238851 0.04967862739018099
0 0.4035632780111259 0.6221774976836482 0.07540906615858275 0.0751187183831675
0 0.40177351903413544 0.6611398681339988 0.07687157220870695 0.05803134793281668
0 0.4084047932346322 0.7303404511074207 0.040879530054229285 0.046353368290882456
0 0.3155314920049682 0.7079764929032862 0.06746021077238851 0.05118057063492074
0 0.3090224167711991 0.7521072247046889 0.056531801131468204 0.052042163787375625
0 0.256447383495516 0.654171570016612 0.04564884328594587 0.060716256939830335
0 0.1852172781093217 0.6730531755075679 0.06744203005422929 0.04805557063492074
0 0.1562024646812134 0.5555257140642308 0.08938066256778665 0.06039488433001132
0 0.13547232904439813 0.49167396514396494 0.09721134328594587 0.0640205320782579
0 0.21489062168985512 0.8117244517257296 0.06908634328594587 0.0622182001845701
0 0.3234934620489348 0.8171209554263574 0.03615566861791084 0.0398029796419344
0 0.1588724258463854 0.7682760379383541 0.06905907220870704 0.05753070018457009