0 0.7634210890248985 0.43759816005314117 0.03499662628012441 0.03902826674922295
0 0.8842803496188292 0.36068244148467254 0.052093121018452496 0.03826628742738745
0 0.9179496943289227 0.3873155620390025 0.03941111049510866 0.03455909057054054
0 0.9746303037556686 0.3828784650583211 0.05073939248866281 0.05113016046291676
0 0.880532994314805 0.403942289913096 0.04795165258848364 0.04742296360606986
0 0.6802284284027327 0.542527562658175 0.039502115756780753 0.03612159057054054
0 0.681676807313693 0.5808451999617279 0.042900131541796324 0.040954639784752264
0 0.8485696337491092 0.4469495812694249 0.05144067363517095 0.053818512820281585
0 0.9284314389966635 0.45968071361057905 0.049332142065139806 0.04437073821317572
0 0.859801807313693 0.5725488947516603 0.06577618942018688 0.05916098428423418
0 0.8912029967338796 0.6274889518237547 0.054474668373499215 0.05240156203449331
0 0.8710416861540662 0.6848305709303426 0.04584312101845249 0.037975188998963995
0 0.8458365598033545 0.7228228765546951 0.05576415258848364 0.047786836641599176
0 0.7962537887566672 0.7188652766785297 0.04326415258848364 0.04720463978475227
0 0.9091479018826119 0.7472920295740139 0.07148015785015538 0.05007708271265763
0 0.8467767044993305 0.765864401161801 0.04915013154179633 0.04124573821317572
0 0.8472086149803217 0.8136298130724597 0.04519067363517095 0.05352741439185813
0 0.9176121202419937 0.8119174557526962 0.07634966837349921 0.053420406533975395
0 0.9621294177382147 0.67510450641465 0.044553636803468064 0.04258991439185813
0 0.9145487624483077 0.7055219065384846 0.04032116311182747 0.05018409057054054
0 0.9893858075960417 0.6045351412370035 0.021228384807916712 0.043788541356328994
0 0.9981314760401279 0.5644537967375216 0.003737047919744185 0.06268409057054072
0 0.9124746971009328 0.2395137628247908 0.04482665258848364 0.04727741439185813