0 0.6879217416342241 0.37114318179882 0.05541701186299797 0.05748649810013893
0 0.6602304817483924 0.3236681165443408 0.03465884288963732 0.046076219414791716
0 0.40048009144394364 0.44250380983923643 0.03427684091247105 0.03670121941479163
0 0.6833403068807137 0.6801181382958339 0.045787343878220456 0.05101829255305575
0 0.8810801285158127 0.6293044399669452 0.06348417984777584 0.06391833605604162
0 0.7632944037246837 0.7459808340592714 0.07078734387822046 0.05160017401194459
0 0.6347847431542799 0.7718685739912852 0.0503475098858317 0.04800239532659738
0 0.774108522811775 0.9156030030372229 0.045787343878220456 0.05101829255305575
0 0.4373088597699134 0.9249351033422226 0.04266234387822045 0.050945557370694415
0 0.5037296972223433 0.9459937921718058 0.0461693458553869 0.06039329255305574
0 0.2958084733826164 0.6703177256830558 0.053536176882026165 0.04963763050895835