0 0.61701143484243 0.6011165696388282 0.04927395459715278 0.039324579953513704
0 0.5918120663013189 0.5779193702592469 0.03535692496187508 0.0445912341605581
0 0.5363978676880897 0.5794543731092384 0.03702852773541672 0.04938799480421992
0 0.5595983251350342 0.6215108331324816 0.02569098423243048 0.03143567029858776
0 0.43917737557187453 0.601072283016266 0.05101829255305575 0.047246340597175515
0 0.4224970622172563 0.6810165091310525 0.038300087005972115 0.036997255447881724
0 0.5264175767505548 0.8742041443965618 0.027144381458888846 0.026857430942249395
0 0.5186407911313534 0.9067270672930396 0.038227351823611144 0.03387225544788173
0 0.45252548186079783 0.8988706446486635 0.0636273953265972 0.05280792574646966
0 0.41737903001652743 0.39824221395851545 0.036737587005972294 0.03688799480421991
0 0.3685966911106941 0.3829339242338601 0.048075130508958355 0.05484031930985207
0 0.39236215264170105 0.33369339490076494 0.03361258700597221 0.036669473516896464
0 0.31262075446531223 0.3080703180493443 0.07808993882958344 0.07097877153942508
0 0.47248737015663167 0.24229286271767822 0.06548083605604163 0.06541718639013112
0 0.5612822328107283 0.9177848995923419 0.07478310087368065 0.06294775025210128