0 0.172621900952404 0.2630823708772782 0.03008991439185813 0.043825594710093264
0 0.16217886062953246 0.20137132615306746 0.03739299214211718 0.03334312101845249
0 0.1397023930945212 0.2298302551204975 0.029944365177646405 0.04070059471009326
0 0.10674218982753354 0.26472889988706055 0.03968323821317572 0.04905912628012441
0 0.1033774412752756 0.3201521472562246 0.03946491439185813 0.04437162628012441
0 0.09957604508038251 0.3849503946253887 0.04331766046291672 0.060178636803468064
0 0.14739711497275865 0.36736805247554416 0.03833906203449331 0.05365562101845249
0 0.16973018734633416 0.30834936824644227 0.05440070967712844 0.06394067363517104
0 0.18870916563471243 0.4222599498023559 0.039901562034493264 0.05374662628012441
0 0.18417152295447603 0.3514924234939967 0.029871590570540542 0.03913809471009326
0 0.24681491811591183 0.3856923892225425 0.0354323858558109 0.05816111049510884
0 0.22321044417075972 0.43837006818997254 0.04687930810555185 0.06973564732681173
0 0.2571616050479612 0.5335684471009328 0.03179796360606986 0.04704159997176518
0 0.26689832403071456 0.5599867339326358 0.04280823821317572 0.04924113680346807
0 0.31917145347638465 0.5309131549369709 0.048441808105551855 0.06982665258848364
0 0.45324039247534864 0.4948530995482422 0.02874573821317572 0.04842208944842134
0 0.4693576980997012 0.4683738995341248 0.041900709677128486 0.06321263154179632
0 0.4800982990093239 0.42278067847331985 0.05621576674922295 0.03599768415851479
0 0.479246428454994 0.3906129205808121 0.046442660462916764 0.06036064732681172
0 0.5757382847413004 0.4213007494353027 0.06770123035529281 0.08185621572854593
0 0.5274827212590649 0.4145733363234753 0.036412688998963993 0.04575211575678075
0 0.49592019809970117 0.4699209889825461 0.0424443651776464 0.04142863680346807
0 0.46584740033323147 0.5269221469032888 0.04615156203449331 0.0541106473268119
0 0.5354514249403374 0.5294093810476861 0.03939213978475227 0.04280912628012423
0 0.49613205976269087 0.5662877547675617 0.06250430810555194 0.07064569994353036
0 0.5765109185301965 0.556085273112826 0.05305653349844608 0.06853716837349921
0 0.6083067280834905 0.546186628346263 0.04920378742738727 0.052730157850155376
0 0.6416286503332315 0.5371602388413719 0.03939213978475227 0.04280912628012423
0 0.659612362905844 0.5883433072431059 0.03833906203449331 0.05365562101845249
0 0.6815323664205006 0.4540971098598243 0.04571491439185813 0.04473564732681172
0 0.6898757134011821 0.3926968782756758 0.04815070967712849 0.06357665258848363
0 0.6654065603818634 0.3293855361964184 0.07311647642635144 0.09775423151356133
0 0.7125919294884513 0.30863269141573796 0.05334763192686935 0.07478716837349922
0 0.6193855849889693 0.32513838097709885 0.06250430810555194 0.07064569994353027
0 0.6195718296122859 0.2538626204537552 0.05945208271265763 0.07202618942018653
0 0.7897045471472971 0.23400368871431487 0.0530565334984459 0.06853716837349921
0 0.7884095667920041 0.31226519660682267 0.03877570967712849 0.0630306210184525
0 0.7506334309361934 0.36646757821920606 0.059743181141081084 0.07827618942018652
0 0.8035721863128769 0.44083751763939266 0.04509848428423417 0.0649571420651398
0 0.7449184702256076 0.5228085834808779 0.06377570967712849 0.0644867052052021
0 0.7276367708875615 0.5742877834949953 0.04520549214211726 0.0337981473268119
0 0.7499612270500332 0.6500081203125808 0.04353598428423418 0.06486613680346806
0 0.7148006689444812 0.715330012448308 0.056254308105551945 0.07028167889684286
0 0.7163674770500332 0.6480515071866361 0.05134848428423418 0.06532116311182748
0 0.6502287466947403 0.7225362967197622 0.048005160462916766 0.06045165258848364
0 0.7676346863128769 0.43874439662094017 0.0549829065339754 0.07644067363517096
0 0.7310422148489242 0.4507137756024875 0.044734611248705036 0.057144642065139806
0 0.6625768511190199 0.5415138098739417 0.04858735731976367 0.07295165258848364
0 0.8232639480997012 0.48898659130279853 0.05865156203449331 0.05483868942018653
0 0.8178272772977022 0.5552563334102907 0.06726458271265763 0.07248121572854575
0 0.7901303087292335 0.6789822597468849 0.046044554176610575 0.0852696420651398
0 0.8326409863556581 0.7417776623353685 0.047388730355292806 0.0806731473268119
0 0.5030134524429274 0.6371917889684287 0.03797518899896417 0.04584312101845249
0 0.545620483460174 0.6138221784027327 0.054764582712657627 0.07175317363517095
0 0.5785742245688338 0.6799777994211852 0.05945208271265763 0.07202618942018653
0 0.5477181385464073 0.4846884152485531 0.04858735731976367 0.07295165258848364
0 0.351326827959656 0.5805715206937515 0.04568068114108117 0.0774571420651398
0 0.3915301428896334 0.6424491653897274 0.040954639784752264 0.042900131541796324
0 0.29308414247534864 0.4855250602268776 0.05291098428423435 0.06541216837349921
0 0.24611709719007835 0.501590405007558 0.050766287427387445 0.052821163111827475
0 0.26972372518800636 0.4152279707784562 0.05767125889134021 0.06724768415851479