0 0.6020507749860637 0.5451615005810777 0.047120439695149584 0.04546531930985207
0 0.6111626754536019 0.4554980670409382 0.04558521077238851 0.05004355866619044
0 0.8175040999252452 0.29113029239942 0.06436248184962742 0.05604218639013112
0 0.8650739915139887 0.30264159276773706 0.026817030054229463 0.045607430942249484
0 0.4202887323406067 0.24315587621133156 0.07539088544042354 0.07243201089576327
0 0.2845194039835796 0.2237553022099025 0.056586343285945875 0.06174588317182241
0 0.691935431601922 0.5318477635705279 0.052053379390299345 0.08798060124083733
0 0.7427530430382404 0.5220467926515215 0.06606133723582168 0.07958894703379293
0 0.6489661607210749 0.6691728009493948 0.056613614363184794 0.06643338317182242
0 0.7648502359548439 0.6165562633184264 0.07539088544042372 0.07243201089576327
0 0.8055252329297818 0.6051217365832213 0.04710225897699054 0.04234031930985207
0 0.823326332167656 0.49845111950294213 0.06926815046753845 0.0938699683211162
0 0.858605302015231 0.47489900502055316 0.04720225292686635 0.05952781930985207
0 0.8865626512531051 0.36751819375647277 0.05497839149054791 0.05382412252816078
0 0.928395627249 0.42550565637760585 0.048682939695149585 0.0455745799535137
0 0.9726768923743105 0.4653604780332465 0.03935339149054755 0.05273151609154336
0 0.9435706544745589 0.5017567999409887 0.02837953005422946 0.045716691585911205
0 0.9259513624182771 0.5771774170212677 0.05349770472226432 0.06777736188449897
0 0.8837865883159761 0.5762212044001345 0.040815897540672094 0.035653276735205
0 0.8959638805686497 0.6308158692508407 0.04252384328594587 0.06076253737886681
0 0.8559065071302786 0.6703207656642148 0.05024543969514994 0.04568384059717552
0 0.9137099167711991 0.6678406218487307 0.04241475897699054 0.04201253737886681
0 0.8924525403077659 0.6974406405381641 0.04553975897699018 0.04223105866619044
0 0.8399542542034124 0.7276633721008322 0.06278180113146803 0.05280792574646931
0 0.6946644801011115 0.7339183619613736 0.06901362041330898 0.050119968321116384
0 0.7717400645082628 0.7746037101001176 0.04563066256778665 0.05785605866619044
0 0.6180241911680876 0.8868737531789677 0.06747839149054773 0.054698207677454744