0 0.43410439623814734 0.7802467426002758 0.05757183540139543 0.08653748400699968
0 0.41436533262827846 0.7164660532702302 0.05691627153942491 0.07716248400699968
0 0.5287670501930901 0.8665740465865946 0.0626199683211162 0.06942270934118148
0 0.5315135358662576 0.39192858259073077 0.039433840597175515 0.050418170671545234
0 0.5338137272000673 0.4371774479233217 0.047464861884498964 0.0536340773392725
0 0.5619001583944183 0.3369319999204582 0.04623014381548422 0.05830339600572696
0 0.5066281503486466 0.357090505927776 0.04466764381548423 0.0582852146721816
0 0.6788859265796485 0.46124965257004985 0.06996257475773363 0.0851204346753633
0 0.5960023707634499 0.4520661039147312 0.04466764381548423 0.0582852146721816
0 0.5754770672930396 0.5334888265834129 0.09547602698730664 0.11508065467854482
0 0.32684890713391057 0.7065557986155478 0.06582137797604233 0.09287839067472685