0 0.5976247740586935 0.08645775085302133 0.07880492288667433 0.061120644376666734
0 0.6637003570321154 0.09501643968260472 0.12053134793281668 0.07925370174736121
0 0.6702402537006279 0.1240317924561464 0.05582849784053181 0.04342399810013893
0 0.7016497424418608 0.1637670928929867 0.07547966378737563 0.05792290919430565
0 0.7868245812753789 0.2390775238387854 0.07598031153562204 0.06573540919430557
0 0.7473312846991516 0.24361890026368113 0.0603157387412331 0.04040810087368065
0 0.8397178462347737 0.30973616916538266 0.06484255243632368 0.06235583605604171
0 0.6659205983942421 0.26356641793111163 0.05270349784053181 0.04335126291777787
0 0.7333176519102997 0.30491942296510477 0.0648425524363235 0.06235583605604171
0 0.7141065769564423 0.32163414427975756 0.044991127390180984 0.04473192496187508
0 0.68309640885013 0.3489954248649658 0.05346496144333699 0.030887630508958354
0 0.4148539558877828 0.5089100598392364 0.05270349784053163 0.04335126291777787
0 0.3632216047157636 0.49444686312586833 0.05895349784053163 0.04349673328249999
0 0.7457627968807692 0.5478154377827437 0.08561612739018117 0.0456774823325695
0 0.7455718321982296 0.5813546363959727 0.05819203423772627 0.0559603656913195
0 0.8181546383351808 0.7523224062476048 0.07275518198597268 0.0641001740119446
0 0.7632878631967533 0.6995597757386465 0.046153109191583754 0.03851829255305574
0 0.7387780189645644 0.730972776688577 0.04322836829088246 0.041570557370694414
0 0.7072486142764876 0.677193160047327 0.0554279796419344 0.037173998100139015
0 0.6868452791435973 0.7118220799752089 0.0538654796419344 0.03713763050895835
0 0.658659722388337 0.7345685957427783 0.07155362739018098 0.04535017401194459
0 0.6176039258121098 0.7390736045764935 0.05516716378737563 0.05745013050895835
0 0.5734033428386878 0.731024062023438 0.04096496144333717 0.03059668977951393
0 0.6603340414820984 0.6511384999030908 0.046553627390180985 0.04476829255305557
0 0.7123878948135859 0.62348693179882 0.05849242288667415 0.060647865691319504
0 0.6722344617478789 0.5812078596104866 0.08721820018457009 0.0706774823325695
0 0.4431057711240328 0.6819663533422226 0.04801599784053181 0.043242160144236055
0 0.432739967607975 0.6419407653863198 0.052603368290882455 0.04178876291777787
0 0.4956206994093778 0.6371636528291323 0.044790868290882455 0.04160692496187508
0 0.5408726426541175 0.661619445382188 0.0999184592838688 0.0740934230620141
0 0.6294893499354015 0.41327482399128523 0.19274630937615383 0.1105777433504862
0 0.5366381207548925 0.546848430564549 0.07774307063492074 0.06889677678548622
0 0.6189184970653393 0.6135105601235769 0.053204145588778215 0.05116376291777769
0 0.49072364589332007 0.5972653514423615 0.07019138648947969 0.048438806420763925