0 0.8407927653728992 0.4553826590131669 0.05448892319868044 0.04903967787060921
0 0.7456801568348375 0.6274260967696079 0.0557331744523216 0.038165844866803765
0 0.7574958467265652 0.6840435112943444 0.05586956677218957 0.04285334486680377
0 0.683376385127225 0.6635983601154808 0.051182066772189574 0.04266234387822045
0 0.7188114314454437 0.7255107696973013 0.05559678213245363 0.03347834486680377
0 0.7298087674179633 0.7540031842220378 0.051136602665567035 0.04109984387822045
0 0.6700927866182932 0.7447037800774247 0.03372178213245362 0.032587006920082116
0 0.69120090848419 0.7712198591268977 0.043278638558944496 0.03921900889724857
0 0.6794056021368415 0.7959479450964528 0.03850021034569906 0.03590300790866543
0 0.6564083713371716 0.7851523665412714 0.05908549498543501 0.04610567885919252
0 0.6124454226699549 0.8064981259328116 0.05297188730530315 0.05053851087441501
0 0.8480309523616331 0.3815631570360006 0.03367631802583091 0.031024506920082205
0 0.7308996251646022 0.2807420977581911 0.04006271034569906 0.03596667490485981
0 0.500583987859299 0.2416318127006695 0.06101170783841638 0.0586693458553869
0 0.436521487859299 0.24424215954463957 0.06101170783841638 0.0586693458553869
0 0.3826356214036785 0.3277841714076376 0.040380959092057724 0.046904174904859805
0 0.3783596468722146 0.2614734219019292 0.05462531551854841 0.05372717787060939
0 0.40973401583511765 0.1569477479856526 0.05256271034569906 0.03647601087441492
0 0.4505325120741939 0.18813673958269564 0.05632420783841656 0.05847834486680372
0 0.49201531842154234 0.16219898068544705 0.04980142319868044 0.04884867688202617