0 0.4801264876798914 0.35572334836402586 0.05002917490485963 0.04103617688202617
0 0.2915348784786317 0.22558622631118483 0.02496550790866543 0.03845500494291585
0 0.18444657315515492 0.35381470258518866 0.04559634288963732 0.04709517589344294
0 0.7283862100367435 0.6294632317855734 0.04734984387822046 0.05184634288963732
0 0.6407137495800705 0.8130795450177155 0.04333350593149898 0.029844008897248385
0 0.5402309299221377 0.8737212732688857 0.04228034190105419 0.04228034190105419
0 0.4899762619373602 0.8654339293906652 0.02464717292769336 0.03064250494291585
0 0.4964252387056556 0.7557233483640259 0.030960839923887918 0.03245967292769336
0 0.46216427973185736 0.9485355894667773 0.01801517095052709 0.021012836958138336
0 0.5996629852456146 0.7435509536109529 0.04428851087441501 0.053281508897248565
0 0.6536355608350463 0.7090923819758538 0.06173067885919252 0.0602318458553869
0 0.3673598212151696 0.7465645711779885 0.04078150889724856 0.04377917490485963
0 0.38308959197541625 0.8454795736494465 0.03453150889724856 0.04352450692008247
0 0.4443945065001527 0.8378381699991249 0.0440975098858317 0.04859400889724839
0 0.6403834857399061 0.7475500455120071 0.045469008897248565 0.043970175893442945