0 0.12416595955427616 0.2626225553887288 0.06519910266556703 0.042793715728545755
0 0.0374101056350679 0.2957528447806804 0.04162521034569899 0.036741136803468064
0 0.04210596582248233 0.32199682636482896 0.03836381802583093 0.03187162628012441
0 0.12975907851717922 0.3652470264495336 0.057522994985435096 0.04702618942018653
0 0.14789662773839168 0.17076898435615878 0.06230142319868044 0.0504242052052021
0 0.07658156888376076 0.12890697902389978 0.05935827962517115 0.05649219468185844
0 0.5420986394833811 0.5611701163214781 0.04631271034569906 0.03701415258848364
0 0.5787946574300699 0.5598127426721896 0.036892246239076346 0.034905621018452494
0 0.5440415727111915 0.6016131057981344 0.03734688730530315 0.050530621018452494
0 0.4841604558598595 0.6760740504799927 0.043096782132453625 0.033707142065139986
0 0.5191803135399915 0.6787139320923762 0.04015363855894431 0.03977513154179633
0 0.5394617212992656 0.651795116321478 0.03376724623907634 0.03472361049510884
0 0.5947175226320491 0.6290786821629634 0.0416706744523216 0.038303636803468065
0 0.6116405981797275 0.663969621653737 0.05582410266556703 0.042247684158514785
0 0.5503477455141604 0.7065358242281032 0.05725021034569906 0.037651189420186526
0 0.6317879621280656 0.7220705479903311 0.03721049498543501 0.04584312101845249
0 0.4667192401038841 0.8198163452042035 0.05288095909205772 0.048315673635170954
0 0.5383130952767337 0.7984881057981343 0.057522994985435005 0.04702618942018653
0 0.48855713618467594 0.8466217689099617 0.06707985141192588 0.053822220990217676
0 0.6366298894833812 0.5556642979903311 0.05131845909205772 0.048224668373499216
0 0.6751611920698058 0.5448409190793708 0.040335494985435004 0.046025131541796147
0 0.7151784383088822 0.5097532875375747 0.05288095909205772 0.048315673635170954
0 0.6924479804704656 0.5672318585701446 0.03068771034569906 0.03610409997176518
0 0.6293796791376822 0.5904033190370186 0.04769335391920819 0.030855157850155378
0 0.6351295739648327 0.6072267979903312 0.06524456677218975 0.044356215728545756
0 0.6793880393250966 0.6140081480326834 0.05136392319868044 0.04978716837349921
0 0.3353234537482884 0.5108193187546698 0.04019910266556703 0.04133763154179633
0 0.5409513281214677 0.4933833768448217 0.049528638558944314 0.04032116311182747
0 0.5675903844688163 0.5160095347655644 0.04617631802583091 0.03232665258848364
0 0.5095983765512575 0.605958971554915 0.03514788981258547 0.028564615756780754
0 0.5056322905787379 0.6350472320782587 0.04631271034569906 0.03701415258848364
0 0.3472909416740945 0.7160227582454436 0.05926735141192587 0.053367194681858264