0 0.5857579114965115 0.16931926907231726 0.07141581411407198 0.08778526514684701
0 0.31181267708385174 0.2973188275851129 0.06319912252816069 0.05918666846619498
0 0.33293392423386015 0.3508931908625045 0.05258940445914595 0.06304537427505377
0 0.44085495692115 0.11890763982288607 0.08852690445914586 0.06576855518880328
0 0.37918012956552627 0.18963545953383645 0.07599405347041017 0.08657796265733611
0 0.34126486632397446 0.17618918878791204 0.06738387797604233 0.09680506763635792
0 0.7117855439120293 0.32296264209797115 0.06574496832111638 0.07336756763635792
0 0.6585459294296403 0.3619668651282694 0.055823665102807674 0.06484467261537982
0 0.568144804555691 0.3322928657529694 0.06607275025210164 0.07805506763635792
0 0.7581692349937373 0.43756867114226533 0.05905792574646931 0.06664397095570589
0 0.8476687775683842 0.42456991844297304 0.06316627153942492 0.08094326929603177
0 0.6418779634543124 0.52253751222384 0.07188570767745457 0.07227866431700995
0 0.5974127794099697 0.6805518443823451 0.06163662252816078 0.059068269296031775
0 0.7330446407902655 0.7635275198975099 0.06654264381548422 0.06254846680652104
0 0.7051438798945023 0.8402443078648737 0.05960422896477802 0.0744564709557057
0 0.8584870372036398 0.7143894350397125 0.0907449683211162 0.07526195435896632
0 0.6738228240783036 0.8325152408532158 0.04390281930985207 0.04995337842423879
0 0.5159335504451917 0.7566659037203332 0.07733803218308673 0.08357136182749905
0 0.3642560719846167 0.6920025203217172 0.083478771539425 0.08248245850815117
0 0.15235700552475623 0.6995110574638884 0.10266581411407194 0.09015324855010753
0 0.2665291301466039 0.8004321721911726 0.083478771539425 0.08248245850815117
0 0.22549811866976296 0.2758833806993237 0.05316855866619026 0.049101273445216795
0 0.4691277863704606 0.21468115849421804 0.0819162715394249 0.08236405933798814
0 0.5518967277042703 0.25348170413525173 0.0653079257464693 0.06711756763635801
0 0.46797446781691326 0.042250051440603745 0.10022922896477801 0.07753484937994445
0 0.6163848346450908 0.08695613234970889 0.09452553218308672 0.08487375269929238
0 0.764697376463433 0.2886459190676729 0.06396394703379293 0.07012416846619489
0 0.6992530569014794 0.41327998877862326 0.06574496832111638 0.07336756763635784
0 0.7578036122134751 0.5650424757063688 0.08761996832111621 0.07502515601864027
0 0.9289348390845664 0.3181647078602293 0.061931553470409996 0.08551237012586892
0 0.6640486223529338 0.7166893313100905 0.0699954257464693 0.06747276514684693
0 0.6195941459860457 0.8078713609790846 0.07130655347041034 0.08622276514684693
0 0.8049360662846334 0.7689594584849292 0.038450494804219915 0.038660680913749704
0 0.7734404118254876 0.8304064439627823 0.020170388367602498 0.021733290041956364
0 0.7535867337332297 0.8031577823450645 0.0741037715394249 0.08177206348717299
0 0.3628467552726547 0.7566094719813912 0.07980746832111638 0.07443316016782511
0 0.2809840221205027 0.5048120188718246 0.057823207677454566 0.07121307178554286
0 0.4093653842571032 0.3691919823543533 0.07599405347041017 0.08657796265733611
0 0.4771263206472344 0.30033431596275084 0.05829310124083733 0.0557064709557058
0 0.3926145628535642 0.2531176190769616 0.057058383171822415 0.06027557178554286
0 0.7112785374557415 0.6524958541306074 0.0533870799535137 0.05222627344521662
0 0.6365906218487307 0.8648667221818837 0.05149679802252862 0.047420374275053946
0 0.15579907977828683 0.7614190616130733 0.07235560124083724 0.05677206348717299
0 0.648552842438761 0.13813920143595934 0.06508940445914604 0.06399256763635792
0 0.7154996778401564 0.047584133799601414 0.08347877153942491 0.0824824585081512
0 0.6298421392007818 0.46128070351055184 0.07188570767745457 0.07227866431700995
0 0.7667676108760928 0.18124781616324348 0.07432229282674854 0.08489706348717303
0 0.5750657019774714 0.01633032063638929 0.0636361651028075 0.03266064127277858
0 0.5124678769676361 0.1616619796550609 0.08740144703379293 0.07190015601864026
0 0.7750189733416695 0.7300395910583527 0.07322968639013112 0.06927206348717299
0 0.7078471708796654 0.5237555474919116 0.07076025025210164 0.07841026514684693