0 0.33515625 0.39375 0.0390625 0.03984375
0 0.2765625 0.41875 0.04921875 0.04453125
0 0.62890625 0.16484375 0.05390625 0.02421875
0 0.6359375 0.26171875 0.059375 0.06875
0 0.303125 0.6515625 0.0546875 0.03125
0 0.2984375 0.68515625 0.04453125 0.02890625
0 0.3515625 0.68359375 0.0515625 0.03828125
0 0.35625 0.71875 0.046875 0.02890625
0 0.37890625 0.75625 0.07109375 0.0515625
0 0.40703125 0.68203125 0.025 0.04453125
0 0.46953125 0.70546875 0.02734375 0.046875
0 0.50390625 0.68671875 0.046875 0.03984375
0 0.51640625 0.7375 0.03671875 0.053125