0 0.7276546042499846 0.6724830888131369 0.034279824739800804 0.05963260523343692
0 0.6421265400256334 0.6752902994211852 0.050068599050060315 0.06366765785015556
0 0.5067777809805218 0.42595888637994506 0.0766244549975255 0.09481124203690498
0 0.41042400214770663 0.2965073338338137 0.05952548620519007 0.06577618942018652
0 0.43570396313812604 0.3330286627588915 0.04505355042954129 0.057144642065139896
0 0.34282042231952314 0.31437810232025243 0.05993492198083885 0.07358868942018652
0 0.34866763059640904 0.27733312862861165 0.07037445499752559 0.09444722099021767
0 0.36247674581612854 0.1247009522920175 0.07021068068726617 0.09132222099021767
0 0.441313233264514 0.4400599127588915 0.05368492198083885 0.07322466837349921
0 0.33279580562946565 0.643254260240995 0.05820864767057934 0.07037268415851479
0 0.29368571799936605 0.6697943734375269 0.08576043758467104 0.06107327886860805
0 0.3853276633859532 0.7242004233528224 0.08057497060135788 0.08102175782192056
0 0.3944050130018405 0.5853122286003767 0.049822937584671045 0.05898015785015538
0 0.3939004019659925 0.6351302180770331 0.055902519221876903 0.08581567363517095
0 0.43585552860567267 0.5737068706655167 0.049904824739800804 0.060542657850155376
0 0.44012030472495445 0.6253603759271885 0.047107373360319824 0.06661064732681173
0 0.49036048563936313 0.29103785480991395 0.05129690637700648 0.08710515785015546
0 0.461017144391219 0.22156751799232843 0.05138543758467105 0.05907116311182729
0 0.601566901288624 0.19859899680446672 0.09002521370395282 0.11272678413027988
0 0.38373975067736854 0.47097671281536113 0.08238977611928178 0.056203768345264395
0 0.33598832541716933 0.5258315418110261 0.07045634215265535 0.09600972099021768
0 0.2696573185197644 0.5531228129283007 0.05795634215265544 0.09528167889684287
0 0.23887098597804748 0.5007034682182073 0.07999511646291486 0.09968075256024882
0 0.2952758734718615 0.7298596181758551 0.049659163274411534 0.05585515785015538
0 0.3225720358417619 0.7602674549934406 0.055656857756487634 0.08112817363517096
0 0.3576640880803255 0.8651215549652058 0.05943695499752559 0.09381018415851479
0 0.45711853346691267 0.9199826311888604 0.07769563206674715 0.08552724729857672
0 0.49784427351729 0.6567615653473752 0.05993492198083885 0.07358868942018652
0 0.559245440975573 0.6097115310759209 0.07736808344622811 0.07927724729857691
0 0.56543016395178 0.5345218152767879 0.07448874491161739 0.08378273677523325
0 0.5941637528250752 0.7558353731551783 0.0750619549975255 0.09472023677523325
0 0.6372763449777304 0.8502525020661386 0.08870837516934209 0.11732327886860787
0 0.7666872060135784 0.8079424466774098 0.11379026232447202 0.12034186305535748