0 0.9635862294119439 0.6239548871722891 0.02658234736759475 0.046039925705962936
0 0.9058605202487839 0.7317613754938066 0.054761911069925874 0.04842077962517131
0 0.8718749006486707 0.7644003792547303 0.06586310217691818 0.05342652837152997
0 0.8257960196158118 0.8522126163226066 0.05637897477225664 0.05002874373179367
0 0.8060217221555497 0.791419868829889 0.05169147477225664 0.04989235141192587
0 0.6878198483790852 0.7050839005666313 0.11193949400955035 0.0766199874635877
0 0.6837300599044978 0.7550157044066973 0.06742560217691818 0.05347199247815269
0 0.6509423525554364 0.820535404327555 0.07405754809323425 0.0645913489046432
0 0.5549230136253621 0.7708188976636373 0.053472229581580065 0.05618781551854859
0 0.5148213140808491 0.8666254911580044 0.04996528366526398 0.04515938730530315
0 0.6213862834108099 0.9502767286215921 0.0748760036281972 0.0880288489046432
0 0.5542260652619754 0.9475405220368167 0.09082838584218215 0.09785848997087002
0 0.40465265119682475 0.9533549498543508 0.06457342068857255 0.061193564264907255