0 0.43589699513203134 0.28733840222406676 0.04190685633066593 0.07604086829088227
0 0.3759787041432106 0.5010993160114424 0.04777502678536125 0.054566386489479514
0 0.4418900763021892 0.4804876249261708 0.04001707386326192 0.05719073874123311
0 0.6467350836057898 0.2348084777962331 0.04941934740221221 0.05935401603912895
0 0.4800116392084025 0.5318906361849379 0.03206820616851012 0.048877590992986344
0 0.5213985239492827 0.6197620735695815 0.033712526785361165 0.05366522054263569
0 0.3695905620987297 0.6435371398855656 0.041852309252765355 0.07291586829088245
0 0.5000478551194406 0.8146635633905486 0.04157957386326192 0.05729086829088246
0 0.43951469318286673 0.12478833744924211 0.027435253246410874 0.05170220234403846
0 0.40561343141503914 0.36809704889257927 0.04292388555165907 0.04489099784053163
0 0.375271366480231 0.40749951033591636 0.038536394480112965 0.061778109191583754
0 0.6032947751638035 0.17516216996123873 0.030560253246410873 0.05190246144333712
0 0.413110511367381 0.5197899568198586 0.035275026785361166 0.053765350092285044
0 0.4092803534945874 0.6050964011443327 0.03034206493480802 0.03940246144333699
0 0.5145230069031541 0.5218752860926528 0.04673072402541756 0.08415375693983033
0 0.5332224139651688 0.5682799167220363 0.027353432629559825 0.04701470234403846
0 0.4370468433483177 0.5791253840254695 0.028779564934808023 0.039302331893687634
0 0.48129567532925444 0.6371591270856392 0.03505683847375849 0.04126535009228505
0 0.4923189500860207 0.6762519054632692 0.02406479139585791 0.03743944324473993
0 0.4929171935931991 0.7761017111387953 0.027026150162155815 0.02826470234403846
0 0.5290007439175106 0.7207237962716856 0.041715941558013545 0.06510336829088229
0 0.5244592942418221 0.6679492496954582 0.0272170649348082 0.03920220234403846
0 0.5512787130716644 0.4726973064507184 0.038509120941162676 0.06021560919158375
0 0.5137324797140511 0.8801185826688801 0.03228639448011279 0.06137759099298634
0 0.5540029237076967 0.8978277143779978 0.03823638555165907 0.04459060919158375
0 0.4104047025216528 0.7642210772702093 0.04144320616851029 0.04947836829088246
0 0.43558198052483005 0.7524627544758202 0.04306025324641087 0.05270349784053163
0 0.38483768669334023 0.7088920296142478 0.034975017856907445 0.03657785009228505
0 0.3029758064166868 0.6150302105204865 0.027735262174864595 0.06888970234403846
0 0.36963679545634287 0.2385189728589876 0.03848184740221221 0.05865310919158375
0 0.46547322118604384 0.11297994988002831 0.01943183847375849 0.040264054595791875
0 0.494788574270299 0.08769005321151588 0.02880683847375849 0.04086483189368777
0 0.3730450243563198 0.8032928716869684 0.03363070616851012 0.048977720542635696
0 0.38439162744057487 0.7791544648394232 0.030587526785361162 0.053464961443337164
0 0.3952006680256538 0.8752284284422285 0.025736385551659247 0.04378957279438893
0 0.3777228417267599 0.8482549182631957 0.031959112012708776 0.04262759099298634
0 0.4259518360447171 0.8123884669988914 0.03028751785690744 0.03627746144333699
0 0.42679909010190686 0.6297261613233655 0.023982970779006862 0.032751943244739935
0 0.43459004505260107 0.5410443931247682 0.030451159090609536 0.045652461443337164
0 0.3650178847441755 0.547843908084163 0.028861385551659246 0.04398983189368781
0 0.3951338530875504 0.4319790761904752 0.02886138555165916 0.04398983189368764
0 0.3852969772751239 0.3249175478128451 0.03185001785690744 0.03637759099298634
0 0.37598047849293986 0.36687451033591634 0.030342064934808198 0.039402461443337165
0 0.6044266270302425 0.11031841996123874 0.03826365909060954 0.046153109191583705
0 0.6678209253259592 0.1444943584256166 0.028888659090609538 0.04555233189368777
0 0.46360102962803024 0.175530014654853 0.02573638555165907 0.04378957279438915
0 0.35399065584749395 0.4642699444813575 0.03653751785690744 0.0366779796419344
0 0.47340926299223407 0.7313096452842365 0.03511138555165907 0.04439035009228505
0 0.5479473871798076 0.618841121225543 0.03042388555165907 0.04408996144333717
0 0.5720455860447171 0.8030263541066798 0.025600017856907444 0.03597707279438893
0 0.5660313652657103 0.8346268075304526 0.02710797077900686 0.032952202344038284
0 0.5686927151035546 0.8609890484311539 0.05375229139585791 0.039341904688076926
0 0.602477379876207 0.8478987631136935 0.025790932629560004 0.04691457279438893
0 0.6042347487887746 0.8813423187892194 0.036428423701106105 0.0304279796419344
0 0.5615092808491415 0.6913273905038745 0.03681025324641087 0.0523029796419344
0 0.4481633957012242 0.4340434215023983 0.04618525324641087 0.05290375693983016
0 0.41003569886490954 0.15945323411775456 0.0240920649348082 0.0390019432447398
0 0.43424476623534963 0.20316366132336544 0.03031479139585791 0.03783996144333708
0 0.44166261080148345 0.8511808567275736 0.042978432629559825 0.04801599784053181
0 0.4141415827983062 0.8630893738464366 0.024228432629559826 0.04681444324473958
0 0.47130129221322725 0.7626597748338858 0.0272170649348082 0.03920220234403846
0 0.4527206619365739 0.664742708979327 0.035165932629559825 0.047515350092285046
0 0.4733155799556371 0.6025535896087104 0.032013659090609534 0.04575259099298634
0 0.5057013859619917 0.5801884338408994 0.028670470779006862 0.033052331893687815