0 0.8175768472827768 0.26524616112579497 0.031215283665263983 0.044268197240056484
0 0.8369468953760111 0.20244615219734124 0.0402083377489479 0.03349433847375849
0 0.855386871329394 0.233355232960462 0.031160719962933216 0.04270569724005639
0 0.8844915287711224 0.2718858989509304 0.04231647477225664 0.04914661201270878
0 0.8816914217848808 0.3297120357204055 0.04059028366526398 0.04443183847375849
0 0.878618496286985 0.39535067248988065 0.04582342068857272 0.06013865909060954
0 0.8309721699707822 0.37353990219734123 0.04091766587924894 0.053806838473758486
0 0.8151859680640167 0.31135354789527014 0.05692461179556503 0.06501707386326191
0 0.7830505359426987 0.4266882215963763 0.0424801658792493 0.053834112012708955
0 0.7956894343987526 0.35541719359319907 0.03261409255827132 0.039607970779006865
0 0.7275197877567973 0.3847149557680637 0.036393856986241604 0.058412517856907445
0 0.7450867444728864 0.44062403653118454 0.04933036660488845 0.07113070616851011
0 0.7003793904818696 0.5358780353133684 0.034449411069925696 0.047447744317957154
0 0.687006371244576 0.5610962236249712 0.04549603847458741 0.050763659090609536
0 0.6366169908446893 0.5284025004103323 0.050892866604888454 0.07115797970746059
0 0.5055232474681113 0.48150200122111125 0.03137897477225664 0.0489556972400564
0 0.490907675961232 0.4528684866106147 0.044424611795565026 0.06479888555165907
0 0.4847866507334887 0.4045673543053664 0.05750496515360979 0.03691934740221221
0 0.4906199884824366 0.37167303368851534 0.04900298439090349 0.061755706168510116
0 0.3890475647986392 0.3960884269508123 0.07164187622353531 0.08401253571381498
0 0.43834816035213553 0.39288556047387657 0.03908234736759475 0.04596706493480811
0 0.4643724578123975 0.45255088677277044 0.04516865626060227 0.041388659090609535
0 0.4880257234214941 0.51303837338009 0.04878472958158007 0.05550570616851012
0 0.4170956645284867 0.5095918194023303 0.04059028366526398 0.04443183847375849
0 0.4523684764167191 0.5503571412369974 0.06495536660488846 0.07140344155801373
0 0.37174595899352386 0.533806615262415 0.0570883029025576 0.06970457386326193
0 0.34017850046333614 0.521084472810897 0.05029266587924912 0.053970479707460585
0 0.30704854193314846 0.5083896038983293 0.04059028366526398 0.04443183847375849
0 0.28337293975623024 0.560333933443634 0.040917665879249124 0.053806838473758486
0 0.2765376411148418 0.4206947349857616 0.04689484736759484 0.04610343262955983
0 0.274813939208076 0.35826291883313743 0.05062004809323426 0.06334547970746059
0 0.3082737691524756 0.2944361980541307 0.07687501324684387 0.09971935633066593
0 0.26227178838976933 0.27025440422264085 0.055689494009550165 0.07436480032431163
0 0.35517605100364114 0.2928367418856205 0.06495536660488854 0.07140344155801355
0 0.3631547313108605 0.22086628449929427 0.0618849303072194 0.07291139448011288
0 0.1925619783156356 0.18714762378383165 0.05708830290255769 0.06970457386326193
0 0.1850644476455965 0.2676981944006827 0.04129961179556507 0.06474433847375849
0 0.21742059065935485 0.3249106765437752 0.06366568511654283 0.07918866801906325
0 0.15316462850097007 0.39864423133231364 0.04760417549789597 0.06641593262955983
0 0.20396074746811124 0.4867657942385269 0.06786211179556503 0.0652079886359143
0 0.2161135178865313 0.5412078323879739 0.04651290145127884 0.035165932629559825
0 0.18380696017465023 0.6167260296280304 0.04604167549789597 0.06638865909060954
0 0.2118203435697617 0.6865066956184986 0.058705366604888454 0.07129434740221222
0 0.2181546783234848 0.6169072617711228 0.05390873920022683 0.06808752678536116
0 0.27620030209994945 0.6986560937520595 0.05051092068857255 0.060220479707460584
0 0.18985609664980463 0.3987845531669806 0.05736112141421197 0.07751707386326193
0 0.22678317777533064 0.4145362382321725 0.045714293283910835 0.057013659090609535
0 0.2850371326773213 0.512677683443634 0.05256449400955025 0.07431025324641105
0 0.12809021743104437 0.4459283344165687 0.061284729581579975 0.055723894480112966
0 0.12490816452848671 0.5146919711860438 0.06969743030721935 0.0730477621748646
0 0.13840269093735652 0.642503325488115 0.048313503628197106 0.08672843262955983
0 0.08861845654645317 0.7042726684261004 0.04971231252120449 0.08206820616851011
0 0.4365772961094997 0.6224639663180752 0.04064484736759475 0.045994338473758486
0 0.39612591090028965 0.5958429651002592 0.0587599303072194 0.07285684740221221
0 0.3548262991047245 0.6605873035740177 0.0618849303072194 0.07291139448011279
0 0.40935757559841246 0.46288046063603233 0.05100199400955034 0.07428297970746059
0 0.5982613297747637 0.5759184285756653 0.04804068511654265 0.07891593262956001
0 0.5500668772350257 0.6368792479747004 0.04215278366526398 0.04445911201270878
0 0.6686408063611188 0.48333941640080075 0.05547123920022692 0.06811480032431164
0 0.7155604463796521 0.5036013234628154 0.05185516587924912 0.05399775324641087
0 0.7007563911148418 0.41328996916074434 0.06015873920022692 0.06819662094116268