0 0.5253453970052286 0.6752192411580044 0.049710494985435005 0.04515938730530315
0 0.5860639366595295 0.7113900733696003 0.06096624373179367 0.05641513605166182
0 0.6933512509244368 0.6519589005666312 0.0516821719450391 0.05926735141192587
0 0.680970922869476 0.5937372236070271 0.06243781551854859 0.053335600158284535
0 0.6738246979423007 0.8124644915537157 0.05623327962517113 0.054716243731793665
0 0.5640117772509028 0.8780774681967507 0.0883016335443795 0.08375052586424729
0 0.4293940510035791 0.6137839844940868 0.05007420783841639 0.05765938730530316
0 0.36869824340258944 0.5768319022824909 0.06413670783841648 0.05806856426490725
0 0.43301079598901426 0.5701021806540207 0.03376724623907634 0.03376724623907634
0 0.5093904057142102 0.28301736929210747 0.06261967194503928 0.059585600158284534
0 0.6976753188837608 0.15400713387358383 0.07075042069139811 0.07075042069139799
0 0.7395074662181937 0.19431989680570755 0.049483174452321775 0.03734688730530307
0 0.26699333940423886 0.6325159494586393 0.06450042069139794 0.07056856426490725