0 0.8910459195042637 0.3304564350775171 0.06128449247815269 0.06942992288667416
0 0.6391160434817318 0.4932019686969344 0.04731292069139794 0.07165375693983016
0 0.6153088189502678 0.561010032392025 0.07865384890464337 0.07678134793281685
0 0.6435641995916533 0.6083263209486878 0.05444345909205772 0.04871690468807692
0 0.5588328130777731 0.35798396437799773 0.0474038489046432 0.07477875693983034
0 0.5691087350228121 0.2996207518549265 0.06169366943775678 0.08349242288667416
0 0.517659895289369 0.2990187769933541 0.058432277117888634 0.07860466378737554
0 0.3981670638691958 0.06416052051494914 0.061102636051661816 0.0631799228866742
0 0.14991583650124501 0.7436732495385747 0.04515938730530311 0.05124112739018098
0 0.17921924010388418 0.8353705937707636 0.072449313011266 0.07794332973421944
0 0.21790600389393772 0.952979595930232 0.053670569279472155 0.022154404688076924
0 0.2897582718406263 0.9491548866463632 0.05564224623907634 0.036317034237726274
0 0.3705990948810222 0.9580106500645986 0.05849446159934022 0.027142293337024625
0 0.4979488565595047 0.8960439713178282 0.0712959899708702 0.09190570018457009
0 0.5336877797581852 0.8469661212255432 0.06325616943775678 0.08359255243632333
0 0.6626478540522223 0.8636553686046493 0.05963106426490725 0.06620479333702498
0 0.48937079308602033 0.6548577668143214 0.05356292069139794 0.07205427513842758
0 0.7480136703621936 0.502599150221482 0.08773934389007838 0.12103199568106326
0 0.6730711578257813 0.39823062770394807 0.10626202335696497 0.11442105027685515
0 0.8003838155850556 0.364338884182353 0.08775606426490726 0.06800712523071262
0 0.7913748769469688 0.432758217155775 0.10655152837152997 0.0707711798265045
0 0.9080121106496328 0.2833613895810238 0.05797763605166182 0.06297966378737563
0 0.9571051770261111 0.39172579966777155 0.06151181301126627 0.07724242288667416
0 0.9222036766303997 0.5460220758859333 0.08256845909205772 0.050519236581764736
0 0.8866466098582102 0.5888499259782185 0.054761707838416385 0.05965440468807692
0 0.7847287571926429 0.6343707819305996 0.050346992478152684 0.06872901603912887
0 0.8266578444188039 0.6137485988648926 0.05025606426490725 0.06560401603912887
0 0.6145155455933027 0.668672338067551 0.054670779625171306 0.05652940468807692
0 0.6186454529568656 0.7947341903193044 0.05231866943775678 0.08289164558877822
0 0.6748499888502429 0.7926920265319287 0.07901756175762494 0.08928134793281686
0 0.5372099333608242 0.9403156030269457 0.05136392319868044 0.05007914558877822
0 0.4215993052267212 0.9204315044758202 0.05935827962517113 0.05682979333702498
0 0.3760033118906388 0.8258792705149492 0.0664266335443795 0.08535531153562204
0 0.4125067647144903 0.7237264851974887 0.06748902837152997 0.06826794108527139
0 0.5958591031277854 0.2378624290605374 0.038909387305303154 0.05084060919158375
0 0.5248766648854103 0.1581935178940555 0.05150031551854859 0.05476664558877831
0 0.4894021661390514 0.1713839327611652 0.04846624373179385 0.0576913864894796
0 0.04574309435229682 0.19669572486157239 0.05150031551854848 0.05476664558877831
0 0.07245401002912985 0.08269378161683258 0.0686878155185485 0.05586807063492083
0 0.5544455267886843 0.5087652143779978 0.05935827962517113 0.05682979333702498
0 0.2769640698081976 0.745668941242155 0.03555706677218975 0.04282785009228505
0 0.28377635946249863 0.7795432934939084 0.03711956677218975 0.0429279796419344
0 0.9377999328986059 0.5996081508397908 0.05347199247815269 0.06892927513842757
0 0.8113487446562306 0.5234938386858599 0.054761707838416385 0.05965440468807692
0 0.6982062354850307 0.6063842867109617 0.054670779625171126 0.05652940468807692
0 0.7214247751393317 0.6392072786913972 0.054670779625171126 0.05652940468807692
0 0.6978448711409811 0.6992028423864876 0.06128449247815269 0.06942992288667416
0 0.7130032067177894 0.8214387877906958 0.04534124373179367 0.05749112739018116
0 0.9812497191876947 0.4463236620985578 0.009130959092057722 0.04581314774824659
0 0.9776557062555711 0.4894426064230317 0.010466138558944493 0.03810077729789594
0 0.5192150689502678 0.5671679996954582 0.04515938730530315 0.05124112739018098
0 0.544527306018144 0.6084345473514198 0.061193564264907255 0.06630492288667433
0 0.5146171825028946 0.7787866201458089 0.049665030878812286 0.045291516039128864
0 0.43369379143666764 0.7995682919527489 0.053381064264907255 0.06580427513842757
0 0.5097588155850555 0.38296298041712673 0.05347199247815269 0.06892927513842766
0 0.8656534629194883 0.3991458783222569 0.06868781551854823 0.05586807063492083
0 0.8392056570343585 0.6917036181432241 0.07677310015828454 0.0657437183831675
0 0.9686026181714802 0.344981207595051 0.04106292069139812 0.07125323874123302
0 0.6795819191085524 0.4960673504060521 0.05659699247815268 0.06912953423772628
0 0.5616873769469688 0.4474772609542252 0.06427310015828454 0.06494268198597286
0 0.6033042271052533 0.38398645743816745 0.059949313011265916 0.0771422933370249
0 0.6368501644896988 0.30307761644518105 0.0675799565847754 0.07139294108527157