0 0.34572000351604143 0.3145926079836302 0.04394089754067192 0.035105340343632996
0 0.6193029492613153 0.2752623558359236 0.03450226502711473 0.023676517412854547
0 0.649944416083828 0.24397805631089345 0.039226126463433174 0.03017217887824373
0 0.72075181977282 0.28947094075248975 0.0439227168225127 0.03198034034363308
0 0.7026739854638647 0.3091626430364819 0.045539758976990544 0.04143722749876275
0 0.7956058531466991 0.4448744137286968 0.048619307181592394 0.033788501809022264
0 0.8498251996540986 0.5224771132991555 0.048628397540672094 0.035351001809022266
0 0.8706644195998695 0.5651216367049038 0.051862481849627426 0.05426477611928178
0 0.82924907924079 0.5688541463158423 0.04400453005422946 0.046042840343633
0 0.7785450972929666 0.5582342288575592 0.048692030054229285 0.04628850180902226
0 0.742693955704223 0.5452738834255435 0.040861349336070066 0.04275406603337366
0 0.6910769135497452 0.5573511595448253 0.047111349336070064 0.04308161465389269
0 0.6091638382177803 0.5413377351891373 0.05968407220870695 0.056236711894930555
0 0.7308206695998696 0.5724505370890165 0.0392352168225127 0.03173467887824373
0 0.6860076184684013 0.6232218210102145 0.05488748789975162 0.03724105042954129
0 0.7305525040070208 0.6185442870890167 0.037709078258831144 0.03790279172311397
0 0.7412309287732517 0.6625023270031084 0.048710210772388504 0.049413501809022264
0 0.6065110160090732 0.5945855659218319 0.0470658975406721 0.03526911465389251
0 0.6219860250842596 0.6195479443705343 0.045530668617910844 0.03987472749876275
0 0.6473218474893583 0.6947593063108934 0.061246572208706954 0.056318599050060314
0 0.5827053564663488 0.6590951232487783 0.03458407825883114 0.03773901741285464
0 0.543638311286809 0.6619235521270219 0.04240566861791066 0.03971095318850324
0 0.5269724651721928 0.8416486736783195 0.03938066256778665 0.056734678878243724
0 0.46268270619520224 0.8840685470386394 0.04709316861791084 0.03995661465389233
0 0.37937075732667047 0.840012009838081 0.03927157825883114 0.03798467887824373