0 0.8852578766330602 0.3968556626801446 0.09884629465362345 0.09405563861970415
0 0.9460364819370846 0.4442494687484449 0.06952281570031076 0.09822968639013112
0 0.4853004631682971 0.04491756017879959 0.08564907366340577 0.027775074757733685
0 0.537024773959872 0.3285766481780851 0.05923776308359248 0.08194912252816078
0 0.6313222635777026 0.4873503506597595 0.04344616311182729 0.051278276735205
0 0.608158508386618 0.5618204729358187 0.06512374203690499 0.07613616510280767
0 0.7752333453453778 0.6966592847041022 0.08690773677523325 0.07610331411407181
0 0.7143993450630292 0.39432125252101546 0.05180469468185844 0.06119957995351379
0 0.4695888320500238 0.5301666453280934 0.10876732622365459 0.10408620248167448
0 0.41872355304024156 0.4607175227999328 0.0418836631118273 0.05116901609154336
0 0.39739531363417235 0.5306094057196538 0.07431673151356133 0.07366672896477802
0 0.3631861845820377 0.41761237898444853 0.07735072625188959 0.07232275025210164
0 0.2999952108198098 0.3308282909851631 0.08919827886860805 0.08871257475773361
0 0.23480285032470097 0.3592157349168628 0.053822220990217676 0.06912134059717552
0 0.23373390301200664 0.4179733758823554 0.06871917889684287 0.057713947033792935
0 0.1674032477220999 0.38509553788306994 0.06623121572854584 0.06843292574646949
0 0.03117107415751607 0.5018627847809768 0.056947220990217665 0.06933986188449896
0 0.14738833738228285 0.5805883543429304 0.07551521046687393 0.06752598960843983
0 0.2646514320923761 0.5605486419738988 0.0684461631118273 0.05302644703379293
0 0.28927272951801 0.62267158355981 0.06899219468185844 0.06240144703379293
0 0.37172120847132256 0.634712397673882 0.0816742052052021 0.06640053218308672
0 0.45494323214884586 0.633471961787954 0.07460515785015538 0.05190098960843983
0 0.5919805005646974 0.6375635181083558 0.08857665258848364 0.051321835401395434
0 0.5693928690229011 0.6752056297407532 0.09270271046687402 0.06872785668871888
0 0.48457127701423097 0.7712504672358356 0.09904371572854594 0.07072739926336577
0 0.41437216907937086 0.7239823473055649 0.05898015785015538 0.050808383171822416
0 0.50756989028135 0.8881701694654087 0.11639781570031094 0.10150750569998337
0 0.5984594717666766 0.7956873745449731 0.060633663111827295 0.05248014381548423
0 0.7090329507199892 0.8096948802449562 0.10383763154179633 0.04616444183801285
0 0.8546577219078507 0.9594883405587382 0.11401626834526439 0.08102331888252365
0 0.8139409876222793 0.8805697449794468 0.10418624203690499 0.07886768119435103
0 0.6807090715972672 0.6225883641534129 0.07882222099021767 0.07086951089576328
0 0.7771213400131188 0.6238391437386096 0.09820925782192055 0.08311813861970414
0 0.903850439984884 0.6028924952315484 0.13623987884037306 0.12156863342392406
0 0.33069511909348825 0.7330352831914929 0.07395271046687402 0.06741672896477802
0 0.13736161902290114 0.6449950617682834 0.024802578925077777 0.025076409654926125
0 0.1619884346526249 0.4780642878830699 0.08405575256024878 0.08057229282674853
0 0.07102950568519487 0.4505241599070276 0.07927724729857691 0.07868201089576328
0 0.7018446791086044 0.2192994731879203 0.09003273677523324 0.07632183540139544
0 0.7256847265342381 0.28136778445200067 0.07982327886860788 0.08805701089576327
0 0.6025972950771467 0.4014074968210323 0.09224768415851478 0.06091535668871888
0 0.4024963974679861 0.1332591583175437 0.06670165258848364 0.049792186390131124
0 0.35742682117374425 0.15285611029501514 0.06495714206513999 0.0465579257464694
0 0.8657783764918859 0.24645147109423338 0.08581567363517095 0.057353314114071983
0 0.8681074449642072 0.30074013334704947 0.0926117052052021 0.06716535668871888
0 0.8402862818523797 0.3474294630484617 0.0961917315135615 0.07519637797604233
0 0.8093562583160308 0.5013685640371973 0.07644067363517096 0.05669775025210164
0 0.7693374740445765 0.4342467660146688 0.07506018415851479 0.05971348960843983
0 0.7016648556569599 0.4648140689808759 0.07974768415851478 0.06004127153942509
0 0.9098072244680996 0.8911955245646436 0.04150423151356151 0.07137225544788173
0 0.6333280244539822 0.8569580103146854 0.04915013154179633 0.04234031930985225
0 0.6577978184723212 0.10012350226891391 0.07037268415851479 0.059385707677454616
0 0.5393299975809256 0.26206113753442334 0.09362817363517095 0.0578996173323806
0 0.49575097169608934 0.7139842704541441 0.0762586631118273 0.05357275025210164
0 0.4372783190370185 0.6808714856731675 0.07707771046687402 0.06763525025210164
0 0.2839207027155405 0.10849446907742097 0.09628273677523325 0.07675887797604238
0 0.4013422770848181 0.8399515547309179 0.06274219468185845 0.06196440445914604
0 0.7270842716819719 0.7152564653942501 0.07634966837349921 0.05513525025210164
0 0.7554921798144761 0.9682488404326876 0.06283319994353036 0.06350231913462494