0 0.5314054612036287 0.16007555212260832 0.07364810015828453 0.06512374203690507
0 0.4595304612036288 0.15588931008570323 0.07636392319868043 0.05124325256024873
0 0.2976465751519669 0.2059362707643387 0.06574467194503919 0.06154371572854585
0 0.45134823667216484 0.22193153903901588 0.06891513605166182 0.0632882262518895
0 0.3883026673926927 0.2370413285721419 0.07088681301126609 0.07744173151356133
0 0.4124736047771381 0.15940915223554777 0.08007995658477522 0.07173776308359248
0 0.33156092240725765 0.2775606417827913 0.06060253087881238 0.04564569994353027
0 0.3242736081423504 0.3397421233669398 0.08293217194503918 0.06254477360693614
0 0.2393674107287751 0.326188586605824 0.04769335391920819 0.030855157850155468
0 0.24438987984996272 0.36874010765251136 0.05136392319868044 0.04978716837349921
0 0.33346074003737713 0.4005354101986427 0.08793792069139794 0.07375528939195171
0 0.18923336691783899 0.4085691761248326 0.07502874373179384 0.058964747298576904
0 0.2758695488920081 0.44335297077845615 0.05127299498543501 0.046662168373499215
0 0.15912231809233796 0.4482918287839034 0.06694345909205776 0.04913472099021767
0 0.1021077884671668 0.49818614199455274 0.06395485141192578 0.05364021046687402
0 0.11671820625557087 0.5608604472421072 0.07507420783841652 0.060527247298576906
0 0.09087712028305128 0.5883106130553577 0.08623902837152993 0.06897678413027997
0 0.3895001398790926 0.46484010488050115 0.1034719924781526 0.07154034200867017
0 0.15087659441880383 0.6778883235222315 0.09735838479802066 0.07586382096198285
0 0.5283747717741194 0.5331868284309677 0.07360263605166181 0.06356124203690498
0 0.22465742372740585 0.7510520787133161 0.09244356426490725 0.06777830517696729
0 0.07851219794230067 0.7981028420086702 0.07695495658477529 0.07155575256024882
0 0.1890117772509027 0.8734052208490433 0.05279003087881238 0.04519067363517095
0 0.6627651774883295 0.8094370572431059 0.05632420783841656 0.05943518415851479
0 0.833509586501245 0.8045128807653373 0.11400031551854858 0.05811487884037305
0 0.8004757776466143 0.7564170150085567 0.06882420783841639 0.06016322625188959
0 0.7594619842313894 0.6867268703125808 0.09726745658477523 0.07273882096198285
0 0.6495414149519172 0.6991065019955514 0.07998902837152996 0.06861276308359229
0 0.7409429679340533 0.543219794018339 0.08628449247815269 0.0705392841302798
0 0.8181443139357029 0.6064093097327674 0.08940949247815269 0.07072129465362345
0 0.9453419967678016 0.8071135069748745 0.06712531551854824 0.05538472099021767
0 0.8692592183962718 0.8668532570454618 0.05761392319868044 0.05015118942018652
0 0.8820343515449398 0.9388115570313442 0.11409124373179366 0.06123987884037305
0 0.8988892309326839 0.9743778522143718 0.09842077962517096 0.051244295571256517
0 0.7445403632234223 0.8768058387425498 0.10039245658477522 0.07292083148532669
0 0.5033196328194636 0.7218930126600694 0.09547763605166182 0.06483531570031094
0 0.4474584262346883 0.7859408311323907 0.10476170783841657 0.062256347270342086
0 0.48285871714263057 0.833391954781679 0.04529577962517113 0.0556731473268119
0 0.6376982959890142 0.5951169520096689 0.07815374373179385 0.05914675782192056
0 0.5811227209035543 0.8719832888978415 0.08315949247815269 0.07035727360693614
0 0.6579974579714305 0.9195023019814339 0.07075042069139795 0.0727542315135615
0 0.7907273899455995 0.9564171720021107 0.09615959765100221 0.08716565599577848
0 0.5009351157307048 0.8845295205525773 0.10526181301126591 0.0794438472703419
0 0.3586316069552161 0.7995490338479312 0.12824467194503927 0.06518392619541977
0 0.3505212417532368 0.7286449996470642 0.10539820533113406 0.08413134727034191
0 0.25411525468536056 0.6799884207925736 0.07360263605166181 0.06356124203690498
0 0.355479177884041 0.6389377575395719 0.10852320533113406 0.08431335779368573
0 0.3970505639357028 0.581883391712204 0.09427884890464329 0.07724431043863902
0 0.35967859606815644 0.5484037628012437 0.05784124373179385 0.05796368942018652
0 0.25038851260291933 0.5929056497458862 0.05269910266556703 0.042065673635170955
0 0.19049067537675848 0.607416199802356 0.07681856426490725 0.06686825256024882
0 0.2849884846271008 0.506490007610159 0.07907974623907635 0.0373627630835923
0 0.21268157561418538 0.5171475155732541 0.08549488229073816 0.09701077886860787