0 0.2652808738740684 0.6178807954530476 0.05667697510489074 0.04780230032431163
0 0.3617773655756987 0.6351694813290184 0.0619564709557058 0.05569662094116268
0 0.33042154441485583 0.6744132134721108 0.06484467261537982 0.05262616801906326
0 0.38642309068058933 0.682412674104848 0.04237767676456468 0.04443183847375849
0 0.42384058030762717 0.7025712155007058 0.03456517676456468 0.04429547077900686
0 0.41200250852208437 0.649309847805954 0.038542281743586496 0.03500229139585791
0 0.5989221680652096 0.63462755924947 0.042259277594401644 0.04286933847375849
0 0.5589842522983071 0.6635786736978109 0.05703217261537965 0.05248980032431163
0 0.619768386946323 0.6935076814084485 0.07852866431700996 0.06846935633066593
0 0.5781986228251613 0.15521279463897342 0.06747276514684693 0.0667159415580136
0 0.3060196599673325 0.3626808267026357 0.07071616431700996 0.0683329886359143
0 0.37149037199996865 0.3411973388775003 0.11169636182749913 0.07372960064862308