0 0.711349250084818 0.32092751913233125 0.051746038474587405 0.05029089149054773
0 0.8584896341129017 0.3724258657379268 0.060848219962933214 0.042532933645025486
0 0.8402158384667381 0.47567813076504145 0.05498016587924894 0.053434072208706954
0 0.9107689298438831 0.5940417905041577 0.05821429328391083 0.05657725292686635
0 0.9134599094254632 0.6487247453246179 0.07373016587924894 0.05354315651766228
0 0.9632788601511025 0.6656258990136099 0.051364092558271325 0.03935339149054773
0 0.8452431335647475 0.5748877904059618 0.06144842068857272 0.0597204336450254
0 0.8614782579741842 0.6146451819947055 0.03848214664195524 0.028343168617910842
0 0.817229750169636 0.6453775524080144 0.051746038474587405 0.05029089149054773
0 0.8253175578815171 0.7203457361512358 0.0402083377489479 0.03303975897699054
0 0.7764857321982868 0.8659718535394825 0.05470734736759493 0.045621572208706954