0 0.492541377756076 0.4941447300684059 0.024455792553055567 0.044022720003181706
0 0.5098379805296176 0.4896572247374058 0.02772626291777769 0.05030908267027243
0 0.5273891564414231 0.4742322194064057 0.01795121941479181 0.033012494668999894
0 0.5426517869503816 0.4228333514083147 0.03364895459715278 0.036319308004454244
0 0.5757000230826732 0.4466617500795418 0.02732621941479163 0.03312158267027261
0 0.5980107809664579 0.4617691294159507 0.03215918977951393 0.039426126670908876
0 0.5759539430105551 0.46932709074631446 0.02409211664125017 0.028397720003181703
0 0.5701033333031593 0.4856697060789054 0.021003484232430657 0.0299238573360908
0 0.5651067087781246 0.4988964120782692 0.024201219414791808 0.0330852200031817
0 0.5995908115516663 0.49460890141626895 0.022565984232430482 0.029942038669636163
0 0.5695753500206593 0.5419287967456782 0.02569098423243048 0.029978401336727068
0 0.5419763736720133 0.5861509640754056 0.02721711664125017 0.02843408267027243
0 0.49853419177628416 0.6395663180696787 0.03353985182361115 0.03163180800445424
0 0.5144312954997564 0.6616322220719058 0.03215918977951393 0.039426126670908876
0 0.5396676848424301 0.6517668734086329 0.023946646276527872 0.022147720003181704
0 0.5088891571070133 0.6982964280712695 0.022565984232430482 0.029942038669636163
0 0.5356958849742706 0.28521517274026936 0.04829333605604162 0.06148294000636341
0 0.528930859804305 0.6094430134070421 0.028925087005972117 0.03470226400381797
0 0.5454306416237843 0.47131630474217834 0.03368532218833344 0.037881808004454245
0 0.555492706593923 0.6433549367440874 0.022565984232430482 0.029942038669636163
0 0.5518585603173953 0.6651935740769964 0.024201219414791808 0.0330852200031817