0 0.21652287812245188 0.4613037494341731 0.0642460384745874 0.05327548620519007
0 0.20339788474587386 0.5097445714604405 0.0806349303072194 0.07596935775648764
0 0.22770096949959698 0.5804222416322571 0.08683036660488845 0.07473440637700648
0 0.2465898679556509 0.6523758067611194 0.07293155771188112 0.07868492198083885
0 0.37142123156531454 0.7657533112836752 0.0712599303072194 0.0754780348257091
0 0.2933607189514428 0.7858367599496228 0.03406746515360961 0.03765713025772488
0 0.2592114082443368 0.7458358796918979 0.0661904843909034 0.06429487336031983
0 0.44073671595621794 0.8302119589542546 0.07443949400955034 0.07720430913596843
0 0.5121925645049391 0.7996447116677879 0.07551092068857254 0.06322369629109836
0 0.5197743968115914 0.7041241717536962 0.07950893992586625 0.08838747060135788
0 0.5725372982628703 0.741201447872978 0.07551092068857237 0.06322369629109836
0 0.7583260092401287 0.9030031642904642 0.09308036660488846 0.0750619549975255
0 0.5645115218540004 0.86867135063194 0.08559524881887359 0.0840275192218769
0 0.600250581295162 0.6638919973980082 0.10289187622353531 0.08805327792830404
0 0.6416816239461006 0.5997785877416413 0.06937004809323426 0.06602114767057934
0 0.6669246714063627 0.5410553629564119 0.07076885698624161 0.06141553482570909
0 0.5819767525318887 0.5202272065794054 0.08855655771188112 0.07950379353213641
0 0.5219197062527531 0.4975842446844747 0.07723711179556503 0.06799308344622812
0 0.4099504743089204 0.5962120952048731 0.08828373920022674 0.07169129353213641
0 0.5576513643274538 0.5828976249421995 0.0630654843909035 0.06413109905006031
0 0.4172595212210283 0.7385224259375678 0.0838690577118811 0.07925813206674696
0 0.8772396672300115 0.6682707174335392 0.07265873920022692 0.07087242198083885
0 0.5667932074338793 0.4203943029159321 0.08504961179556503 0.0684025192218769
0 0.32057293874473985 0.180562761758645 0.06753472958157988 0.058126760515449585
0 0.2563665950053421 0.2177485012431954 0.08230655771188111 0.07917624491161739
0 0.31606652113621025 0.408813914517607 0.13485120435383652 0.11000352103089917