0 0.697623939208361 0.46611532790761956 0.07434933664159918 0.05689180913596843
0 0.49679995554329925 0.2934944566950063 0.0927012303552928 0.08279256784239583
0 0.5480927818458161 0.24638376130841907 0.058869885855810725 0.05919793758467105
0 0.5461750250213907 0.12023069708406783 0.09121150496239885 0.08427318068726612
0 0.20222370202864254 0.4437588868164455 0.10298375889134022 0.06930327792830404
0 0.17177626096276394 0.6791574762555673 0.06624573821317573 0.050232373360319826
0 0.13952453308867047 0.7190355257805976 0.058360463606069855 0.048260437584671224
0 0.1729470010379665 0.8380820969023537 0.0674829065339753 0.07679487336031983
0 0.19499328308867042 0.7161285317734913 0.04913101282028158 0.05089411465389251
0 0.2411747702683889 0.7620275299644691 0.07427656203449332 0.055329309135968605
0 0.2708301910703878 0.6942291983272633 0.05167381596343468 0.0385578889641522
0 0.3310956029810466 0.6887327928547677 0.061631012820281585 0.05154921189493056
0 0.46723861828252755 0.5935320782463037 0.05040241439185813 0.04472600180902227
0 0.4276751964470713 0.7569295149264637 0.07671235731976349 0.07416119629109837
0 0.2875553105912604 0.8203855845778818 0.04153683664159917 0.05517217887824373
0 0.49587507878822557 0.8320689557904952 0.03285104135632899 0.03601274310259513
0 0.4033386683253088 0.8945899672104559 0.07896406203449331 0.055574970601357875
0 0.42245038730806217 0.9193066841937689 0.06773546360606986 0.048751760515449404
0 0.47926331348674456 0.921005303031533 0.04237159057054054 0.03962906603337366
0 0.5239765000045092 0.9147652691103353 0.05865156203449331 0.05451043758467122
0 0.16038068858918844 0.739764105608781 0.04549659057054054 0.03979284034363299