0 0.2120928912274596 0.7501978052991835 0.04193519448207601 0.025472714672181596
0 0.20153052747807818 0.772963143300456 0.02968085594746528 0.030014764003817973
0 0.24063397105564305 0.77172735996182 0.03864642017181659 0.02231135200509069
0 0.2554843651081778 0.8012239559595928 0.032887743102595034 0.0316136266709087
0 0.2871471229100939 0.8078824886219111 0.048676517412854545 0.03492044000636341
0 0.2761410238600336 0.8689108952896383 0.048922178878243724 0.039607940006363404
0 0.3390747930819104 0.7854165952816843 0.034204581637205765 0.026944308004454243
0 0.3933229590698555 0.6590808146085481 0.044070904567984216 0.036428396005727136
0 0.2951886742441464 0.7289307852880476 0.04587906603337348 0.041134077339272504
0 0.3737673756236274 0.7342626279440025 0.034286468792335524 0.028506808004454244
0 0.47390457372374806 0.611296747931276 0.04431656603337366 0.04111589600572714
0 0.5277134899388356 0.9104876785885037 0.043163501809022266 0.048910214672181596
0 0.15426710312239017 0.6915318773074557 0.041437227498762844 0.045767033338636055
0 0.4352846455228727 0.20105922927277553 0.05229284034363317 0.044331802673454226
0 0.5421654093176826 0.26227744525782165 0.0376571302577247 0.03323067067154524
0 0.5758100689740496 0.3056092745862764 0.04908595318850324 0.04273294000636341
0 0.6185121460886996 0.39958599391314037 0.041191566033373664 0.04107953333863614
0 0.6377711584131716 0.2853689525780041 0.04555151741285464 0.0348840773392725
0 0.6285665767759656 0.3120223592457313 0.036094630257724705 0.033212489337999786
0 0.5869799423343695 0.24145586791854923 0.034286468792335614 0.02850680800445442
0 0.5411694753510562 0.22168880792491255 0.042754066033373485 0.041097714672181596
0 0.647460418928621 0.2196712272438223 0.057560194482076096 0.025654528007635947
0 0.6853421992317743 0.2715422625716407 0.04908595318850324 0.04273294000636332