0 0.44356165760465427 0.015863935575777054 0.05946784190105418 0.03172787115155411
0 0.596547394753073 0.05838176907231728 0.06986151384016441 0.07071616431701003
0 0.4523770172258434 0.6721268055897885 0.05458934091247088 0.03996307178554268
0 0.4924091096211892 0.6262572759207945 0.05184634288963732 0.04910127344521662
0 0.51444859429815 0.6970191391981861 0.07397601087441501 0.05700886182749905
0 0.6532352271882249 0.8461642663730249 0.04428851087441501 0.05475927759440182
0 0.4614005542605314 0.8902964651329139 0.05366351087441501 0.05546967261538001
0 0.30964439467871085 0.8683058338088901 0.03603034190105418 0.04322978174358667
0 0.9361073714841872 0.5365595103497404 0.01807883794672165 0.023177390871793335
0 0.7174474851712523 0.019116683601430946 0.05946784190105418 0.03823336720286189
0 0.7810404584795065 0.1370834190676729 0.04766817885919252 0.06124607593472771
0 0.8895241205327853 0.1506704771562612 0.051464340912470874 0.0397262734452168
0 0.8903571086697871 0.20668367881593513 0.04384284190105418 0.043821777594401645
0 0.8686121012554133 0.24337911802805445 0.04384284190105418 0.043821777594401645
0 0.8007361931564674 0.20802288110030903 0.08405134783255334 0.07490675684847722
0 0.7095448018634356 0.09499193006533502 0.04833934091247087 0.03948947510489074
0 0.9010134243733873 0.28921183628446795 0.0660361768820259 0.053291865976683984
0 0.9255704139932639 0.33641780039169655 0.06635451186299832 0.061104365976683984
0 0.8154712193167406 0.47716304479261923 0.0284725098858317 0.04888778589277152
0 0.8142257598114696 0.6797552485268856 0.06603617688202626 0.053291865976683894
0 0.8653200276059667 0.5917690738369134 0.05391817885919252 0.06171967261537983
0 0.6012256941078696 0.6125597835944644 0.051400673916276673 0.03816377344521662
0 0.602631685210621 0.6545104852541384 0.04004667984777566 0.06534158008391273
0 0.8570923976444604 0.8128036242518318 0.07968218281352506 0.08236405933798814