0 0.5848710430033681 0.18712999465623065 0.03440417490485981 0.0400172462390763
0 0.3260265780980708 0.36126514278208643 0.04084517589344294 0.04488660266556703
0 0.470037857755566 0.4978665693459792 0.053217841901054184 0.04212531551854859
0 0.6009787930405491 0.5824424946562307 0.06029551285158128 0.0626196719450391
0 0.6128222184397005 0.6235532279631832 0.04059050790866543 0.03863660266556703
0 0.5067340445234239 0.5922243231069029 0.044832338935304604 0.027835494985435007
0 0.5145319570709941 0.5724430205204781 0.04495967292769336 0.030960494985435006
0 0.39289437901010427 0.6010119528903586 0.03752917490485981 0.040108174452321774
0 0.4554898795043959 0.6015371386254513 0.032523339923887916 0.03215928213245363
0 0.46873663741306126 0.6386961578257813 0.041580004942915846 0.02461956677218975
0 0.5189130509492145 0.6223748243605441 0.03265067391627667 0.035284282132453625
0 0.44459614186168556 0.6605173335317441 0.04020850593149898 0.029261602665567033
0 0.47788614433314347 0.6712813372926678 0.03402217292769336 0.030642246239076344
0 0.45321906676654533 0.699375245051942 0.04196200692008212 0.03399456677218975
0 0.4974001482874762 0.6894857680131957 0.04014483893530461 0.027699102665567032
0 0.5124839788198239 0.6757498769469688 0.04971083992388792 0.032659387305303156
0 0.560906891367394 0.6547865075883544 0.03689250494291585 0.024483174452321777
0 0.5527415642950875 0.6847467922280905 0.03389483893530461 0.027517246239076344
0 0.5342289862341977 0.710315093560874 0.037274506920082294 0.033858174452321775
0 0.5137864936485714 0.7461078410535915 0.03296900889724856 0.043096782132453625
0 0.48795882269804436 0.7265227667595544 0.033767504942915846 0.02439224623907634
0 0.4660029096561827 0.7443694963055834 0.02809050790866543 0.038272889812585656
0 0.4750887495800705 0.7753921757724699 0.02464717292769336 0.03036946159934022
0 0.5103232540286948 0.7954857154267709 0.029207338935304604 0.02738085391920837
0 0.4766313449411658 0.8324461578257812 0.029462006920082117 0.03363085391920819