0 0.742931599315428 0.071476964975801 0.04384284190105418 0.040870439695149675
0 0.5898012821289532 0.14894850088376277 0.0690975098858317 0.04726588544042354
0 0.4223272806460784 0.1428899193052819 0.05822367688202608 0.04876475292686622
0 0.3203548982502951 0.3060216992613153 0.04853034190105419 0.040897710772388504
0 0.3811624056646689 0.3408325156162898 0.029525673916276585 0.03453862646343318
0 0.20843185429552494 0.49343586173090603 0.059595175893442945 0.04408634328594587
0 0.12598145163378655 0.5603375363007452 0.0554170118629981 0.05655907220870695
0 0.049416293040549134 0.599073304254726 0.04416117688202613 0.048682939695149585
0 0.04941363444731173 0.6373636446138058 0.03701983893530465 0.02677157825883114
0 0.05144831973229484 0.7256539849728854 0.0257295118629981 0.056386355386194256
0 0.157206229808407 0.6937812953759316 0.055035009885831744 0.04718407220870695
0 0.11192822189974164 0.6565358254301608 0.06941584486680367 0.05507838544042354
0 0.3178572283255322 0.6858137383907309 0.059595175893442945 0.04408634328594587
0 0.3969372332684481 0.70879672043675 0.05771434091247096 0.03626475292686635
0 0.3856190257775246 0.9104728499252452 0.0805443458553869 0.059829517953980726
0 0.322401442773719 0.9124035094679698 0.05066584486680377 0.05496930113146803
0 0.2509482540286948 0.8081068949083934 0.059595175893442945 0.04408634328594587
0 0.16807474562573782 0.7687358435805335 0.04266234387822054 0.05023634933607006
0 0.10871167448493031 0.8269074127641783 0.058032675893442943 0.04407725292686635
0 0.0780320188574424 0.8794420603048504 0.04865767589344296 0.04402271077238851
0 0.09062486075849659 0.9200034277912931 0.0696068458553869 0.059765885440423716
0 0.2504627757775246 0.9112591659856323 0.059595175893442945 0.04408634328594587
0 0.19111695068238443 0.9506761899897374 0.04084517589344294 0.04397725897699019
0 0.18542270760246665 0.9835295966055956 0.05127333992388783 0.03154089149054791
0 0.2764615430777302 0.9931586057789776 0.05044566897336074 0.011228391490547551
0 0.395179709579633 0.9916864884889268 0.047384335969555026 0.012772710772388507