0 0.14290488664636314 0.30750521206164594 0.039702850092285046 0.03677810919158375
0 0.034874736277222894 0.45136343846437776 0.03571625693983031 0.047415220542635694
0 0.19108755861018673 0.5876247062015498 0.04439035009228509 0.03707849784053163
0 0.26489649599483034 0.6256871082687331 0.04362888648947969 0.04947836829088246
0 0.3038426727390159 0.8192578331303053 0.04010336829088237 0.04302810919158375
0 0.31101482264673086 0.8530320558324096 0.032190738741233016 0.040964961443336986
0 0.2003474329180487 0.843785068632336 0.05729086829088237 0.044129534237726274
0 0.46710533390549785 0.8819314065430035 0.04821625693983034 0.04821625693983052
0 0.5299743761627885 0.7993203632059785 0.039903109191583755 0.039903109191583755
0 0.1361602267164989 0.6191541108896267 0.025640350092285047 0.03587694324473976
0 0.0674300131136935 0.6111098758490214 0.04020349784053168 0.04459060919158375
0 0.17286968229973987 0.6533696221483936 0.04146560919158371 0.040003238741233106
0 0.24618846391657243 0.7233631446659277 0.01959060919158375 0.03860142504614252