0 0.26055542840208196 0.4423238761387173 0.06753500988583179 0.049166675497895974
0 0.3031249303792483 0.4502256561757843 0.05784167490485981 0.04102679328391083
0 0.3302431872993305 0.4821378550873251 0.06868101581733077 0.07729167549789598
0 0.3376617564629717 0.41459569102217453 0.0612850098858317 0.048948420688572546
0 0.4349055350947027 0.1514557955613455 0.031088173916276673 0.03541171034428627
0 0.4717051981365644 0.13295876670540496 0.05672484387822045 0.05190972958157993
0 0.523143022737413 0.08969735082615586 0.05666117688202625 0.05034722958157998
0 0.564708440227899 0.09215766271438819 0.060168178859192525 0.059831356986241646
0 0.5667139506080223 0.1413764127143882 0.0659725098858317 0.04911211179556507
0 0.5278862139538951 0.20610360082615586 0.07410334486680377 0.057197430307219396
0 0.5817115509120334 0.22143593494690678 0.03434050790866543 0.0386458377489479
0 0.6273742193911026 0.22844733757931196 0.06348417984777566 0.0646279843909034
0 0.724205457033813 0.16638879248130262 0.05573534684397004 0.06591766587924912
0 0.7968537312541008 0.27885902142991037 0.037974843878220456 0.05125496515360961
0 0.27820447931411546 0.683457307627063 0.03571200692008229 0.034012901451278846
0 0.3392056463103098 0.6828918232361596 0.038900673916276586 0.035684528855940555
0 0.32692582220375277 0.7271328965571374 0.0612850098858317 0.04894842068857237
0 0.36479323672848923 0.7156398358500314 0.06460101087441492 0.05374504809323426
0 0.3912774822798649 0.6935912210592414 0.050220175893442943 0.04544147477225664
0 0.4446743963103098 0.679208773328827 0.05152800790866543 0.03924603847458741
0 0.43695473821136394 0.7201611555428121 0.03089717292769336 0.03072421034428636
0 0.3919114936485715 0.7475520347615723 0.03395850593149907 0.029270837748947898
0 0.41354641311622375 0.7600966747801057 0.038837006920082115 0.03412202885594055
0 0.44377508258387605 0.7723412144358195 0.035584672927693364 0.030887901451278666
0 0.45102650847731907 0.8159002414776616 0.04221667490485981 0.04048115626060209
0 0.5057219842570313 0.6989830707890891 0.05997717787060939 0.0551438569862416
0 0.553459147298893 0.6801040960168324 0.04766817885919252 0.05939484736759475
0 0.619304323192336 0.7216169842212674 0.0534725098858317 0.04867560217691817
0 0.573719909161891 0.7357266134400275 0.052037343878220454 0.051746038474587405