0 0.5387641392786845 0.4858300592472681 0.04741351087441501 0.054731058666190435
0 0.47027412444993677 0.5607315062810609 0.04840300790866543 0.04077781930985207
0 0.4922247203053237 0.4999907482352892 0.05541701186299797 0.05996486188449914
0 0.4735357287082807 0.4615673866028917 0.07454901384016441 0.07065098960843982
0 0.40870793026770513 0.6951336394528833 0.04741351087441483 0.054731058666190255
0 0.6053003818643107 0.5162334712479826 0.0680443458553869 0.06396394703379293
0 0.49035186110406404 0.6224284769479658 0.031597509885831696 0.04895095222957302
0 0.5241830330431743 0.5951340034310693 0.037338173916276675 0.03688799480421991
0 0.5799210384803817 0.5655286309029085 0.061921679847775656 0.06665190445914604
0 0.7166106135755219 0.594921563938845 0.057425180836358794 0.0710116225281606
0 0.7245557647543854 0.6675942394332128 0.02582767095052709 0.02206067029858776
0 0.696063350229649 0.659459311340955 0.04329901384016459 0.068465776735205
0 0.7638809085188754 0.7731286914106843 0.057425180836358794 0.0710116225281606
0 0.6431572316368491 0.8298700003289762 0.06849001482874754 0.07490144703379294
0 0.6388954959713052 0.7623929232254539 0.05847834486680377 0.058620883171822416
0 0.5658028472638995 0.682590444764879 0.04090884288963732 0.048044016091543365
0 0.5909102766173836 0.6208499154317838 0.0664818458553869 0.06385468639013112
0 0.6105887652486771 0.6732265164205196 0.059531508897248564 0.04623014381548422
0 0.5174608477581911 0.6836337747183927 0.03752917490485981 0.04157549480421992
0 0.4798971807619967 0.6878185301662744 0.06590884288963732 0.049792186390131124
0 0.5857240750207782 0.786365654788122 0.06973417984777566 0.06719820767745474
0 0.5767628408752901 0.3180198463740333 0.04135451186299797 0.05898151609154336
0 0.5297140859323741 0.34468053536205445 0.05621550790866543 0.04132412252816078
0 0.6828947771488563 0.21789452421418964 0.05184634288963732 0.04880884059717552
0 0.6705579673395742 0.5015429045360206 0.04247134288963732 0.048153276735204996
0 0.6421027034994097 0.5689707051564391 0.05672484387822045 0.05382412252816078
0 0.5852863122063778 0.45297400058107773 0.04020850593149916 0.030856516091543364
0 0.5047339905712788 0.4032960646951496 0.05672484387822045 0.05382412252816078
0 0.4928654129674996 0.7710462934078262 0.06316584486680377 0.05894866510280785
0 0.5380797538799706 0.7320494953852975 0.04534167490485963 0.04212179802252862
0 0.6068761748304977 0.7069841573860121 0.04990184091247087 0.039324579953513704
0 0.621881750914221 0.7402119206275639 0.04840300790866543 0.04077781930985207
0 0.6534010063514286 0.7123000880761601 0.054716674904859805 0.04277736188449897
0 0.6646395952867332 0.6850273938923588 0.05015650889724856 0.0455745799535137
0 0.6944252543742622 0.718779681019124 0.05283583992388792 0.03485560124083733
0 0.6895494119789165 0.7619669523064475 0.0377838428896375 0.047825494804219916
0 0.7197780814465687 0.7466097500768745 0.05366351087441501 0.05516810124083733
0 0.8195446125869388 0.5923978614571705 0.04734984387822046 0.053168558666190434
0 0.7122574001159183 0.8164687820078598 0.040335839923887916 0.03398151609154354
0 0.6933654786710997 0.8403815294099697 0.029398339923887917 0.03321669158591121
0 0.42016137790997793 0.5478762272000672 0.03446784190105419 0.04291947351689647
0 0.3821082795831331 0.6214283416824562 0.035775673916276673 0.0367787341605581
0 0.6315392296968639 0.44584456159305647 0.037401840912470875 0.038450494804219915
0 0.5436227356283629 0.4239474182817754 0.03389483893530461 0.028856973516896468
0 0.5155786486702245 0.4430469795458558 0.03896434091247088 0.038559755447881726
0 0.4580752133852415 0.5350977217521856 0.04020850593149898 0.030856516091543364
0 0.41803780380342087 0.5043993788092216 0.04384284190105418 0.04357503737886681
0 0.6618726699247628 0.3323230109726379 0.046904174904859805 0.04223105866619026
0 0.5406556086326061 0.6305962560289593 0.04435217787060921 0.05607503737886681
0 0.4649990340317574 0.5945984078902151 0.046967841901054186 0.04379355866619043
0 0.5231908774156864 0.5430087747183927 0.06029551285158128 0.06498014381548423
0 0.5688309826626134 0.4362071176613568 0.03596667490485981 0.0414662341605581
0 0.5449106630046806 0.37322079860360624 0.03740184091247105 0.038450494804219915
0 0.6689967618258171 0.2913155987198218 0.04052684091247087 0.038669016091543364
0 0.6039911857420937 0.26158417607544554 0.03590300790866543 0.039903734160558105
0 0.714565293917589 0.5304055958698302 0.02777217292769336 0.03154493094224957
0 0.7313535458947555 0.519883359111382 0.03596667490485981 0.0414662341605581
0 0.6954770542977124 0.4826618645592637 0.03909167490485963 0.04168475544788173
0 0.7046464658566995 0.5061704203754623 0.03408583992388792 0.03354447351689647
0 0.6669488531953986 0.647472763570528 0.03115184091247105 0.038013452229573017
0 0.652024190153537 0.6313778700071453 0.032523339923887916 0.03343521287323466
0 0.47211385566685654 0.6494115940282448 0.043970175893442945 0.04670003737886681
0 0.751987039468965 0.5488224601001177 0.04559634288963732 0.048371798022528625
0 0.8735529747539481 0.45229203150365666 0.04747717787060921 0.05629355866619044
0 0.8290880503433797 0.49201544920435436 0.07716467787060921 0.058369510895763276