0 0.32495781606458357 0.1520441465120031 0.050729175497895976 0.06647047970746053
0 0.31593499092950733 0.2091981274372796 0.061339293283910835 0.05728639448011297
0 0.6346825017292805 0.27078091518298475 0.06037699400955017 0.07444662094116258
0 0.6387573881196169 0.37767579748823304 0.06679068511654282 0.07924321509696401
0 0.6042906519994331 0.15731843303989224 0.05012897477225664 0.04928297970746054
0 0.5407589200556003 0.05380369521475685 0.0661904843909035 0.06205571509696393
0 0.3521676128918735 0.3342702654245707 0.06484623920022674 0.06827844155801355
0 0.3388565918404812 0.4024299301972231 0.06679068511654282 0.07924321509696383
0 0.26811999510585854 0.32636803652788915 0.056542665879249124 0.05407957386326192
0 0.24252722886378977 0.3884958896121442 0.040699411069925695 0.04755683847375849
0 0.1706869783156356 0.18752945332913643 0.056324411069925695 0.04782957386326192
0 0.1797767138028473 0.5309112605533068 0.05821429328391083 0.05723184740221221
0 0.20368049447288641 0.45007431777747725 0.06739088584218215 0.09643071509696384
0 0.07487839347709449 0.5834925641240293 0.04453373920022678 0.06792388555165907
0 0.018630915794431085 0.5745090762988939 0.03726183158886217 0.06348184740221222
0 0.067561912081416 0.6812169979714051 0.06355655771188107 0.07606366801906325
0 0.13611350463968738 0.6409817357965405 0.06533731252120453 0.08234094155801372
0 0.17998750101149033 0.7261010296280304 0.036121038474587405 0.050600017856907445
0 0.21767352868630452 0.608327148540598 0.0681349303072194 0.0730204886359143
0 0.26231885137431005 0.7160754188331374 0.06101191106992569 0.047911394480112966
0 0.29013880572814654 0.6125276789794072 0.061502984390903404 0.06197389448011279
0 0.2855356073647598 0.7890629054404569 0.07792659255827142 0.040398903408566514
0 0.31613333213701633 0.7401208449698755 0.05843254809323426 0.06348184740221222
0 0.47213285019318363 0.6327741749222173 0.06786211179556503 0.0652079886359143
0 0.49443194692780634 0.709681548299012 0.04760417549789579 0.06641593262955983
0 0.5243252888531055 0.7927025539810548 0.0630654843909035 0.06200116801906326
0 0.5591963405745368 0.6437468567409983 0.06015873920022692 0.06819662094116268
0 0.6194245124442357 0.6629956887219352 0.06846231252120454 0.08239548863591431
0 0.6628942594490108 0.625540553170276 0.05001984736759475 0.046157979707460585
0 0.5976536945655535 0.5486019521146157 0.0832688569862416 0.059230724025417736
0 0.7702578700634495 0.4800041363690287 0.06668155771188111 0.07611821509696384
0 0.7079066922033009 0.3873996250049429 0.061339293283910835 0.05728639448011297
0 0.5018079704262692 0.47610143506848707 0.06786211179556503 0.0652079886359143
0 0.1755803533580446 0.026815870130383678 0.05508929328391084 0.053631740260767356
0 0.19021328303229176 0.07553796793963301 0.07249504809323422 0.0637273092527653
0 0.27830356007413376 0.0794657629889388 0.06991568511654282 0.07929776217486462
0 0.39448163158101296 0.1063264975676633 0.08430556733052796 0.08891822402541769
0 0.5828571400185335 0.015977984376853598 0.08579365626060227 0.031955968753707195
0 0.6361805474602621 0.04901500933878612 0.0661904843909035 0.06205571509696395
0 0.7168576285857882 0.06400303531336844 0.08937501324684405 0.0999375446422687
0 0.5097792493670278 0.11368325568533814 0.07115080290255768 0.06995003571381497
0 0.48195186052962063 0.17272701907801874 0.05325397477225664 0.049337526785361255
0 0.48631941279920615 0.22652417492221738 0.07055060217691818 0.05276253571381488
0 0.7210837931990929 0.25599962054071607 0.0723313569862416 0.05903980925276535
0 0.6736631561757843 0.27244282670922626 0.07498513103285873 0.09031708279171564
0 0.5676661273198438 0.31177015381889905 0.05519842068857237 0.06030230032431163
0 0.8545559697932971 0.5925256814183344 0.050238102176918174 0.052407979707460584
0 0.6776537078123976 0.4488280487060491 0.03250496515360979 0.03648297077900686
0 0.6983009913928434 0.7295462146965174 0.07509425843752063 0.09344208279171565
0 0.41671122941194394 0.5876759090939048 0.08236112141421188 0.07795345048646726
0 0.3625569535512283 0.6627946858792659 0.055198420688572544 0.06030230032431163
0 0.258184455998299 0.49909247037526505 0.059558538474587405 0.05100912094116268
0 0.14374249928220978 0.4448743490270653 0.06328373920022683 0.06825116801906325
0 0.40013883222183433 0.4138526254086847 0.043988102176918176 0.05229888555165925