0 0.4676545627722398 0.29628526402195254 0.05925388648947969 0.049822937584671045
0 0.46655194016242085 0.2527399819097769 0.05184190468807692 0.05566350180902226
0 0.4796503223329639 0.12124432044438767 0.05566781153562204 0.06676477611928182
0 0.4354089690014762 0.09475374152071533 0.06560401603912887 0.05171298620519007
0 0.35713377467700225 0.10119184927720293 0.0856557001845701 0.0730081320667471
0 0.29250077575673644 0.1256020290599579 0.06580427513842757 0.05483798620519007
0 0.3043709176448869 0.18337690750866037 0.0717934592838688 0.07539614767057934
0 0.13150391656515273 0.1714135753056277 0.09473031153562217 0.0688119549975256
0 0.06725524213731904 0.38423115784734463 0.06328005243632354 0.06404921189493056
0 0.019009162555370492 0.4028859825871455 0.038018325110740984 0.048260437584671044
0 0.007306150526023776 0.4832285798281834 0.014612301052047551 0.06166784034363317
0 0.02964807025193724 0.5984917316826344 0.05929614050387448 0.05861808344622812
0 0.0174339184939084 0.6468849660788021 0.0348678369878168 0.07342421189493056
0 0.034401372997415185 0.6709875293986421 0.06880274599483037 0.06289614767057934
0 0.06925452653192879 0.6932409876755281 0.07557979333702487 0.06157930913596843
0 0.024786541103727407 0.7278516830621153 0.049573082207454815 0.06248671189493056
0 0.08368846391657246 0.7353089789691009 0.06922966378737556 0.05968926051544958
0 0.21662087986341633 0.7143270143606368 0.06816781153562221 0.06741987336031982
0 0.1322971422019175 0.778700452849819 0.08096820018457014 0.07276247060135788
0 0.07870177283130098 0.8009749225466656 0.07095285009228505 0.03797803482570927
0 0.09403687616278852 0.8289804138402385 0.045291516039128954 0.05064845318850324
0 0.04144280228866523 0.835629883537085 0.06912953423772625 0.058126760515449405
0 0.02299934839885467 0.7931081908640314 0.04599869679770934 0.057144114653892686
0 0.2069269023809503 0.7926976758260261 0.07099242288667415 0.06289614767057934
0 0.3210883343669232 0.7244246313893786 0.0778432001845701 0.07259869629109836