0 0.6990400905745369 0.6623060260979955 0.06780754809323426 0.06326361600890866
0 0.8682811970126243 0.40401336278640365 0.04684028366526398 0.044277258672817864
0 0.8329786140729997 0.43017587344840374 0.05158234736759511 0.04589430267345414
0 0.8669766134400276 0.5532775661202672 0.049856156260602094 0.04118862133990877
0 0.8731100515517951 0.5119258601209035 0.05637897477225664 0.049073846674090406
0 0.9423064848542395 0.47756049813013035 0.05465278366526398 0.04436816534054504
0 0.8254562576349123 0.6903503047819493 0.07314981252120453 0.08206816000954512
0 0.7929190653467935 0.6149412247771767 0.07282243030721922 0.07269316000954511
0 0.7578694535512283 0.6786219167727223 0.055252984390903495 0.06155566534054522
0 0.5868129753204107 0.16079697541372356 0.06775298439090349 0.061701116008908666
0 0.43442209610165045 0.20513622672658816 0.04974702885594055 0.038063621339908774
0 0.37574895663127117 0.38577715205281576 0.05810516587924912 0.05377952800763604
0 0.32445184065935484 0.33281523671227065 0.0732043762235353 0.08363066000954503