0 0.6038547843270156 0.2645743078961549 0.08336046360606986 0.049096779569504534
0 0.4497259024001461 0.32942655831043965 0.09651543507002262 0.06374147642635145
0 0.4077545721686878 0.35644066852568734 0.02943494292790554 0.02943494292790545
0 0.22538087386409883 0.3048845148871962 0.06922518899896399 0.04687930810555185
0 0.11438771588238143 0.3177226550862332 0.05352741439185813 0.04458906203449331
0 0.25499990736254485 0.24049668320799578 0.07376713978475227 0.04397263192686944
0 0.4670996470234626 0.25898777977439236 0.06646406203449332 0.05454625889134022
0 0.3296810378416722 0.11635501592065349 0.07867296360606986 0.048878455748187034
0 0.2793555903656528 0.37316578804656 0.04586046360606986 0.047350188998963996
0 0.334987006205253 0.38906692390237085 0.053163541356328815 0.03677656203449331
0 0.30318904259918317 0.4329967063673596 0.059195217535011224 0.032380160462916766
0 0.4719368885464072 0.474522888541898 0.08470463978475226 0.0444820541766104
0 0.5322172630296785 0.5250901228261323 0.09920378742738745 0.054512025640563164
0 0.3933195829220547 0.49826429549015805 0.06711903349844608 0.06860875889134022
0 0.07717246794929604 0.12495080417661045 0.06944351282028158 0.05156680810555185
0 0.06722173325077699 0.03601458271265773 0.08931936517764642 0.04313787799792801
0 0.24492720223353034 0.07012852522627841 0.10792812406898662 0.1079281240689866
0 0.5889168349889693 0.31633586103930805 0.11184933664159917 0.05821922249741007
0 0.5791758079006641 0.35737823800377877 0.05716183664159917 0.05567211124870504
0 0.4906184220448532 0.40962563461295665 0.06944351282028158 0.05156680810555194
0 0.3106805190255346 0.33939225558157127 0.07783820967712848 0.06443068114108108
0 0.26325109326113694 0.48359386579681896 0.07671235731976359 0.07373290653397521
0 0.34015819561850175 0.4965712088485589 0.08714043507002263 0.06330482878371627
0 0.08966158188859741 0.5796404582293864 0.07136988585581086 0.05945208271265763
0 0.4333024199779386 0.597994621792675 0.10723461124870504 0.059563398676092304