0 0.534375 0.1836257339274579 0.015625 0.02205681333545444
0 0.503125 0.17070811059836677 0.075 0.07118520401018139
0 0.459375 0.4415296879376392 0.0484375 0.05525112133990895
0 0.50078125 0.45120413259868497 0.053125 0.05999316534054522
0 0.44921875 0.37680411660568464 0.05625 0.06784202800763603
0 0.4078125 0.3429109219446389 0.065625 0.05857611600890866
0 0.55546875 0.4888490359245944 0.0265625 0.036246582670272434
0 0.43203125 0.6395041112746845 0.0453125 0.05833975867281786
0 0.4421875 0.601885932606639 0.0671875 0.08515679734245403
0 0.62265625 0.4240047385821402 0.0578125 0.06629770934118148
0 0.58359375 0.45570927192077637 0.0625 0.07260225334181776
0 0.66328125 0.4899382739099587 0.06875 0.08048747867599956
0 0.38984375 0.4735887572804115 0.0546875 0.053761346674090583
0 0.4234375 0.5052291086091845 0.0703125 0.07425566000954512
0 0.33984375 0.5319830599538657 0.0453125 0.05521475867281787
0 0.36640625 0.5707364772835932 0.05 0.06933180267345414
0 0.57734375 0.5323444972549581 0.078125 0.04934656667727229
0 0.5859375 0.5697444999204582 0.0890625 0.07447383601209037
0 0.48984375 0.588831401933503 0.05625 0.06627952800763595
0 0.52890625 0.618845618594867 0.0609375 0.0678965720082724
0 0.56953125 0.6355604039226854 0.05625 0.05534202800763595
0 0.6734375 0.6116950952419133 0.0234375 0.025272720003181703
0 0.62421875 0.6591428072485949 0.0515625 0.05684998400699968
0 0.671875 0.6968695265754588 0.0609375 0.0678965720082724
0 0.70703125 0.7448979465706863 0.0453125 0.05521475867281787
0 0.67421875 0.7476235045751405 0.0375 0.04418635200509051
0 0.6484375 0.7729234965786405 0.05 0.05526930267345431
0 0.615625 0.8123678045830948 0.0609375 0.07570907200827222
0 0.5890625 0.7345518872533673 0.046875 0.05992044000636341
0 0.54296875 0.7475882365929579 0.0546875 0.06469884667409058
0 0.4921875 0.760679129933185 0.0609375 0.07258407200827222
0 0.465625 0.7031757126034575 0.059375 0.07725339067472685
0 0.82578125 0.5903911652212324 0.0703125 0.04300566000954511
0 0.8109375 0.6218138878899142 0.075 0.07274770401018138
0 0.865625 0.6149275412158236 0.04375 0.0505090773392725
0 0.78671875 0.7322519485598685 0.0765625 0.10245338534372675
0 0.5203125 0.527539365929367 0.05 0.05526930267345413
0 0.46953125 0.48203650926959385 0.04375 0.04582157733927232
0 0.3296875 0.46803873862191114 0.0375 0.04262385200509069
0 0.403125 0.8109342159452751 0.046875 0.04273294000636341
0 0.46640625 0.7859791219366847 0.0484375 0.05056362133990877
0 0.50703125 0.8026939072645032 0.0546875 0.0600113466740904
0 0.55625 0.8880586952578217 0.05625 0.052217028007635946
0 0.5515625 0.843581989258458 0.0453125 0.04427725867281822
0 0.58515625 0.8306910905872309 0.0453125 0.052089758672817864
0 0.83046875 0.6872116212205961 0.046875 0.05367044000636341
0 0.82890625 0.5551985525541415 0.046875 0.04429544000636341
0 0.615625 0.20221155458309475 0.05 0.050581802673454225
0 0.5484375 0.16471210192554886 0.03125 0.04098862667090888
0 0.5703125 0.16133256325591266 0.0265625 0.034684082670272565
0 0.59296875 0.1610689339195037 0.034375 0.048837489337999786
0 0.58203125 0.10807120325432182 0.0484375 0.04431362133990877
0 0.5703125 0.29180131325591263 0.0359375 0.03791817067154524
0 0.62421875 0.2552365572485948 0.0359375 0.03948067067154524
0 0.6921875 0.338039419239368 0.0578125 0.05848520934118149
0 0.44140625 0.8058012732734119 0.0453125 0.05052725867281786
0 0.57265625 0.7863052912555946 0.0484375 0.04587612133990859
0 0.6109375 0.6967973485837311 0.0484375 0.05525112133990877
0 0.7171875 0.6314985179026408 0.046875 0.047420440006363404
0 0.878125 0.55228209054746 0.040625 0.041097714672181596
0 0.35859375 0.8364523839513204 0.0453125 0.038027258672817865
0 0.3078125 0.8612620272915474 0.0296875 0.03315794533736351
0 0.34453125 0.8733347659532293 0.0359375 0.03323067067154532
0 0.378125 0.9463813672820024 0.034375 0.03633748933799978
0 0.46640625 0.9742603719366848 0.040625 0.039535214672181594