0 0.8601589782139891 0.447156035047913 0.038165844866803765 0.05678062101845249
0 0.8430696373015181 0.4840035876646315 0.03985567885919252 0.059996626280124234
0 0.8210009777196976 0.45177491658970925 0.0332236768820259 0.05025760523343692
0 0.8558123764271033 0.534701537678749 0.047540844866803766 0.05732665258848364
0 0.6983235285945499 0.612461058584262 0.0321068458553869 0.06110409997176518
0 0.28212416152180586 0.4021037423898409 0.031088173916276586 0.03610409997176518
0 0.2923467371112377 0.438139952927302 0.03979201186299806 0.05843412628012441
0 0.49922277270023196 0.2577412794333053 0.06842634783255334 0.07257222099021768
0 0.5068362959319366 0.14740301890996166 0.03296900889724856 0.04400760523343696
0 0.5381963838786581 0.12375341630736061 0.04891234387822045 0.05273015785015547
0 0.5383436225099516 0.17752315841485283 0.03810217787060921 0.05521812101845254
0 0.595597706996632 0.16873271636383033 0.033096342889637496 0.047132605233436965
0 0.6247931170727441 0.1982081137612293 0.044734179847775654 0.06495714206513994
0 0.6798480315974805 0.20513367697187865 0.06093218281352506 0.07992969468185844
0 0.6599838591640786 0.23356949011194086 0.025347509885831697 0.04824007892507769
0 0.6747984342592189 0.2716764348643864 0.04154551285158128 0.06321263154179624
0 0.6931863369209573 0.33685411383181646 0.03335101087441501 0.053382605233437005
0 0.722379088403832 0.3281392664908872 0.041481845855386903 0.06165013154179624
0 0.7538280651721274 0.4362023954724347 0.04278967787060921 0.055491136803468066
0 0.7190219836511965 0.42965626386005135 0.03842051285158128 0.0630306210184525
0 0.6926478260465423 0.38832560857014464 0.04349001482874755 0.07267863680346806
0 0.7683627504571106 0.3472841086407318 0.05458934091247105 0.03903167889684287
0 0.8019856753619703 0.30635600077645886 0.026846342889637498 0.046768584186749604
0 0.8463232657801498 0.27025960608048305 0.05487318380210837 0.08425317363517096
0 0.7456375162744413 0.27378569545831727 0.04853034190105419 0.043355157850155465
0 0.7646713591640787 0.22747213757992696 0.03140650889724857 0.04391659997176518
0 0.7315378655898692 0.1990055033367076 0.05053851087441501 0.054383663111827296
0 0.7551318744871178 0.15554392967330172 0.0534725098858317 0.049878173635171
0 0.6719373725099516 0.16974220854190974 0.0487850098858317 0.04960515785015547
0 0.6800018819014918 0.12484693749522233 0.0467423488211363 0.07598564732681176
0 0.6499788008748524 0.1156840400978234 0.026973676882026076 0.04989358418674961