0 0.5823717637964224 0.3596663300220614 0.03979888555165907 0.044006865177646404
0 0.6401257625786064 0.40372885318142515 0.04761138555165907 0.04437073821317572
0 0.29600716436232 0.6796512284932661 0.05229888555165925 0.04458906203449331
0 0.2770622954497523 0.7123352959044429 0.04936480032431154 0.055381012820281586
0 0.22447881208884377 0.7856058219592909 0.04607615909060954 0.04586046360606986
0 0.15634642085514178 0.773065126550186 0.04755683847375849 0.04124573821317572
0 0.1628379285657795 0.8319135876750565 0.05410684740221221 0.058724336641599
0 0.18919192288373665 0.8659268686923032 0.047638659090609534 0.04593323821317554
0 0.3337055819743462 0.916372132546042 0.04607615909060954 0.04586046360606986
0 0.12437762621287304 0.6857085217116217 0.04303297970746054 0.05040241439185813
0 0.12409520819380981 0.6248074090151746 0.058739800324311545 0.055817660462916766
0 0.19134693790127036 0.6763378298171736 0.05884889448011288 0.062067660462916764