0 0.4498209055722554 0.3086308893007432 0.07798776308359248 0.08068949400955017
0 0.42455267896743 0.013609843696988744 0.04142863680346807 0.02721968739397749
0 0.3820873740022243 0.32035212850097006 0.0441742052052021 0.06235615626060227
0 0.29393492661894277 0.30783725953382884 0.04482665258848364 0.046785719962933126
0 0.5731380372552259 0.4134771020072822 0.06026964206513981 0.044206356986241604
0 0.5356534478068046 0.44129456716089194 0.05621917889684287 0.05498016587924912
0 0.48389352673188224 0.41971223304014094 0.06034523677523325 0.07227679328391083
0 0.5817248110033365 0.4802280923886354 0.06686825256024882 0.07718254809323426
0 0.524230829419188 0.4767781993748771 0.049878173635170955 0.05319941106992569
0 0.5022655531814159 0.5594096501005165 0.04528167889684287 0.054598219962933216
0 0.4471538479762137 0.6221477522774347 0.09167083148532651 0.1014385036281972
0 0.4725340085983795 0.7218377282308175 0.07853379465362345 0.09006449400955034
0 0.4265136662367734 0.4544617444728864 0.05943518415851479 0.05665179328391083
0 0.41148092946154025 0.5251561903892024 0.08928928413027978 0.08732143992586608
0 0.3565967374105178 0.5839880425661207 0.06815773677523325 0.07254961179556503
0 0.29954310060704964 0.6265227721477006 0.060072220990217674 0.06758929328391083
0 0.2645079479479789 0.5988987691524758 0.0484976841585147 0.05626984736759475
0 0.23168076642030008 0.6538417294967619 0.08671031570031093 0.09658731252120453
0 0.38200917718364014 0.8973040089008567 0.08469278939195171 0.08872024881887342