0 0.6024338728261324 0.5924165538205994 0.04593323821317572 0.04967862739018099
0 0.3922839691876411 0.3951248419158371 0.0526198858558109 0.05945414558877822
0 0.391947867244561 0.25411911011443433 0.0666823858558109 0.060355311535622125
0 0.40741235545773674 0.3018452112864536 0.062285984284234354 0.06630492288667425
0 0.44009642286891354 0.284466746603914 0.05799659057054054 0.04110466378737563
0 0.4446769150110307 0.3159170057032126 0.05247433664159917 0.05632914558877822
0 0.47433233581302964 0.3840254580472511 0.09026543507002263 0.06498225478036197
0 0.49985241252983137 0.27972798426541284 0.06682793507002245 0.06348031153562221
0 0.5629709966902311 0.2970144162513857 0.09019266046291677 0.06341975478036196
0 0.47312293858467924 0.2242697262458484 0.044225188998963993 0.046453497840531634
0 0.4560402923897861 0.1585248102990045 0.035976041356328994 0.03657785009228505
0 0.4990989336222805 0.1464846876891855 0.06697348428423436 0.06660531153562217
0 0.5269477977664696 0.09218721390734724 0.04793238585581072 0.05915375693983031
0 0.6775343027288684 0.18128689157438344 0.03626713978475227 0.04282785009228509
0 0.6962714942090317 0.26583187229605193 0.0671190334984459 0.06973031153562222
0 0.42875231616832254 0.45899637723329756 0.062067660462916764 0.061617422886674336
0 0.3515712320079227 0.4408087793004808 0.04698631596343468 0.038841256939830336
0 0.34597835752465134 0.4879643815522341 0.042953787427387445 0.052603368290882455
0 0.4020635376322752 0.4713066101144344 0.06697348428423436 0.06660531153562203
0 0.36632939888098026 0.523540936148026 0.06439213978475226 0.044630181985972864
0 0.4070250194353101 0.4942131839885576 0.059015435070022625 0.06297966378737563
0 0.33324722518349714 0.5658192712809162 0.05894266046291676 0.06141716378737563
0 0.4034676798982269 0.5516251657899603 0.05530823821317572 0.05027940468807692
0 0.40933884429008505 0.5940629896640838 0.05937930810555194 0.07079216378737563
0 0.46135510855810863 0.590386079577336 0.061412688998963995 0.04755492288667433
0 0.33447158498446006 0.6757251974067929 0.06250430810555194 0.07099242288667415
0 0.28659916521591844 0.7014773665928393 0.10312930810555185 0.07359579117755644
0 0.2619929633966729 0.6079881824473982 0.06777400496239876 0.08379281153562221
0 0.3872905239834241 0.722729407770396 0.0677012303552929 0.08223031153562203
0 0.4291312675732833 0.7012642203857522 0.06741013192686936 0.07598031153562204
0 0.5025366883752823 0.7721763001199717 0.06482878742738744 0.05400518198597286
0 0.5391590849844601 0.688842168410854 0.05843323821317572 0.05047966378737563
0 0.5382173231976358 0.7355169093115554 0.059306533498445904 0.06922966378737563
0 0.6119951174494489 0.6639108220191968 0.0749315334984459 0.0702309592838688
0 0.6093110731976358 0.7400728038205995 0.05479881596343468 0.039341904688076926
0 0.30499606244426886 0.8623345234403846 0.06570208271265772 0.07275518198597268
0 0.3849361195163634 0.8394162600221492 0.07812930810555185 0.07199371838316751
0 0.5705632504097755 0.8279442412052432 0.06250430810555194 0.07099242288667398
0 0.474963960086904 0.8825735795773358 0.06243153349844608 0.06942992288667398
0 0.5998783769599616 0.9685245654669625 0.0811815334984459 0.06295086906607494
0 0.650912184032056 0.9475942095884106 0.08416098428423417 0.06770673658176456
0 0.5783883273359742 0.17649116517165153 0.045351041356328815 0.037178627390180984
0 0.5126479348606257 0.6380714103912896 0.03939213978475244 0.04302810919158375
0 0.3822906166208793 0.9498531122739028 0.03441354135632881 0.03647772054263569
0 0.5393218666208793 0.9599161320136596 0.045351041356328815 0.037178627390181164
0 0.5142768631062227 0.8235583274178676 0.04847604135632899 0.037378886489479866
0 0.4732344861417519 0.8287173943521605 0.04749573821317572 0.04977875693983051
0 0.4333500407326471 0.7583955999354015 0.045787688998963995 0.046553627390180985
0 0.5428533575246514 0.5005807048080486 0.03880994292790554 0.030528109191583754
0 0.6438593935042968 0.6122074221114818 0.05458049214211709 0.03465440468807692
0 0.3522540903611436 0.6059831963270588 0.059413541356328814 0.03807979333702498
0 0.6792254669113296 0.7694785040051697 0.04393409057054054 0.04020349784053181