0 0.4137799515966055 0.17509875750253506 0.05152800790866543 0.038663762917777775
0 0.3600527737259962 0.12077362699357667 0.059849843878220545 0.051345600873680605
0 0.23774532809807075 0.37549488174322937 0.07910917984777566 0.06428201196784729
0 0.2282230894667773 0.4291283748093752 0.06899935079830274 0.08433993882958327
0 0.16664626091159596 0.4503299211621529 0.06629084486680367 0.056178571238402954
0 0.16995033304098667 0.39733220773128486 0.06221083992388783 0.03266833605604171
0 0.11438874113993247 0.35545252583555564 0.04521434091247101 0.03695579255305557
0 0.1328230647521979 0.3098315545209029 0.06316584486680368 0.05610583605604171
0 0.1472171230786052 0.586466789703264 0.05717051285158128 0.062210365691319505
0 0.1974280287060931 0.5353413540078126 0.0679170118629981 0.057777438829583264
0 0.2520664491623286 0.5545647859035419 0.04872134288963732 0.046403527735416714
0 0.24002670558811925 0.5847244113785071 0.040335839923887826 0.03215918977951393
0 0.19539729650059026 0.6195890674386806 0.06660917984777566 0.06399107123840295
0 0.2551463226980443 0.7450806831300002 0.06992518083635879 0.06875130642076392
0 0.2712541423559771 0.6806733442241668 0.05152800790866543 0.038663762917777865
0 0.29680989927605933 0.7140495418874655 0.05041117688202608 0.04956489532659738
0 0.3568706487817678 0.713105944147917 0.061348676882026165 0.04981946846486114
0 0.3911528068807136 0.6733173987450698 0.055098676882026076 0.04967399810013902
0 0.4485833049035472 0.6652879996187504 0.0565975098858317 0.0481478656913195
0 0.3152614689339921 0.649696754368403 0.07330484882113639 0.07507404160312507
0 0.48918840026464255 0.723210255602674 0.0742943458553869 0.06104790919430556
0 0.4383262372227808 0.7391976250937156 0.07241351087441501 0.05319904160312507
0 0.40825407665237706 0.7673765232701044 0.04078150889724856 0.04309668977951393
0 0.45962291707055647 0.8021340361878824 0.06316584486680377 0.05610583605604162
0 0.27836759988408166 0.8744051604285765 0.06791701186299814 0.05777743882958362
0 0.31387135976991337 0.9220620636389587 0.08555018083635879 0.06911498233256949
0 0.3701677807204405 0.9436656131258683 0.05315417490485981 0.040262630508958355
0 0.5390477733060667 0.912473430564549 0.0617943458553869 0.060756968464860964