0 0.1382778676427548 0.3698501195208726 0.039136707838416517 0.05799659057054054
0 0.14256220236163317 0.40954832030666094 0.04079013605166191 0.061194365177646405
0 0.17545125870898162 0.383764916253885 0.03426735141192579 0.05152826674922295
0 0.11026417940037961 0.45564422435943686 0.04851170783841652 0.05843323821317572
0 0.24035014766363738 0.5708432311838625 0.03306856426490725 0.06395549214211727
0 0.7341706923325033 0.46961229342775274 0.03068771034569906 0.035757717535011224
0 0.7101027065182682 0.5028079371414463 0.0407446719450391 0.059631865177646404
0 0.5689308225781774 0.2754728033525501 0.0692788489046432 0.07500430810555185
0 0.6016858351145897 0.1644239873891154 0.032522994985435004 0.04520549214211718
0 0.5789015529821361 0.1341928318885974 0.04998327962517131 0.055381012820281586
0 0.5593081185006846 0.18673778908452648 0.037528743731793844 0.05636131596343472
0 0.5054329607414104 0.16343087572612564 0.03417642319868044 0.04840326674922304
0 0.4653762620741939 0.18485426551087794 0.044051528371529966 0.06602741439185814
0 0.4065097274344578 0.1782083132773476 0.06169366943775678 0.08245293507002253
0 0.41683947367353413 0.21058416563471244 0.026409387305303157 0.04960189371369372
0 0.38810671991261037 0.24477938316972372 0.04248902837152997 0.06595463978475227
0 0.34521217775102697 0.30310345947224065 0.03435827962517113 0.05465326674922295
0 0.3197348046314888 0.28786160318593434 0.04239810015828453 0.06282963978475227
0 0.24824390102884966 0.3850683970234626 0.04377874373179384 0.05665241439185813
0 0.28666154334871774 0.38797291914936916 0.037756064264907255 0.06417381596343467
0 0.3271585112162641 0.35479439206106383 0.04427884890464338 0.07383991439185814
0 0.2667234648980455 0.29424218982753353 0.05577863855894431 0.04004711124870504
0 0.24814930964605372 0.24738646050569796 0.026363923198680438 0.04803939371369372
0 0.21705242234075062 0.20033167804070925 0.055580061757624755 0.08684933664159918
0 0.3164674006331382 0.22934062779304024 0.049665030878812466 0.04444351282028158
0 0.3149898171679011 0.17855937779304024 0.032522994985435004 0.04520549214211718
0 0.35745846199505166 0.15937057609762917 0.05154577962517113 0.05545378742738745
0 0.34979907468974847 0.11122417452605257 0.056096887305303156 0.050984611248705035
0 0.4282566953020043 0.14590308147431266 0.04984688730530316 0.05069351282028158
0 0.43631323620994644 0.1001539338316775 0.04754024122451135 0.07867296360606986
0 0.46988425415663515 0.09780802977890156 0.02801735141192587 0.05123716832079957