0 0.3341668224119452 0.1870213726801563 0.06980975544788164 0.03984623920022683
0 0.538434069309852 0.06556306804831812 0.06355975544788173 0.039627984390903384
0 0.6322822582978732 0.11482151278350776 0.06624771287323465 0.03348711179556507
0 0.6175695482746301 0.13846734390903376 0.05720049480421992 0.037847229581579975
0 0.7170121734006809 0.17856904345354682 0.07718521287323465 0.03386905771188111
0 0.646377245308423 0.20493808129516206 0.10920003737886681 0.04589783175849815
0 0.8335605350330784 0.16237610297952645 0.059779191585911204 0.03014385698624169
0 0.8373082479063129 0.1936806666818573 0.07046531930985225 0.04922123920022683
0 0.9179080378830701 0.2206548836495655 0.07304401609154354 0.04151786660488854
0 0.9088168971696788 0.29125756032858785 0.07805929802252862 0.046369057711881115
0 0.9386736419738988 0.3281499251193778 0.0842000373788668 0.045024812521204535
0 0.9811403753781522 0.27618068655212313 0.03771924924369543 0.04560516587924912
0 0.7574832621562709 0.467559621583848 0.07123014381548423 0.06015873920022692
0 0.8397658844323302 0.4517287796585487 0.07718521287323483 0.03386905771188111
0 0.9848305990210996 0.41812264989163433 0.030338801957800855 0.05152778366526398
0 0.9704565605953892 0.49785478991016774 0.05908687880922159 0.052455366604888455
0 0.9571661879027404 0.536880084375205 0.06980975544788173 0.03984623920022692
0 0.863886081466123 0.5180358259376845 0.06668475544788173 0.03973711179556503
0 0.7775115388914762 0.5087848223094873 0.07013753737886681 0.04453373920022692
0 0.7511400630287912 0.5663145801140357 0.076278276735205 0.04318949400955017
0 0.8299534778794972 0.5565973289329094 0.04212179802252862 0.045114092558271326
0 0.8354275817182245 0.5903002063375711 0.07773151609154354 0.04168155771188111
0 0.80485492491329 0.621185618588623 0.06465236188449879 0.055252984390903495
0 0.8917757707062458 0.6382491222168202 0.09255884059717552 0.053110131032858734
0 0.9751165634453809 0.6014336576961826 0.04976687310923822 0.03762897477225664
0 0.8124485396477807 0.7297793685886231 0.08968521287323483 0.03430556733052796
0 0.7435728535097511 0.7367262838348999 0.08005884059717552 0.05267362141421188
0 0.7286801910048336 0.6574926516209149 0.05360560124083733 0.05330853847458741
0 0.7575639337153666 0.8587922567930579 0.09368429802252862 0.0469146947351895
0 0.6321322449794469 0.8816890650530933 0.06991901609154336 0.041408739200226564
0 0.5601162252816072 0.5650992765785059 0.07282549480421992 0.038392866604888456
0 0.5878695207062459 0.6276364821134687 0.08685514381548423 0.060704376223535306
0 0.6344877945914593 0.6144569250345597 0.06591993094224939 0.028799611795565026
0 0.6564277686125588 0.7944718072485448 0.09255884059717552 0.053110131032858734
0 0.8239555781119284 0.3147917748492253 0.07391810124083734 0.05401786660488854