0 0.35878293276559187 0.25047098549794045 0.05081835391920819 0.031621340597175515
0 0.4079418467930722 0.21806839490076496 0.04364235141192587 0.05295003737886681
0 0.41416310306127835 0.1628345916824563 0.04318771034569906 0.03732503737886681
0 0.5767851235152495 0.128760604419805 0.04015363855894449 0.040231516091543365
0 0.35232233260730733 0.1898612674289257 0.04341503087881238 0.04513753737886685
0 0.8256859055811961 0.6115902578705448 0.054579851411925874 0.05371486188449896
0 0.8374441080093364 0.5583177923994199 0.04497753087881229 0.04524679802252862
0 0.7549618801126601 0.6830771278008154 0.048147994985435004 0.04702781930985189
0 0.6840834272888084 0.5878299658001008 0.04006271034569906 0.03710651609154336
0 0.3710080804292293 0.8320487674289258 0.03988085391920819 0.03085651609154354
0 0.42786348568122107 0.8758262645789341 0.033903638558944495 0.03979447351689629
0 0.5972199247815262 0.6158235618451581 0.04341503087881229 0.04513753737886681
0 0.6690865645941116 0.637414702558549 0.03730142319868044 0.04938799480421992
0 0.5355526505666313 0.6757173679134583 0.02792642319868044 0.04873243094224957
0 0.6310613788590189 0.7027008489719233 0.05899456677218975 0.04466764381548423
0 0.6793397544858395 0.6938450190184096 0.03711956677218957 0.04313799480421991
0 0.5744680495504169 0.7755481231092384 0.06381845909205772 0.049682925746469306
0 0.34951088433580224 0.36228257064723435 0.029079746239076342 0.03477919158591121