0 0.4897755872903127 0.21511650227743467 0.09197060087368066 0.06097719473518968
0 0.7190825340036808 0.2579314517371297 0.11388196846486114 0.06330358656782158
0 0.6581619113785072 0.19359862242570228 0.10116376291777769 0.05349207694917477
0 0.19955128400368077 0.2760738827621393 0.12296602773541672 0.051130968781806806
0 0.7473199028291323 0.4297419643510015 0.09778418977951393 0.042445449544513104
0 0.4318254554501741 0.6143377414776615 0.07903418977951393 0.041790685116542825
0 0.41124150493708395 0.6705703833102935 0.08444904160312508 0.0732043762235353
0 0.49663283785899354 0.610510847830931 0.05396145459715278 0.03779266587924912
0 0.42672234099312567 0.7310168099893157 0.06973192496187508 0.044588302902557685
0 0.47447081639184097 0.8005009307705555 0.07630923328249999 0.05886905771188111
0 0.3848985169049312 0.7481150299522489 0.10857621941479163 0.03657739546082901
0 0.2462717747887159 0.7381001676085296 0.14843880642076393 0.07231648801910033
0 0.3296550516711113 0.188650749915182 0.1497467332825 0.06143355172143128
0 0.3541660488213197 0.2675470762313846 0.1062876740119445 0.0724057680561673
0 0.5967165715227433 0.24109367051893651 0.10327177678548623 0.07698414065150558
0 0.4171037663362503 0.3513565918404812 0.08110583605604163 0.06372024881887368
0 0.3001520024685419 0.3319840876641299 0.09316942496187508 0.04540675843752044
0 0.28687140567892394 0.36606891098510763 0.10872168977951394 0.04282739546082901
0 0.342213522320174 0.3922841814035277 0.07612739532659721 0.05105655771188102
0 0.29506641859670174 0.4158233743246188 0.0837580573706945 0.043516876223535304
0 0.19688349173496564 0.4301983875714628 0.09316942496187508 0.04540675843752062
0 0.4721744324644101 0.43309517596123215 0.034847778685347205 0.02151290145127884
0 0.582384580640799 0.3979711530957414 0.10301720364722229 0.06604664065150567
0 0.7568234958190282 0.5021253958393472 0.10152743882958344 0.06911707694917482
0 0.6305512833380906 0.4854240238769811 0.06958645459715278 0.038338302902557686
0 0.5452138485925699 0.5142062775051782 0.07136716014423605 0.04776786660488845
0 0.49550478932201436 0.5284523159797656 0.1013092332825 0.05974207694917481
0 0.6037004554501741 0.6083357342212674 0.10599673328249999 0.0599057680561673
0 0.7184903072737853 0.6356025839511149 0.11544446846486114 0.06335815027015243
0 0.5917102549370838 0.6642682756910796 0.11068423328249999 0.060069459163159776
0 0.16560104340607693 0.6314533527250724 0.09651263050895835 0.05489088584218216
0 0.33775206639184097 0.8052752547245055 0.0668978656913195 0.056979175497895794
0 0.20653843398302155 0.8114211057202972 0.07274782218833335 0.040009930307219575
0 0.816199802239792 0.5672940388531055 0.05701371941479181 0.03477679328391083
0 0.3026074680836115 0.4710738695152954 0.06348192496187507 0.04437004809323426
0 0.22539231107350743 0.5464855864830036 0.06475348423243057 0.03192461179556503
0 0.10153266451263916 0.33110117786014864 0.06653418977951393 0.041354175497895974
0 0.023280377943507218 0.32836061297669145 0.022966027735416707 0.047638891832631994
0 0.08632654502159755 0.3832365967346226 0.08237739532659727 0.05127481252120454
0 0.5056207524685419 0.32480896080762245 0.09931032218833344 0.040937513246843873
0 0.4340016320275698 0.4054984548171726 0.07732621941479181 0.03548612141421188
0 0.6852952943560074 0.5867211398488974 0.06813305737069442 0.04297123920022692
0 0.4210503031897227 0.5545088736916466 0.0856478656913195 0.057633939925866254
0 0.2063656348773614 0.3336954098039813 0.08851829255305557 0.046805567330527965
0 0.23420622625173665 0.6564235816736802 0.08375805737069442 0.043516876223535304
0 0.32466822530180617 0.679848668789656 0.0679875870059723 0.03672123920022674
0 0.4483927467689588 0.4863119451985257 0.05705008700597212 0.036339293283910834
0 0.5282796153100698 0.45850191452848676 0.08390352773541672 0.0497668762235353
0 0.33297038136197965 0.6334275365756709 0.0730023953265972 0.0509474303072194
0 0.7299012391695145 0.6891541698859643 0.06497168977951392 0.04129961179556503
0 0.6191819447165978 0.7024031927514551 0.07732621941479181 0.03548612141421188