0 0.2510968682517691 0.23513709511865458 0.058097765146847016 0.06809933664159917
0 0.29053879916551867 0.20090979838564219 0.05272318091374952 0.03826628742738745
0 0.5463385132727472 0.23948010855810864 0.04945647095570589 0.056797963606069854
0 0.6088427877436493 0.6665392222880131 0.06446616431700995 0.06995293507002245
0 0.3139903837996014 0.7398310572769823 0.07384116431701004 0.07038958271265763
0 0.3565932035105518 0.6845827851510758 0.06640717261537983 0.054473484284234173
0 0.4149734659581064 0.7108221075246514 0.051634277594401645 0.04444351282028158
0 0.41568293836370473 0.753191544042416 0.05390717261537983 0.05389128742738745
0 0.4410218674033546 0.9860713756191725 0.04910127344521662 0.02785724876165503
0 0.5681413970723487 0.9657023143062957 0.06269017676456468 0.04651543507002245
0 0.098042384624794 0.9202868829603268 0.03780857593472771 0.046913541356328636