0 0.18104523673864822 0.28243472921734875 0.0405038864894796 0.04709316861791084
0 0.2944592897932806 0.4137569312091386 0.052803627390180984 0.044040891490547726
0 0.2257257695920985 0.742940437161067 0.05839229333702489 0.05813066256778665
0 0.15085857264673086 0.8753580274219506 0.03385336829088237 0.040806807181592575
0 0.186375768050939 0.8938944039835797 0.028003886489479646 0.047020445745273774
0 0.21395005552786772 0.9023245275201465 0.04020349784053172 0.04240566861791066
0 0.2681578917404922 0.9582381842342006 0.05596820018457009 0.06904998184962707
0 0.3315695496677716 0.9680217295119362 0.05360466378737563 0.05654089149054755
0 0.205745134182353 0.8110000907518631 0.04851664558877822 0.050263620413308986
0 0.0952977899501641 0.7796233466055955 0.04941781153562217 0.06432612041330898
0 0.017460148444997207 0.7590341115345144 0.034920296889994415 0.048710210772388504