0 0.5439555226200241 0.21841980578058723 0.02445647095570571 0.05551517095052709
0 0.6503472325780679 0.19527678304317425 0.08167697510489073 0.05005834980971957
0 0.6675930095477696 0.14363602859454996 0.05019017676456468 0.04566000988583174
0 0.23929779171556342 0.572510375475701 0.04467388257342346 0.03453150889724856
0 0.34583397947779015 0.6857186882135515 0.05210787427505377 0.05041117688202625
0 0.3206097591467843 0.7251459441450507 0.03721658008391256 0.038900673916276676
0 0.4390386052027365 0.6333338344494994 0.056203378424238615 0.04278967787060921
0 0.5134834207645019 0.6953444031188489 0.03875576929603177 0.059213173916276673
0 0.43965575707219184 0.7242135024342768 0.05319677759440165 0.044224843878220454
0 0.3565006375710229 0.7644339372249684 0.03563076929603186 0.05908583992388792
0 0.37031560645213635 0.8226456852478019 0.04815408008391255 0.039346342889637495
0 0.2914927894404783 0.8579876190499103 0.06640717261537983 0.054109179847775836
0 0.6261330956549669 0.4548719589366172 0.06448947510489056 0.04935801285158128
0 0.6883021315477382 0.47898327958313314 0.06269017676456468 0.0461693458553869
0 0.5804844344614565 0.8556160582520451 0.042496075934727706 0.046904174904859985
0 0.5828649958740371 0.9283996422444339 0.03804537427505359 0.04983817391627667
0 0.5244721554171623 0.9127547376055294 0.041880769296031774 0.059340507908665074
0 0.24416565831694728 0.7298281269585758 0.05582487012586892 0.05835101087441501
0 0.2751770147458617 0.6219864520537162 0.03563076929603186 0.05908583992388792
0 0.3191162688950466 0.6123594426621759 0.04993006763635801 0.06278384288963731
0 0.2825732724195315 0.5127560320917721 0.04813076929603186 0.059595175893442945
0 0.45513535665262894 0.5355038295065835 0.09621307178554286 0.0568813527754692
0 0.563917438186434 0.47151297228249006 0.04502908008391256 0.03921900889724857
0 0.7901974408857264 0.551630259317178 0.050071777594401644 0.0440975098858317
0 0.4981908914964932 0.09019664669305827 0.049101273445216795 0.05184634288963737