0 0.5305631570086418 0.23376480935634358 0.03615566861791084 0.0387549651536097
0 0.6118358829063408 0.22702124683513908 0.03614657825883114 0.0371924651536097
0 0.6766932684449601 0.22241310318840854 0.03293976502711473 0.0230208377489479
0 0.6710290757247483 0.2561978261465666 0.02678066861791084 0.03842758293962447
0 0.645869994440855 0.28441459538386027 0.040915891490547904 0.05141865626060227
0 0.5753984131569618 0.31421371198874876 0.034556807181592396 0.032450401451278844
0 0.5874035094679698 0.26458573422126735 0.0673602168225127 0.032033739200226743
0 0.5903654038853838 0.15825388866777107 0.03617384933607006 0.0418799651536097
0 0.538596808163551 0.5982538952911931 0.03617384933607006 0.04187996515360979
0 0.542098537184508 0.6676487360353659 0.050272710772388506 0.04862103847458741
0 0.4137190071302787 0.715872959626496 0.03456589754067192 0.034012901451278665
0 0.44486446800086304 0.732750435579879 0.034638620413308986 0.04651290145127884
0 0.5048616367169698 0.7579934830401409 0.04710225897699054 0.040699411069925515
0 0.5230940071302788 0.7120535004633362 0.054842036104353474 0.02847222958157989
0 0.4452048355855016 0.8085044037287135 0.05174430718159222 0.03305060217691817
0 0.3249246727231275 0.6728893406593548 0.042369307181592396 0.03272321996293304
0 0.26891959153742995 0.7670138520921002 0.04873748184962743 0.05325397477225664