0 0.5176713725546083 0.6382639580668515 0.06435339149054772 0.052237111795565026
0 0.4936889718906783 0.6780432206807233 0.07541815651766245 0.07449405771188111
0 0.432597456667172 0.7837004544386545 0.06434430113146802 0.050674611795565025
0 0.3856179175377563 0.7640947933687288 0.048701120413308985 0.04700397477225664
0 0.33719405307637573 0.7647470685964723 0.0644170240041051 0.06317461179556502
0 0.33535884230398716 0.7178175048941414 0.04717498184962743 0.05319941106992552
0 0.2986037308676687 0.7102852578893664 0.0597295240041051 0.06301092068857254
0 0.2784503121515621 0.7369196797590651 0.0644170240041051 0.06317461179556502
0 0.2367622610200939 0.6870362416472975 0.04239657825883123 0.037410719962933214
0 0.22254977009528024 0.6607639183263199 0.05968407220870695 0.055198420688572544
0 0.15278217075921013 0.6177108335725967 0.06129202400410509 0.0630654843909035
0 0.18746572208707005 0.5376885168750409 0.06756929508134393 0.06797123920022674
0 0.3860719146108901 0.7078720752198943 0.04714771077238851 0.048511911069925695
0 0.265843689498758 0.18112354754508003 0.04555793969514967 0.04376984736759484
0 0.6001919393023663 0.32246039799271775 0.045621572208706954 0.05470734736759484
0 0.48784595452587265 0.21074659327606157 0.05337043969514958 0.04404266587924912
0 0.5376823280624394 0.184367631750649 0.056595433645025395 0.061339293283910835
0 0.6044385568870048 0.24684283909971033 0.04874657220870695 0.054816474772256554
0 0.2590185352205907 0.619077415331095 0.04400453005422929 0.045277783665263985
0 0.22536621876742036 0.742095763879816 0.034547716822512696 0.030887901451278666
0 0.3883707336963391 0.8344891389222251 0.05495112041330889 0.04722222958157971