0 0.7381485072406406 0.648062625106953 0.06775112133990895 0.05156680810555194
0 0.6890206639083678 0.6425425252307877 0.06927725867281787 0.04851458271265763
0 0.7246496285805494 0.6002800965709059 0.05367044000636341 0.04934933664159917
0 0.6061178045830948 0.5870609667109509 0.07863407733927233 0.047388730355292806
0 0.6410553312380953 0.6713246507475162 0.06920453333863605 0.04226458271265763
0 0.6758934079010499 0.6970309720876344 0.036355670671545326 0.03761131596343468
0 0.7337331799013682 0.6919945616247178 0.0583215773392725 0.046442660462916764
0 0.6397377318985047 0.7174547880510692 0.06782384667409058 0.05781680810555194
0 0.6486672892266412 0.7552993904084341 0.07240225867281787 0.048660131926869354
0 0.7267559265595503 0.7547856600531412 0.10078179734245403 0.0718450748547749
0 0.7717251705920034 0.5137582456612829 0.07260225334181776 0.06584763192686935
0 0.5381939605745043 0.6534715248165028 0.03786362667090888 0.03299659057054054