0 0.21787805872543636 0.8562152174603167 0.06633763154179624 0.04316781153562203
0 0.24727015613695275 0.8994750616925057 0.05309417889684287 0.05632914558877822
0 0.34462256924878004 0.8449797239387216 0.04593412628012441 0.04030362739018116
0 0.35346621920642773 0.8000479557401246 0.046571163111827296 0.05124112739018116
0 0.4136980639165211 0.7681680976282749 0.05759966837349921 0.053504534237726276
0 0.5634705507623414 0.76246191086194 0.07395271046687384 0.06700582973421945
0 0.4664968402248803 0.7570012577150227 0.053276189420186526 0.05945414558877822
0 0.52743506924878 0.8332645666297512 0.07598564732681172 0.04845608883351815
0 0.07103023470909463 0.5177103292727943 0.07800317363517102 0.0563687183831675
0 0.05989604265807215 0.5752422270210408 0.06265118942018658 0.060054922886674335
0 0.5231248137753467 0.6132722416758937 0.028018584186749608 0.026702202344038462
0 0.49353602431280785 0.6268433883444062 0.0644867052052021 0.0648425524363235
0 0.5261672428133639 0.7080340291528224 0.07395271046687384 0.06700582973421945
0 0.6019855611445107 0.608996949418603 0.07182876834526439 0.08399307063492074
0 0.22070474004135363 0.580503818632336 0.13065773677523324 0.07842299352159507
0 0.3631693159826596 0.17909390808416292 0.05107665258848364 0.04841651603912896
0 0.4055157106786355 0.13357185456810522 0.09877069994353035 0.06548290252860856
0 0.3299843606362832 0.0940470820505713 0.09435621572854576 0.0698700138796606
0 0.14454884762327788 0.25770547116094455 0.09858868942018657 0.06235790252860855
0 0.2169915369728773 0.12308134485049775 0.0688101841585147 0.058892941085271475
0 0.16569507650600332 0.18863529611480206 0.06512374203690507 0.0757800524363235
0 0.4004454479479788 0.5814388556478394 0.09481124203690498 0.07768251387966067
0 0.37157001905113596 0.6362159932170532 0.10062162628012442 0.04380816162790726
0 0.3924971690793709 0.664451614747138 0.09390118942018652 0.06205751387966067
0 0.4219347691217232 0.706930208979327 0.09877069994353019 0.06548290252860874
0 0.3277675401684106 0.7067380467331109 0.1035492052052021 0.06734579117755661
0 0.34176985600989584 0.7603241216869684 0.08038472099021768 0.07053134793281668
0 0.2056951190934883 0.6912107811554072 0.1035492052052021 0.06734579117755661
0 0.22503040606636557 0.8269585140365443 0.10107665258848364 0.051620661627907086
0 0.44726245086116345 0.8734272941122171 0.10142526308359248 0.08433303207825774
0 0.520762737128169 0.26628662014580884 0.08783319994353037 0.06478199568106335
0 0.4164315528990672 0.25351411474713803 0.06008763154179615 0.0427672933370248
0 0.4421827108198098 0.2791055976282749 0.05062162628012441 0.04060401603912896
0 0.2254194160250119 0.23228636412882916 0.06697466837349922 0.054105311535622216
0 0.16094479023899771 0.7913702698966404 0.055582142065139936 0.045591904688076924
0 0.19264211127156772 0.7683239936784785 0.05080363680346807 0.04372901603912886
0 0.26579889021076286 0.755074219619785 0.07773015785015547 0.051681218383167506
0 0.3305831850761479 0.8855744455610918 0.055127115756780753 0.03777940468807657
0 0.3846791508752809 0.8922261613233655 0.05981461575678067 0.038079793337024624
0 0.3498190324876643 0.9294851318660011 0.04860409997176518 0.032691386489479515
0 0.34213533510438277 0.9144108443890726 0.045661110495108834 0.03561612739018116
0 0.30482505090351575 0.9269201388058315 0.039411110495108835 0.03521560919158375
0 0.3177576904084069 0.958781408084163 0.055127115756780753 0.037779404688076924
0 0.2688574588242584 0.9564667388981165 0.060087631541796235 0.04276729333702498
0 0.30478433745287004 0.6202591286267987 0.06026964206513989 0.04589229333702498
0 0.33513605026823123 0.2595021013289028 0.06026964206513998 0.045892293337024805
0 0.3701935897307701 0.24558050123661773 0.06201415258848364 0.04911742288667416
0 0.5043418056004902 0.3210439713178281 0.062287168373499215 0.053804922886674156
0 0.40810165536049386 0.07580941934292991 0.07773015785015555 0.051681218383167415
0 0.09298301649088724 0.7287887291805091 0.07571263154179622 0.043768588833518154
0 0.047063571738441654 0.7153863656699887 0.06651964206513991 0.046292811535622216
0 0.1722588057416646 0.4902082880952376 0.06606461575678066 0.038480311535622036
0 0.23494227431280787 0.6434148288113688 0.05062162628012441 0.04060401603912887
0 0.3323401900554711 0.5881382410575849 0.07818518415851469 0.059493718383167506
0 0.14510071138450714 0.8896773619693608 0.06246917889684287 0.05692992288667398
0 0.15160061134215486 0.8448957880952376 0.05512711575678066 0.037779404688076924
0 0.6476096033084728 0.6675616186046494 0.07395271046687384 0.06700582973421945
0 0.1373553717949114 0.7687535926910295 0.05034861049510884 0.03591651603912886
0 0.2930292481456229 0.795359258176448 0.05778167889684287 0.05662953423772628
0 0.12800130055057993 0.5685428416112952 0.08038472099021768 0.07053134793281686
0 0.14760043998488392 0.5260351665651527 0.07773015785015547 0.051681218383167506
0 0.4806452423192537 0.1933590623108145 0.062287168373499215 0.053804922886674246