0 0.2608409765342382 0.23128285801847293 0.07064569994353027 0.059765885440423536
0 0.3607947448795025 0.1521498699223296 0.1070984104104042 0.12245678298109555
0 0.4050460028425974 0.22430667105379776 0.11815773677523325 0.07097609621281205
0 0.2983262950065594 0.285425457354543 0.09159523677523325 0.07082156010845857
0 0.45300390265907076 0.03155154449216876 0.0559461631118273 0.048746572208707
0 0.3882742737481105 0.06946918012898404 0.07551521046687401 0.06291815651766242
0 0.30726719745386866 0.09166182181592356 0.08478379465362354 0.08796360831306052
0 0.2576642266754125 0.37975217427525154 0.08020271046687402 0.0629454275949013
0 0.2798962714702104 0.44083966520006523 0.0929757262518895 0.0677056504675381
0 0.4422590345538029 0.36363279146710664 0.13507222099021768 0.06638859016268786
0 0.46046997923566124 0.305906649878363 0.11163472099021768 0.0662522347764936
0 0.5371612818523798 0.29072253229372447 0.14268729991529536 0.08986245159900638
0 0.6376541055157856 0.2694247700952802 0.11824874203690498 0.07253859621281204
0 0.6181481584148528 0.550656589377121 0.0816742052052021 0.0613920179539809
0 0.6226543769154089 0.6343048815315987 0.07753273677523324 0.07073974687674198
0 0.43984187691540894 0.6332413095192834 0.06595819994353036 0.0597386143631848
0 0.36172385316729844 0.5655765656676035 0.09508425782192056 0.07708974082661797
0 0.3089019610315713 0.5332271530998168 0.08663472099021767 0.06610678903121965
0 0.264864263718877 0.5915845537637467 0.11475972099021767 0.06627041549465282
0 0.20558724523243832 0.5224663942210223 0.10298776308359248 0.07869769262201594
0 0.16769167405869406 0.39485902380771337 0.0867257262518895 0.06766928903121974
0 0.16148020043764047 0.461251638269094 0.06586719468185845 0.058176114363184796
0 0.46029640301200664 0.4028134661351417 0.08719616311182729 0.04892837939029935
0 0.3215370108762795 0.3699640838179761 0.046571163111827296 0.048692030054229285
0 0.7239669769577611 0.6794406404103933 0.04188366311182747 0.04866475897699054
0 0.8113543139165211 0.8026468571347103 0.07965667889684269 0.05357042759490156
0 0.43823314526067325 0.553517448082965 0.06780912628012441 0.03788179508134384
0 0.4644646323888423 0.8545532281371943 0.0809461631118273 0.048892017953980724
0 0.3903368876505141 0.8525589360809125 0.10970819994353027 0.0599931444174139
0 0.4358684665050047 0.7551344902374426 0.09481124203690498 0.07240224082661798
0 0.49810242697187856 0.6929753787029282 0.06790013154179633 0.03944429508134384
0 0.7652492135212329 0.38661279097612733 0.0836917315135615 0.06921360831306052
0 0.6982815213996233 0.369029860356164 0.0937037683452644 0.08020565046753818
0 0.6978496109186318 0.41669974589478337 0.07800317363517095 0.05199883723582168
0 0.7540240162085385 0.4451610891807293 0.09068518415851479 0.05519656010845857
0 0.7442479268307043 0.5459196132830302 0.11447129465362345 0.0881363251355733
0 0.6257995766471777 0.35219636347942196 0.08663472099021767 0.06610678903121973
0 0.5864493793344833 0.4105810352205907 0.08947129465362344 0.08799087939029934
0 0.5870794399142968 0.4668537611182897 0.06459312101845249 0.0363011143631848
0 0.5094626741292811 0.4710912883438487 0.0801117052052021 0.0613829275949012
0 0.5654180005646974 0.5972406978865732 0.08103716837349921 0.050454517953980905
0 0.4990348663920653 0.6367117431643089 0.07689569994353036 0.05980224687674198
0 0.26259683745287005 0.6439328489432865 0.07331567363517104 0.05197156615858276
0 0.23746105858426203 0.7266271742752515 0.0688101841585147 0.05506929508134384
0 0.3233908533084727 0.7138413488450908 0.09335515785015547 0.04740224082661779
0 0.339782421780794 0.7678612283335859 0.08839464206513999 0.04268746974937905
0 0.33461750866896667 0.8162850927949666 0.09123121572854576 0.06457156010845858
0 0.3606218976797476 0.3295527072563471 0.08517863680346807 0.04110678903121974
0 0.34047599765151276 0.29973794222923245 0.09464464206513998 0.04272383118569749
0 0.6001295316406183 0.06835717378427225 0.053473610495108834 0.03311248184962738
0 0.5391024844267459 0.23055719193464483 0.07671368942018653 0.056677246876741985
0 0.7327090002823488 0.3012383723582165 0.07157116311182747 0.04883747579950315