0 0.20039074770169293 0.6386667720561086 0.05175267676456467 0.046854016039128865
0 0.28544025392547023 0.6448783968253959 0.05871307178554286 0.05662953423772628
0 0.2536924238415577 0.6842307934939085 0.061482874275053764 0.052142293337024984
0 0.30333722633106863 0.6857141479051301 0.04069677759440164 0.04459060919158375
0 0.33568778504435687 0.6999676125876697 0.032765878424238615 0.04252746144333699
0 0.33076440931941065 0.652080825110741 0.035298882573423465 0.0349152205426357
0 0.5043561972867745 0.6184103246493157 0.04045997925407559 0.04146560919158375
0 0.46472501222384005 0.6489384338408994 0.053670374275053764 0.05164164558877822
0 0.5166776759161502 0.6712652143779978 0.07348596680652086 0.0669057001845701
0 0.5360046645175027 0.180229204198965 0.06399256763635783 0.0647424228866742
0 0.26358152239630955 0.3998255151162783 0.06567346680652095 0.06640505243632351
0 0.32623581036367344 0.3732642126799548 0.10364706348717308 0.07505816162790727