0 0.6107082959715282 0.36988894926535604 0.043605836056041625 0.06167388555165916
0 0.5623065103523267 0.33702585632737064 0.05276263050895835 0.05246252678536116
0 0.6153081430454865 0.5339650860348313 0.049892203647222286 0.06334547970746059
0 0.4885241714464933 0.3544803632272295 0.05686955547083343 0.09470457386326192
0 0.40769174553468784 0.3374507759712871 0.024201219414791808 0.03322160308425506
0 0.3600562921718059 0.47172063595540104 0.04182513050895835 0.052271612012708954
0 0.4074423980794797 0.5951541818154856 0.04854790919430556 0.07269320616851012
0 0.48485757684107683 0.5324689955324778 0.059158100873680654 0.05882162094116268
0 0.5933286127446187 0.7639565491032002 0.054834276785486226 0.07436480032431163
0 0.6483401550133339 0.6110730568138381 0.037355836056041626 0.06156479139585791
0 0.3825904812857298 0.7352882581143796 0.04048083605604171 0.061619338473758486
0 0.5504214933504862 0.19546960186314383 0.06290134992375015 0.08543866801906326
0 0.7545284183123613 0.24120266192668804 0.04073540919430556 0.07255683847375849
0 0.7716276121759378 0.3719168737772411 0.056614982332569494 0.08376707386326192
0 0.731801392761146 0.33842253530348254 0.05977634992375016 0.08538412094116259
0 0.7241363227570142 0.4452765073003054 0.0897547906531944 0.09840231818121907
0 0.695010560789167 0.3682367203686744 0.04048083605604162 0.061619338473758486
0 0.6545492149494795 0.37455885835596553 0.05156380642076393 0.06806025324641088
0 0.589161257502535 0.41714973295057617 0.0486570119678472 0.07738070616851012
0 0.5143430954584378 0.42365310308095977 0.052871733282499986 0.057150026785361165
0 0.5804376080918752 0.27721052556424997 0.04073540919430556 0.07255683847375849
0 0.47402199430041686 0.16758433522405233 0.03880923328249999 0.05690456493480815
0 0.4643209924005557 0.22051842045139997 0.05468880642076392 0.06811480032431154
0 0.506981271085903 0.24156730600305912 0.056614982332569494 0.08376707386326192
0 0.4276931613785071 0.22378374228606696 0.0598854526972918 0.09007162094116258
0 0.3565260229857641 0.18583768303330167 0.05795927678548622 0.0744193474022122
0 0.44313893626413225 0.3505644305976697 0.0598854526972918 0.0900716209411625
0 0.34780825246854197 0.34811949472169895 0.0641001740119445 0.06984094155801354
0 0.37070219823197953 0.4258314374975285 0.04974673328249999 0.05709547970746058
0 0.4929051597629865 0.47560138676617997 0.07674564437666671 0.0763091298696164
0 0.38972691479697963 0.5386178096565072 0.061084276785486225 0.0744738944801128
0 0.31487173195131984 0.509978566556366 0.054216027735416714 0.04780230032431163
0 0.33963795545017417 0.6345791461016708 0.06929682028847228 0.09179776217486477
0 0.4567553331093409 0.7678201144450455 0.06795252583555574 0.1011454886359143
0 0.510005660047327 0.6734758250777826 0.07529224715020852 0.08096935633066593
0 0.5849498022397921 0.6052809784863493 0.07856271751493064 0.08727390340856651
0 0.7202716660312506 0.7154117292971283 0.054834276785486226 0.07436480032431163
0 0.7511956641313895 0.7690549265371847 0.0356478656913195 0.05528751785690744
0 0.6939111474138896 0.8242821688265469 0.061084276785486225 0.0744738944801128
0 0.7031783510611118 0.8869185365212985 0.05556162860909737 0.10561480032431163
0 0.8085665273541671 0.48267314163414854 0.07554682028847211 0.09190685633066593
0 0.1966295718070837 0.46262055113509054 0.04193423328250008 0.05695911201270896
0 0.25262761151034774 0.586985351459402 0.0400080573706945 0.04130683847375849
0 0.2529139797671184 0.3644245588457282 0.03688305737069451 0.04125229139585782
0 0.2957547899876044 0.3261257179363377 0.0356478656913195 0.05528751785690744
0 0.31505161027607675 0.41705072686479144 0.038700130508958354 0.0522170649348082
0 0.783392527922848 0.877385623777241 0.03880923328249999 0.056904564934808374
0 0.7650068570450355 0.9262634545403617 0.045532011967847195 0.07732615909060954
0 0.7906770446403479 0.821285628241468 0.043605836056041625 0.061673885551659424
0 0.6562584917349656 0.4479963583559655 0.03855466014423605 0.045967064934808025
0 0.624042790937535 0.30530429788538427 0.05301720364722229 0.06340002678536125
0 0.7039835576550348 0.25047252191080194 0.049892203647222286 0.06334547970746059
0 0.7349588410900348 0.13855890299823428 0.05468880642076392 0.06811480032431154