0 0.46640897821398913 0.5154340932760616 0.0701798488211363 0.07578373920022674
0 0.6142562292025723 0.5159028631463275 0.06373884783255335 0.07087798439090331
0 0.6192461126241198 0.2782391720393349 0.06361151384016442 0.06775298439090341
0 0.6211495108372339 0.3659301449974929 0.06055018083635879 0.0692063569862417
0 0.4319610409518397 0.6120263510806099 0.04859400889724874 0.0438244110699257
0 0.3328895295831331 0.6625496515360968 0.08641234387822046 0.05294643992586625
0 0.5450658774156864 0.6011111876484315 0.05273768083635879 0.06893353847458741
0 0.36893575342286006 0.39232892077339054 0.04728617688202617 0.050019847367594836
0 0.1590752751716899 0.28172869355406327 0.04923067885919252 0.0594494110699257
0 0.40048813684440754 0.1555928126060225 0.09074701680591399 0.08274306733052791
0 0.24822795847950668 0.20582344718226037 0.07942751482874763 0.07298612141421187