0 0.5186839340443427 0.1466048498411395 0.04379355866619026 0.046021612012708824
0 0.30137001994994117 0.38349474391421534 0.05048060124083733 0.052380706168510115
0 0.48569002564992436 0.4913503340128269 0.06287134059717552 0.05103639448011297
0 0.6407324407527321 0.549655937504119 0.07377598960843983 0.07307503571381488
0 0.6630498371661062 0.5891587682672398 0.048371798022528625 0.04454093262956001
0 0.5482225126604741 0.5802122366106147 0.0508412341605581 0.03522047970746058
0 0.5505991136492099 0.5582690527632388 0.05273151609154336 0.039935253246410875
0 0.4348373558555396 0.6142617284929399 0.04702781930985189 0.047638659090609534
0 0.49880702070624583 0.6006298766265008 0.038450494804219915 0.03656479139585791
0 0.5208512655104658 0.6362264573896215 0.04749771287323483 0.03204093262955983
0 0.5673767042463853 0.608037227682161 0.040340776735204996 0.04127956493480802
0 0.502505457096377 0.6647060133959759 0.0461537341605581 0.035138659090609536
0 0.5387161087055313 0.6679849720001181 0.04157549480421992 0.03661933847375849
0 0.5223698428660895 0.7026872544675221 0.051278276735205 0.04147047970746058
0 0.5639728348203177 0.6824059821463878 0.046044473516896466 0.033576159090609535
0 0.5752709677400387 0.6650002938347851 0.05741901609154336 0.04001707386326192
0 0.6199061245449731 0.6321508376662749 0.04270095222957302 0.030396612012708955
0 0.6191302283837004 0.6657991347441756 0.03979447351689647 0.03346706493480802
0 0.6071983109351042 0.6965133465947286 0.04491901609154336 0.03979888555165907
0 0.5959765876703094 0.7373838084452817 0.04234031930985207 0.04755683847375849
0 0.564415231233692 0.7222906424548133 0.03957595222957302 0.03034206493480802
0 0.5472495105667872 0.7452741749222174 0.03576253737886681 0.04276024431795715
0 0.5649504627963602 0.774688939532714 0.030528734160558103 0.034865923701106104
0 0.6057775585893157 0.7880559642894803 0.03499771287323465 0.031822744317957154
0 0.580039867255506 0.8338730247600615 0.036997255447881724 0.03810001785690744