0 0.990625 0.26197875191846 0.01875 0.08881112772394087
0 0.98359375 0.4835641748149378 0.0328125 0.06323197351689647
0 0.984375 0.387415794493107 0.03125 0.061560212873234654
0 0.78046875 0.34229930849096335 0.059375 0.06821440445914595
0 0.85078125 0.46941382952618527 0.0640625 0.08572968639013112
0 0.8234375 0.5713258907902656 0.053125 0.07090236188449897
0 0.859375 0.3727191459860457 0.0375 0.05262225544788164
0 0.86953125 0.20169645180224446 0.0453125 0.07504355866619035
0 0.721875 0.21827158262827845 0.0421875 0.07795003737886681
0 0.70625 0.38889543906489576 0.0828125 0.08704081411407198
0 0.6546875 0.07296979030573303 0.0390625 0.048044016091543365
0 0.584375 0.01512602430180313 0.0453125 0.03025204860360626
0 0.5234375 0.1485539343733188 0.059375 0.03696440445914595
0 0.45 0.049001684625420316 0.075 0.07711951089576327
0 0.36640625 0.11969087906132314 0.0609375 0.06988616510280768
0 0.2921875 0.21706825963525556 0.0609375 0.07301116510280767
0 0.2140625 0.26003129181834234 0.0828125 0.10891581411407199
0 0.1359375 0.42408807400142906 0.0703125 0.06897922896477801
0 0.01875 0.37915762227605915 0.01875 0.046623627723940866
0 0.1625 0.5308243930591796 0.0578125 0.07591764381548423
0 0.23203125 0.4486185444162324 0.05625 0.08049588317182241
0 0.28984375 0.39848215060074815 0.065625 0.08427644703379293
0 0.340625 0.3668061796817418 0.0453125 0.05785605866619035
0 0.35703125 0.43362769292329356 0.0390625 0.062106516091543364
0 0.29921875 0.4868890867387778 0.053125 0.06465236188449915
0 0.31796875 0.544952959014837 0.0703125 0.07991672896477801
0 0.3 0.6212094564169469 0.05 0.06287134059717552
0 0.1734375 0.7019345685535474 0.05625 0.07424588317182242
0 0.4390625 0.6052352591310525 0.0796875 0.09932229282674854
0 0.48046875 0.6499961020740165 0.0578125 0.08373014381548423
0 0.54375 0.6260397960057162 0.0671875 0.07813570767745456
0 0.42578125 0.6928827246021771 0.06875 0.08136996832111638
0 0.48046875 0.7281211020740164 0.0484375 0.0721370799535137
0 0.49453125 0.4341690062810609 0.05 0.08005884059717552
0 0.5734375 0.38802634377614326 0.071875 0.06908848960843983
0 0.59453125 0.5107700750867098 0.065625 0.08740144703379293
0 0.59140625 0.7133323463740333 0.0609375 0.07457366510280768
0 0.7078125 0.5020674284212341 0.0625 0.09187042574646931
0 0.68203125 0.6187139790416527 0.0546875 0.0803866225281606
0 0.46875 0.9359718069014795 0.05625 0.06643338317182242
0 0.5390625 0.9373050779367015 0.05 0.05349634059717552
0 0.6171875 0.9232482957536146 0.075 0.07243201089576345
0 0.64765625 0.8570552132022108 0.04375 0.05774679802252862
0 0.690625 0.7892067955015131 0.05625 0.07268338317182241
0 0.69921875 0.8745433619613735 0.0578125 0.07591764381548387
0 0.4671875 0.8087373175451413 0.078125 0.08983803218308672
0 0.80703125 0.667785627548714 0.0515625 0.08016810124083733
0 0.584375 0.30288651927051113 0.090625 0.09383711733238069
0 0.5265625 0.25224166308599527 0.0609375 0.06519866510280767
0 0.675 0.23092440193813046 0.0765625 0.083478771539425
0 0.46328125 0.21994796915429554 0.0390625 0.048044016091543365
0 0.41484375 0.13896004910780935 0.0609375 0.06832366510280767
0 0.62890625 0.021728444474340115 0.0875 0.04345688894868023