0 0.7495983717784401 0.419128738104677 0.04415279172311415 0.03799089600572696
0 0.7024677442342488 0.37871227609799546 0.05657090456798421 0.03657384667409058
0 0.6773515575540889 0.41047080609481384 0.044070904567984216 0.03642839600572696
0 0.4654324909548885 0.2477509880649061 0.057635437584671226 0.05688634667409058
0 0.4001007400503774 0.27122430338954284 0.07120661465389269 0.04767497867599957
0 0.4510634537543302 0.16393906206236078 0.07408595318850324 0.04302384134309047
0 0.7226762663968017 0.6494247654359953 0.0544351944820761 0.02561816534054522
0 0.7438618696307335 0.6926662354391769 0.04718926051544958 0.0661340773392725
0 0.7050450310961228 0.6875242021005408 0.03009029172311415 0.03782726400381797
0 0.6786429833801149 0.6692372787634955 0.039301517412854634 0.03481135200509069
0 0.6754903279076195 0.7293935287634955 0.054926517412854634 0.03499316534054522
0 0.6537071811415514 0.7721350120941775 0.040202276119281774 0.05199885200509069
0 0.6236345788121307 0.7045566134229504 0.042426517412854636 0.0348477146721816
0 0.5222325310961228 0.6853969860757237 0.04620661465389251 0.04738407733927232
0 0.5021789806665815 0.7398844914067239 0.03157090456798421 0.036282945337363516