0 0.4977451872233104 0.4401680608334493 0.06174588317182241 0.0592798247398008
0 0.4510994161880884 0.37255783695273104 0.0647616225281606 0.057881099050060315
0 0.5121079720042871 0.3794795443251059 0.06577781930985208 0.05015048620519007
0 0.5676424239817586 0.4201587760077402 0.06454310124083733 0.05475609905006031
0 0.6030118414303548 0.44866223428462615 0.06487088317182241 0.05944359905006032
0 0.6915715968782363 0.4066584407524898 0.05160605866619043 0.04785100180902226
0 0.708202085982473 0.4805120205806732 0.05941855866619043 0.048260437584671044
0 0.62310083028249 0.5955029347595959 0.04313799480421991 0.03806656603337366
0 0.6147691602360037 0.5476795884230692 0.040012994804219916 0.03790279172311415
0 0.703285357017695 0.5508245205806732 0.07057457995351371 0.05195864767057934
0 0.838710132744494 0.7959245793779577 0.03954310124083733 0.05344590456798422