0 0.62890625 0.3795983678229192 0.0375 0.03812162628012441
0 0.653125 0.3544464493788329 0.053125 0.05153167889684287
0 0.60859375 0.3034152994211852 0.0375 0.04280912628012441
0 0.7296875 0.6589057072007536 0.053125 0.04840667889684287
0 0.7734375 0.6770788545275653 0.04375 0.0400481473268119
0 0.79453125 0.7064324255601353 0.040625 0.03517863680346807
0 0.76640625 0.734481830850042 0.0265625 0.03904708944842135
0 0.74453125 0.7769577571866361 0.053125 0.05309417889684305
0 0.6734375 0.8095357677805669 0.0546875 0.05943518415851479
0 0.67890625 0.7309480361964183 0.025 0.020206084186749608
0 0.678125 0.7434025335655825 0.0609375 0.0613617052052021
0 0.659375 0.6993417204255203 0.05625 0.051713689420186525
0 0.63125 0.705516125715427 0.0421875 0.04620714206513998
0 0.59765625 0.7168407625894823 0.040625 0.036741136803468064
0 0.67734375 0.6472632809347466 0.05 0.04509966837349921
0 0.62421875 0.6472941020379037 0.0453125 0.06045165258848364
0 0.5234375 0.7484555126600695 0.0515625 0.05456567363517095
0 0.5625 0.7132306442018657 0.0484375 0.03407116311182747
0 0.56796875 0.7651116626177171 0.05625 0.051713689420186525
0 0.60546875 0.7844832888978415 0.065625 0.052259720990217674
0 0.71875 0.7113936703690505 0.046875 0.052730157850155376
0 0.2484375 0.39728233660582396 0.0546875 0.04381018415851479
0 0.2953125 0.19376249445597948 0.046875 0.035542657850155465
0 0.18203125 0.3137271129847704 0.065625 0.052259720990217674
0 0.20703125 0.21596444717152 0.0546875 0.0484976841585147