0 0.32320257231548005 0.7806776611224997 0.04989235141192579 0.05084547970746058
0 0.38486749802144293 0.7546139931034365 0.05793217194503928 0.05879434740221221
0 0.21597039700522855 0.6552703323879738 0.053153743731793844 0.05558752678536116
0 0.14603231855455637 0.7509743445628384 0.053335600158284535 0.06183752678536116
0 0.1915350351684615 0.7704822751638034 0.03721049498543509 0.04437729139585791
0 0.5460994808661772 0.4464860730557783 0.05811402837152997 0.06504434740221221
0 0.5724634040648576 0.39917469643257286 0.046585494985435 0.044540932629559826
0 0.5365402759307545 0.3724718745979058 0.040426423198680436 0.04755683847375849
0 0.4724072312618885 0.2955060000032953 0.046903743731793845 0.05547843262955983
0 0.567725742940371 0.23996333766627487 0.0579321719450391 0.05879434740221221
0 0.07274454889200806 0.42507609212720643 0.04658549498543507 0.044540932629559826