0 0.19187772226458327 0.04575234065366721 0.0684603656913195 0.05507838544042356
0 0.2781607143807986 0.030408620904288235 0.09171602773541672 0.04740224082661783
0 0.2126967556995832 0.15811598526747295 0.06704333605604171 0.06131929508134393
0 0.5060622831506595 0.30717006704234556 0.08063305737069441 0.041088608313060514
0 0.3935583638883676 0.5093598018188391 0.10465243882958344 0.06622496369925486
0 0.3330728459365967 0.624539895104785 0.0872103656913195 0.05518746974937905
0 0.1913944922131245 0.6034921177810302 0.05454333605604171 0.061246572208706954
0 0.24902384783645778 0.6781466841360049 0.0747103656913195 0.05511474687674216
0 0.07468173052961766 0.48309378025062094 0.08114220364722227 0.06296360831306061
0 0.2869310766536456 0.29125976249303187 0.15417966014423623 0.046203355189802585
0 0.22733917752732619 0.23380178649713695 0.06351829255305556 0.04411361436318471
0 0.05348149059760386 0.3535471808163551 0.06053876291777782 0.050345433645025486
0 0.14846406943545096 0.5014119881943392 0.08612064437666671 0.07549087939029935
0 0.4671809678961803 0.33317403083979624 0.06224673328249999 0.056604524004105095
0 0.5063519174593399 0.361848476683266 0.048002395326597204 0.048710210772388504
0 0.35582328096645793 0.4525558107958297 0.07888871941479163 0.033267017953980904
0 0.45962042819291626 0.45663880191703504 0.05944904160312507 0.07064884328594587
0 0.5053147879003121 0.4399689315037262 0.029397865691319504 0.054851126463433174
0 0.49141398242947876 0.5337871091968233 0.07471036569131932 0.055114746876741984
0 0.4427758074676037 0.5762518651487516 0.0448773953265972 0.048692030054229285
0 0.339087763014687 0.5674813740275463 0.09676720364722229 0.06305451190385654
0 0.44957915985989566 0.14970754586691087 0.06257404160312507 0.0706670240041051
0 0.5113524612466666 0.14700472668326597 0.04520470364722229 0.06275453005422929
0 0.5213288329219097 0.053990524887867875 0.0736570119678472 0.07698065651766242
0 0.41155313620854156 0.10540355484390129 0.062028527735416714 0.04722952400410509
0 0.34089449088194435 0.1542455758229443 0.023983013867708357 0.023573855386194255
0 0.31712902935093734 0.20203363602959873 0.09658536569131951 0.05524201190385671
0 0.4055590157675694 0.02789267496262262 0.1169342332825 0.05578534992524524
0 0.19434614599218736 0.17462677439688856 0.02703527868534721 0.020467036104353475
0 0.1360258061364235 0.129659708041914 0.08106946846486118 0.059838608313060516
0 0.5246681192067012 0.2461325730924698 0.11086607123840278 0.0646988251355733
0 0.17905879958381896 0.562944385833207 0.06965918977951394 0.03946247579950324
0 0.25807545877812454 0.4906194130587659 0.049455792553055565 0.044031801131468026
0 0.3374557938842358 0.40266944028432483 0.058685322188333354 0.03783634328594587
0 0.24554170402847192 0.3578978166495621 0.06508079255305557 0.044122704722264317
0 0.36158493132704833 0.3392563800776704 0.06188305737069451 0.040979524004105095
0 0.42377711322277756 0.28499560607356533 0.05857621941479181 0.033148843285945875
0 0.4203813159200693 0.195964922330344 0.06333645459715279 0.03630111436318471
0 0.22145481307027767 0.11744553347207484 0.058830792553055566 0.04408634328594587
0 0.269583188545243 0.1304449823406067 0.05407055737069442 0.040934072208707
0 0.3234167033628818 0.13325636495235987 0.04327852773541672 0.047120439695149674
0 0.07071962272208286 0.5526386657892404 0.06813305737069449 0.04101588544042371
0 0.23360082921909675 0.5688762232654204 0.06333645459715279 0.0363011143631848
0 0.2459910732351731 0.6070802052132437 0.06965918977951394 0.03946247579950324
0 0.39335638250572863 0.6187211662802199 0.05705008700597221 0.03470225292686635
0 0.4004610208984717 0.5819660548439013 0.0575228656913195 0.055014752926866174
0 0.5582027453472566 0.4834053141154794 0.05864895459715278 0.03627384328594587
0 0.5800783985576385 0.44968884426790445 0.05563305737069442 0.04094316256778665
0 0.5575143739563538 0.37873599483363857 0.06682513050895836 0.051944295081344016
0 0.36209538402434005 0.25020297043675 0.057741071238402865 0.06438975292686626
0 0.3924751746775346 0.1531643439733169 0.046112587005972296 0.034638620413308896