0 0.671697628421666 0.7525878177664496 0.07383884992375016 0.08856124203690499
0 0.6478620445498258 0.667492480948864 0.059230836056041625 0.06430469468185826
0 0.5996394840449992 0.8234925809912162 0.03154224715020852 0.08141659997176517
0 0.5555823191511104 0.7333079257718967 0.04575021751493065 0.08848564732681172
0 0.5247511996600689 0.6798798179076239 0.034376306420763926 0.06909861049510883
0 0.45990679644968696 0.709742352179078 0.0422615416031249 0.07267863680346806
0 0.29573258083461734 0.8394313102268776 0.04774782218833336 0.04023015785015573
0 0.5111205382815618 0.8957855389684287 0.0418978656913195 0.05705363680346807
0 0.4673335174799993 0.9284391442724529 0.042152438829583264 0.06799113680346806
0 0.6519078860211104 0.9642232677805669 0.04669446846486114 0.06201415258848364
0 0.6886824938286452 0.8967396361681835 0.04902068787965277 0.09491765785015538
0 0.706504467043159 0.9695318220303456 0.03582970364722229 0.06093635593930884
0 0.5238498484051386 0.3152712863375927 0.058177482332569495 0.08608868942018652
0 0.6169095173830901 0.31677984940706777 0.0549070119678472 0.07965667889684287
0 0.6261436194910417 0.08810111256124739 0.061557055470833434 0.09720819994353028
0 0.7588612812507984 0.3015783255883701 0.03902743882958344 0.06780912628012441
0 0.8200338641727081 0.3622497860552441 0.046949041603124894 0.07295165258848364
0 0.7056856491263194 0.0989923809065117 0.07729115824437507 0.10280575256024878
0 0.698110191679375 0.054741851967316534 0.045603440729444424 0.015139152588483617
0 0.6710144827138191 0.3786042861964184 0.06875130642076392 0.0711007262518895
0 0.6197045962209371 0.4655813704537552 0.05058318787965277 0.09500866311182747
0 0.49809974031326343 0.5813212205666947 0.0630104526972918 0.0926117052052021
0 0.5116732374634718 0.5023162600292336 0.04887521751493047 0.08866765785015537
0 0.856150589287083 0.4910874175970402 0.04869337955902786 0.08085515785015537
0 0.4768631327900691 0.45178563901078095 0.0583229526972918 0.09233868942018653
0 0.4273540952710066 0.4277797206372818 0.05501611474138901 0.08434417889684287
0 0.4046991516917705 0.35918163908136813 0.056324041603125076 0.0734976841585147
0 0.36747582788791655 0.14344324701622824 0.037646776785486225 0.07553062101845254
0 0.4093542033628818 0.15918163908136815 0.07209451196784737 0.0806577367752332
0 0.3503012860004511 0.4107749601845253 0.04705814437666671 0.07763915258848364
0 0.37475511892236074 0.4693077970021108 0.052980836056041716 0.06394067363517095
0 0.4236277235957635 0.52065746537561 0.038772865691319505 0.05687162628012441
0 0.4586917481970481 0.5938898390248983 0.048911585106111134 0.09023015785015538
0 0.3868693399526731 0.6882776048805012 0.0531626740119445 0.07175317363517095
0 0.39386552878225645 0.6229711232963526 0.0630104526972917 0.0926117052052021
0 0.24332132133531204 0.5703936129141832 0.07442073138263901 0.11356124203690499
0 0.4644462132434368 0.8508223784874375 0.05014677678548622 0.07625866311182747
0 0.8064662459159374 0.1385014729151819 0.0692604526972918 0.0929757262518895
0 0.17242563345565917 0.6585768814006219 0.06311955547083344 0.0972992052052021
0 0.33211759650527756 0.2509071365211194 0.053271776785486225 0.07644067363517096
0 0.5117901787615973 0.09395772845920243 0.04840243882958326 0.06835515785015547
0 0.6354621084731249 0.19190865202378626 0.06907861474138902 0.0851632262518895
0 0.6788672695672916 0.1756612967197621 0.05806837955902786 0.08140118942018652
0 0.7644255227014236 0.06251582558837013 0.05029094072944442 0.01541216837349917
0 0.39894849981256875 0.8415314074972196 0.0833229526972917 0.09379477360693614
0 0.23828571637756885 0.7195213576525115 0.04832970364722229 0.06523015785015537
0 0.23501393959208267 0.7928678523908396 0.04687630642076392 0.06982665258848364
0 0.7907054676118399 0.5803704544993304 0.04676720364722229 0.06513915258848364
0 0.8296952324294786 0.5857705860411266 0.04356946846486096 0.0618321420651398
0 0.7495966904451039 0.22906628875666718 0.05933993882958326 0.06899219468185844
0 0.7061902229301734 0.3125921493223632 0.053271776785486225 0.07644067363517096
0 0.5380006545415622 0.446741094215983 0.06886040919430556 0.07578822625188941
0 0.6042627405976038 0.38958031257536485 0.06086607123840295 0.06752069994353035