0 0.9128838057416647 0.5690091681280263 0.03030912628012459 0.03946669158591121
0 0.9581662136624072 0.5996307374378783 0.023786110495108658 0.03434214901126431
0 0.8563446503811708 0.4622949923815568 0.041519642065139806 0.04491901609154336
0 0.7534611160391294 0.31625623668157365 0.061634720990217676 0.06966764381548422
0 0.5706409107633401 0.2901368610513198 0.05540013154179615 0.04277736188449897
0 0.8751541055157857 0.32790356688718897 0.06742969468185826 0.06229218639013112
0 0.8760531217243243 0.7703859978294385 0.06026964206513981 0.04623014381548422
0 0.8881212112433328 0.8190802239442249 0.04115562101845249 0.03866901609154354
0 0.8900708481173881 0.8529471255533793 0.03857665258848364 0.047825494804219916
0 0.49633771671676624 0.9930280062041863 0.07791216837349921 0.013943987591627405
0 0.5687888403660546 0.9772635714911525 0.07009966837349921 0.04547285701769503