0 0.3530579902965352 0.35449287075921776 0.08370536660488845 0.07409677956950453
0 0.2417732607149552 0.40408614826180766 0.0786904843909034 0.06450345574818712
0 0.16419389773826373 0.38482241790651484 0.08628472958157993 0.05861732878371626
0 0.15997762369164664 0.4159268686923031 0.06235615626060227 0.04346320967712849
0 0.1648635311333752 0.45528046712072656 0.07238592068857255 0.06264985731976366
0 0.07822908276998852 0.6280950748547749 0.06290179328391084 0.05908820967712849
0 0.12700139946754424 0.6655801122821623 0.05616071996293313 0.044734611248705036
0 0.14318690545799403 0.7398909075674325 0.0708779843909034 0.06413958271265763
0 0.22199146253690297 0.7912950498333842 0.03924603847458741 0.05174659057054072
0 0.3142781662577673 0.8151563889561828 0.057614092558271414 0.04168238585581072
0 0.323987982955323 0.8508220612059236 0.056324411069925695 0.04942211124870468
0 0.3325792437550962 0.9185189834556649 0.05821429328391083 0.05886988585581108
0 0.37575383568039544 0.9949251639775735 0.04936508293962456 0.010149672044853019
0 0.2202776511968248 0.9524144863511488 0.06370040145127884 0.03728598428423453
0 0.6572172114405946 0.40622030644841284 0.03423115626060227 0.04215326674922295
0 0.6225073947430388 0.3693902404849781 0.04867560217691817 0.05374573821317572
0 0.19375487904912422 0.6139127584770554 0.06591766587924912 0.05610875889134022
0 0.2760713273276929 0.7664256364749834 0.04834821996293313 0.04437073821317572
0 0.2224527648064884 0.8453104617440431 0.04516865626060227 0.04266268899896417
0 0.16936251425833423 0.6401648893704676 0.06290179328391084 0.05908820967712849
0 0.29602425109630837 0.4191332595105127 0.05314484736759484 0.04771406203449331