0 0.4464043507002258 0.6034965144363892 0.08645123035529281 0.0800524823325695
0 0.3178362408992629 0.4904672247331252 0.07238873035529289 0.0797251740119446
0 0.6294051335794993 0.42748279435600745 0.09488016046291677 0.05995818787965277
0 0.7325538281600346 0.7990142618709382 0.07863873035529281 0.07987064437666654
0 0.6371492828747642 0.7780640226045143 0.11217897642635144 0.09625936379145834
0 0.40594632464537794 0.6564026556789239 0.08608735731976366 0.0722399823325695
0 0.4155439565722473 0.7284231260436462 0.11759422249741007 0.11199346656499998
0 0.4465455918088857 0.5395067496187503 0.08325345574818713 0.07841724715020834
0 0.4040262979713575 0.4643788098392364 0.0848887303552928 0.080016114741389
0 0.3846191724546288 0.4163225163362503 0.0913570541766104 0.08484908510611114
0 0.47131865177646437 0.4011716014423615 0.11392556699689216 0.13375936379145834
0 0.2870699303125116 0.38283590947864604 0.12569782092583343 0.11842530452090294
0 0.38035754983338427 0.2578015015186114 0.08190927956950463 0.08306837955902786
0 0.5001649356891951 0.31677907085715323 0.08459763192686935 0.07376611474138901
0 0.5693173500810532 0.36053037727791715 0.07573205417661058 0.08448540919430556
0 0.6833991207592177 0.38035452763850747 0.08234592721213971 0.09244337955902786
0 0.6942766546719484 0.2955437697547228 0.13717897642635143 0.09684124525034736
0 0.5257792117440431 0.26352743749840324 0.11261562406898662 0.10563436379145844
0 0.4809525552100677 0.18912619633211847 0.07827485731976366 0.07205814437666672
0 0.725575850495338 0.21354954055628533 0.06497433664159917 0.05457970364722229
0 0.7217766083532209 0.18224498916951448 0.11523120181924558 0.09476959897381954
0 0.3309268223735755 0.06779344414791694 0.09782537799792798 0.08968205547083341
0 0.6252313639347922 0.5054259564001047 0.10578342721213971 0.09298889342673622
0 0.794764652190749 0.25808209697704926 0.05367296360606986 0.046512630508958354
0 0.7647860537623257 0.2511411127446187 0.04883991439185813 0.04327852773541672
0 0.8886387766740205 0.2126624538346535 0.05694351282028158 0.0497103656913195
0 0.6704262016098486 0.6547544623840282 0.055162688998963996 0.044986498100139015
0 0.6298162799792801 0.8887105818750699 0.0635573858558109 0.05766833605604162
0 0.5192511534290942 0.7433233870615629 0.06944351282028158 0.050001306420763926
0 0.5207600337033338 0.474119445382188 0.05516268899896417 0.044986498100139015
0 0.47014360359570995 0.49323181487322965 0.06363016046291677 0.059230836056041625
0 0.5241975568626976 0.5311688791777781 0.07663958271265763 0.07045927678548622
0 0.5827206863083676 0.5645275462558684 0.07991013192686935 0.0736570119678472
0 0.5253169470617347 0.42115809954250044 0.06333906203449331 0.052980836056041626
0 0.7490648161683225 0.44977798128572977 0.06021406203449331 0.052908100873680655
0 0.7982942206353831 0.3338633469770492 0.06704625889134022 0.06555357123840277
0 0.5818707382131757 0.06036737632798659 0.06809933664159917 0.05465243882958339
0 0.480402437551222 0.11029268151447957 0.07896406203449331 0.053344511967847286
0 0.3862714478903041 0.11668619224805588 0.05850601282028158 0.04974673328250003
0 0.44694573635114887 0.2632533741437851 0.05727315260503385 0.09029899810013893
0 0.34353394602827736 0.3217178779435072 0.08139985731976367 0.07213087955902786
0 0.4158819809744654 0.3335470371378128 0.06155823821317572 0.04825696846486114
0 0.2754282630251693 0.4512404173624308 0.06370293507002263 0.060793336056041626
0 0.5428920146777992 0.7985018495425005 0.04720463978475227 0.041679660144236054
0 0.7211753724118475 0.7222699239150353 0.06497433664159917 0.05457970364722229
0 0.7638016741072586 0.7661842312857298 0.07329625889134021 0.06569904160312508
0 0.5317487677826802 0.1403626944322574 0.054255160462916764 0.05901263050895835
0 0.6005994292790543 0.2949242142838894 0.052328787427387446 0.05116376291777787
0 0.6565005188161376 0.23847549895316025 0.05730738585581072 0.0575228656913195
0 0.6203169239023708 0.36639982399128523 0.06526543507002262 0.06082970364722229
0 0.5753917599247975 0.17259461939413243 0.05596320967712849 0.062173998100138926
0 0.5709419702210984 0.4791894582999657 0.05865156203449331 0.052871733282499986
0 0.5193367365560366 0.6613830560395144 0.06355738585581072 0.05766833605604162
0 0.5341226745215433 0.6102205995425004 0.06272263192686936 0.07325696846486114
0 0.9650258023145835 0.31121036302895916 0.06482878742738762 0.05145470364722229