0 0.5416854834042535 0.15363063210649358 0.07624542574646949 0.06668624203690507
0 0.16355512956552626 0.20911114753857327 0.05840236188449897 0.0563101841585147
0 0.07151010517610963 0.3459656764071813 0.10368201089576327 0.0807333314853265
0 0.10556304106203766 0.42645754223454907 0.07994957995351379 0.05289675782192056
0 0.03194181972644166 0.46547381057981346 0.06388363945288332 0.06539675782192056
0 0.0964619206275639 0.6456247711878618 0.07224634059717552 0.054004231513561506
0 0.07805077421418966 0.6863785738045802 0.06766810124083726 0.05529371572854576
0 0.1930694868353228 0.7216951765483557 0.0699954257464694 0.06632222099021767
0 0.15301293336491256 0.8049472923051363 0.05571440445914595 0.06237817363517095
0 0.21333307433040521 0.7990998397307701 0.06774451089576328 0.07864021046687401
0 0.26840870440013453 0.8682523871564038 0.10658848960843983 0.07779034200867016
0 0.2736700047684516 0.9154081082172087 0.05662134059717552 0.05309417889684269
0 0.22914982642409215 0.9623509976515127 0.054403276735205085 0.04362817363517095
0 0.18653063768817252 0.9376008976091604 0.06944912252816074 0.05850972099021767
0 0.36114287159662917 0.9663343004094056 0.05588936708027905 0.020372684158514787