0 0.8792291960327866 0.6780861307079507 0.024058238213175542 0.048021420171816584
0 0.8350425483901514 0.6851682903643177 0.030381012820281585 0.049911468792335614
0 0.7964830084815645 0.7732105229514632 0.0346318651776464 0.0407821302577247
0 0.7574205084815645 0.7711633440732193 0.02772689371369381 0.02639208163720568
0 0.5531913124487781 0.1284524643813214 0.05225601282028158 0.05105788896415202
0 0.5451561805219086 0.2000818029159322 0.021840766749222952 0.03387703301668683
0 0.36072336848741526 0.24210444934331607 0.04542381596343468 0.03823034034363308
0 0.3447323413991101 0.2827737149471483 0.03782963978475227 0.042508404567984305
0 0.39991645512901447 0.19090379748886524 0.046006012820281585 0.05073034034363304
0 0.3412542386274605 0.12204425486124001 0.041391287427387444 0.05204717887824382
0 0.2918107026478151 0.2251792209400421 0.037320217535011226 0.0315709045679843
0 0.2467293349889693 0.3019154613291037 0.0330693651776464 0.040700243102595034