0 0.543173670751087 0.6125201761400334 0.04111589600572696 0.04289661201270896
0 0.47820265141626894 0.6027145280064724 0.047511346674090585 0.05550570616851012
0 0.43749583541531434 0.5963923900191814 0.07407384667409041 0.05596935633066593
0 0.4176378687539506 0.6358094460255358 0.07721702800763594 0.05758640340856669
0 0.48585206675681397 0.655716797081196 0.04111589600572714 0.04289661201270896
0 0.48062876475967753 0.6769060044675221 0.055232940006363404 0.04782957386326192
0 0.44981511676476826 0.714951475246529 0.05210794000636341 0.04777502678536116
0 0.4281401114337681 0.7325208047918338 0.044204533338636054 0.039826159090609534
0 0.39270259810626784 0.7761168461876915 0.03333975867281787 0.04588524431795715
0 0.3497247574394951 0.7760856185088258 0.061610209341181485 0.05887616801906326
0 0.3722451947803584 0.8311725389635211 0.05835794000636332 0.04788412094116268
0 0.5814571101209035 0.8806565215136508 0.06760567067154533 0.03711026217486477
0 0.5150144974538126 0.8786906469190402 0.07249316534054522 0.05437958279171582
0 0.28845889875076886 0.6146220129889388 0.03789998933799978 0.03502956493480802
0 0.25750834341181456 0.5737475969984704 0.05521475867281787 0.046267073863261746
0 0.25959810208463246 0.6190328234595202 0.05674089600572696 0.04316934740221221
0 0.3606066187539505 0.6368049301972232 0.06629770934118148 0.0589579886359143
0 0.32769357407699645 0.5615827877457051 0.06295453333863606 0.04015344155801355
0 0.32483165607095127 0.5170924480541306 0.05374316534054504 0.05405230032431163
0 0.2543100707351787 0.500351007306896 0.0789067973424542 0.06855117694751697
0 0.3702810634149962 0.595221402194046 0.0504727146721816 0.041497753246410876