0 0.37272925688290115 0.3512249015575751 0.08048067885919252 0.06008570533113407
0 0.6713842741831068 0.26060093540588836 0.05340884288963732 0.04681281551854841
0 0.6506287638029834 0.3103652546853605 0.06654551285158128 0.06280152837152997
0 0.5283651501530994 0.4575023306287503 0.06348417984777566 0.06427310015828454
0 0.2604892420541535 0.4247198890211628 0.0722225098858317 0.04892088479802048
0 0.06063382209220965 0.4461415626155546 0.08048067885919248 0.06008570533113407
0 0.824825020191593 0.6697078477840162 0.07148768083635879 0.06918792069139812
0 0.041263103689690175 0.6917268472552907 0.02933467292769344 0.03050585391920819
0 0.4692607000765497 0.22278400132014822 0.07136034684397004 0.06606292069139794
0 0.5257216057040376 0.27342284732179767 0.05841467787060921 0.054761707838416565
0 0.5771687005708414 0.21730322796318324 0.045723676882026255 0.049710494985435096
0 0.593028463916714 0.15363553305689046 0.05328150889724874 0.0436878155185485
0 0.6190497944490618 0.16614389324430487 0.03960101087441501 0.05265363855894436
0 0.7161728507611217 0.2912909942605193 0.0347225098858317 0.04782974623907634
0 0.764370270228774 0.2766230890085275 0.06622717787060921 0.05498902837152997
0 0.7533744204190544 0.3549754095416409 0.08048067885919252 0.06008570533113407
0 0.6741034144875554 0.385373614872775 0.05302684091247105 0.03743781551854841
0 0.6537935730807929 0.4242004341522471 0.07722834486680377 0.05686977711788863
0 0.7152576550960152 0.42865460194065125 0.07266817885919252 0.05985838479802066
0 0.7744297252482395 0.48935876972905523 0.05053851087441501 0.05297188730530315
0 0.6911397227767816 0.5034871173800575 0.045150673916276675 0.03564799498543501
0 0.6583418102292116 0.48493334567244506 0.03245967292769336 0.030596782132453627
0 0.6204107287082807 0.47745346628470076 0.04802100593149898 0.02948892319868044
0 0.5833126353243518 0.5261326586837111 0.053281508897248565 0.04368781551854859
0 0.4419819811797387 0.47094035649299776 0.03421317391627667 0.035329746239076344
0 0.5036914609137836 0.5651246140148452 0.04527800790866543 0.038772994985435
0 0.26484777270023196 0.27945285312778545 0.04059050790866543 0.03863660266556703
0 0.3244443127006695 0.48294391448969876 0.04559634288963732 0.046585494985435
0 0.36628164422160037 0.4903101336108865 0.045723676882026075 0.049710494985435005
0 0.3918281308757275 0.5527730296916781 0.045150673916276585 0.03564799498543501
0 0.4310697030051182 0.6046932308661772 0.04527800790866543 0.038772994985435
0 0.43513777908884155 0.6389091064929977 0.03434050790866543 0.03845474623907634
0 0.5820273665412714 0.615126962523777 0.05653384288963732 0.046903743731793845
0 0.5451202741459257 0.6591186549227874 0.053281508897248565 0.04368781551854859
0 0.5467809332334547 0.694965226709542 0.03960101087441501 0.05265363855894432
0 0.5757972711801761 0.6722718727903338 0.02321200692008212 0.03344899749271768
0 0.6522032622829276 0.7121861674591997 0.037338173916276675 0.035420674452321776
0 0.7057049470736191 0.6247938160472739 0.03245967292769336 0.030596782132453627
0 0.694772764260094 0.7015836365803872 0.03245967292769336 0.030596782132453627
0 0.7504325152486772 0.695282160795282 0.05053851087441501 0.05297188730530315
0 0.5024406842220379 0.6915734537482885 0.05567167984777566 0.06404577962517113
0 0.5211217000393686 0.6161188126820616 0.053281508897248565 0.04368781551854859
0 0.46921966593324915 0.7791560217741194 0.0534088428896375 0.04681281551854841
0 0.5672287430055556 0.8059565510035791 0.06179434585538672 0.061102636051661816
0 0.50452581315778 0.8702069191085524 0.06880834980971962 0.08003449247815268
0 0.3753012281768081 0.8817702079049236 0.06667284684397004 0.06592652837152997
0 0.24498632848081922 0.8051886390211628 0.06080484882113639 0.0751196719450391
0 0.23425571140807513 0.5706234224072576 0.05041117688202608 0.04984688730530316
0 0.15609090213026572 0.4589705200582597 0.039155341901054186 0.041716138558944314
0 0.15901297228249006 0.5213113956850803 0.053536176882026165 0.04993781551854859
0 0.05293011555268827 0.6352040626155546 0.05315417490485978 0.04056281551854859
0 0.14707009330956686 0.7378085738983258 0.0552896778706093 0.054670779625171306