0 0.4884923083123029 0.5544186113939972 0.04045997925407559 0.03949885200509069
0 0.5220869809276827 0.6063265567313607 0.041288773445216795 0.050436352005090515
0 0.6585241562423549 0.748415154081769 0.029499168466194804 0.059665901336727244
0 0.6419887742936312 0.8083259560789054 0.03648287427505359 0.04881930800445424
0 0.6092955960791742 0.8610236947405875 0.03792697510489074 0.047274989337999784
0 0.5822469213892019 0.8130947247374058 0.03648287427505377 0.04881930800445424
0 0.5288501568670548 0.8397930373965427 0.04429537427505377 0.04891021467218124
0 0.43701693176216405 0.7918907920512249 0.024101273445216797 0.050236357336090796
0 0.46448000354770685 0.8452885120544067 0.03373638257342364 0.033176126670908704
0 0.49557663819572284 0.8745311167249973 0.029877676764564674 0.044059082670272434
0 0.48826993321205664 0.6956975920591791 0.042472765146846926 0.0660613520050907
0 0.5780661390209154 0.685814609404815 0.0381637734452168 0.05039998933799979
0 0.5559650734591499 0.620770864735815 0.034801975104890734 0.047238626670909056