0 0.32927409469361424 0.14729910619201414 0.05104086829088228 0.04175239532659729
0 0.2497577729789593 0.09942334422416688 0.0787047933370248 0.05955814437666671
0 0.696000233647104 0.6964334693178824 0.09044332973421945 0.07231271751493065
0 0.5776975100221493 0.359803678664688 0.054165868290882456 0.04182513050895835
0 0.6151111790513122 0.6758287221676741 0.07880492288667433 0.06112064437666671
0 0.665062311840164 0.6153646540634032 0.07109255243632351 0.06250130642076393
0 0.5821670735603564 0.7460496499793408 0.021514054595791875 0.01922277868534721
0 0.6115541849114082 0.7420531342117712 0.039602720542635694 0.03368532218833344
0 0.6045217373477318 0.8027360610735073 0.06328005243632351 0.06231946846486096
0 0.5948241671742364 0.9070417013661116 0.0427277205426357 0.033758057370694414
0 0.6065021468161708 0.9431974069131949 0.0585529796419344 0.037246733282499986
0 0.5422732587855317 0.7443410264042365 0.05799177513842757 0.052835365691319504
0 0.48578222932816734 0.7757897417349657 0.059854663787375625 0.05755923328249999
0 0.4412218985142138 0.7256072505686808 0.06550388648947951 0.04832970364722229
0 0.45534256014212104 0.8242265885245835 0.06766716378737563 0.057741071238402955
0 0.4744454086932466 0.7084385875746531 0.06454216378737562 0.05766833605604162
0 0.1730996475913631 0.3761293549577432 0.060155052436323506 0.06224673328249999
0 0.1565851711886312 0.27667421561506955 0.05682979333702489 0.05904899810013893
0 0.6895940515042477 0.9944553018132816 0.058913925046142526 0.011089396373436955
0 0.6969526619324491 0.6504306382958338 0.053104016039128864 0.04960126291777769
0 0.5425526634736085 0.7973932912218753 0.07079216378737563 0.057813806420763926