0 0.8138702156894684 0.6202008894414041 0.04796613855894449 0.03804544000636341
0 0.8613900733696003 0.6160679201145401 0.046585494985435 0.044277258672817864
0 0.6039760416328581 0.7341253874124509 0.05269910266556703 0.039662484006999676
0 0.6260616417911427 0.7952992447485417 0.04644910266556703 0.03958975867281787
0 0.6976100328573696 0.8117514954248595 0.046585494985435 0.044277258672817864
0 0.7413600328573694 0.812260572764132 0.04663095909205772 0.045839758672817865
0 0.5457125637361818 0.852157224737406 0.04318771034569906 0.034865896005727134
0 0.5944683124825406 0.8636583460773146 0.058994566772189574 0.04129770934118149
0 0.6564454752563798 0.8464168494191323 0.046585494985435 0.04427725867281822
0 0.7595681267474479 0.9280582954328136 0.05288095909205772 0.045912484006999675
0 0.6555936805875138 0.9245054867520416 0.0401081744523216 0.036392033338636054
0 0.6340967653063923 0.9640856074156325 0.03886392319868044 0.047311352005090866
0 0.592994392186854 0.9472066427434509 0.04493206677218975 0.041134077339272324
0 0.583125298692487 0.9812021907025665 0.05279003087881229 0.03759561859486702
0 0.53711646522725 0.9324987054025877 0.04769335391920819 0.028670440006363408
0 0.537267229413015 0.964520864735815 0.051182066772189574 0.04120680267345449
0 0.5196872728282396 0.8971515514003606 0.041761602665567034 0.039535214672181594