0 0.5947634352634271 0.2940384130121832 0.05104228174358649 0.037479016039128954
0 0.7786415277948943 0.29169107032115377 0.052959979254075584 0.04226664558877822
0 0.7786065616130733 0.26107212599667984 0.059091580083912375 0.04110466378737563
0 0.49045352094641703 0.3548676866094513 0.043821777594401645 0.04479086829088228
0 0.5123499865035381 0.4803077776024377 0.05920997925407558 0.04266716378737563
0 0.4709787026853592 0.5082732888612047 0.04526587842423861 0.04332849784053163
0 0.4861408387832677 0.5775437230066458 0.046828378424238794 0.04342862739018098
0 0.5305294562098442 0.6133601094961255 0.05968357593472771 0.04891716378737563
0 0.5902228423077526 0.6854842358065724 0.05667697510489074 0.05027940468807692
0 0.5139913064149813 0.7072905821982296 0.04670997925407576 0.04186612739018099
0 0.7147007788205795 0.762544988427466 0.061127676764564674 0.04745479333702498
0 0.42257524625180043 0.587601041020673 0.04983497925407558 0.04206638648947951
0 0.431052442312397 0.4860886057954977 0.060772479254075584 0.04276729333702498