0 0.31546346845365125 0.18549846806401654 0.056318599050060314 0.06279266587924912
0 0.6551080653560051 0.3857489168907394 0.057635437584671045 0.05815972958157998
0 0.6082230992772029 0.34293642351416137 0.07489818068726599 0.08995536660488854
0 0.7052209300098976 0.3372097239696483 0.04735967887824373 0.04064484736759484
0 0.7022906818189198 0.2889631969278063 0.06627345318850324 0.044424611795565117
0 0.765203439620836 0.29378461698340663 0.03526911465389251 0.0480208377489479
0 0.7490251616925319 0.39416656289972263 0.05574538896415202 0.05185516587924912
0 0.8275562754419132 0.3688094096343453 0.05919793758467122 0.05821429328391083
0 0.8331677883322121 0.45517349556919473 0.05253850180902227 0.05018353847458741
0 0.7892097484181203 0.4457910610856241 0.04127345318850324 0.043551592558271325
0 0.7566185764372815 0.517112989578745 0.04719590456798421 0.03751984736759475
0 0.7356100356186787 0.5311035677090461 0.030752033016686654 0.021349210344286364
0 0.7423203810506942 0.5667409673462264 0.055581614653892684 0.048730165879249124