0 0.7935075288205466 0.8101315005570051 0.06792388555165925 0.04296929734245403
0 0.7714728417267599 0.8642831985598687 0.05410684740221221 0.05686816534054486
0 0.6657137654278661 0.8373945292409587 0.045994338473758486 0.03958975867281822
0 0.64924901421005 0.7961882739099586 0.04777502678536116 0.05210794000636341
0 0.5846643628300783 0.7820990492520947 0.05873980032431163 0.053797709341181485
0 0.434777411125795 0.8221166166056847 0.0761727621748646 0.06806020401018138
0 0.5299086789827024 0.7866416459261852 0.05572389448011279 0.0600113466740904
0 0.48136999310673173 0.8824995859325486 0.07740797970746058 0.049328385343726924
0 0.8877577297107558 0.4223945958784602 0.07910684740221222 0.05715906667727229
0 0.9078832690780188 0.47761789787559666 0.06512616801906326 0.0616829346753633
0 0.45089510917663034 0.6594620752705483 0.028588650162155817 0.026889764003817974
0 0.4828445385597793 0.6637768579328667 0.0652079886359143 0.0663704346753633
0 0.46248539976170927 0.756182533935412 0.0761727621748646 0.06806020401018138
0 0.3716615767092263 0.6791302326145934 0.07334777110331832 0.08521134134309047
0 0.7491434687537073 0.5325792125636866 0.134176176947517 0.07967041335136286
0 0.5437794533291365 0.1709802832590943 0.052407979707460584 0.04903748400699968
0 0.49437947118604386 0.13718708593254855 0.1011727621748646 0.06835110534690844
0 0.5634255259745823 0.07467744792332172 0.09653980925276535 0.07142156134627213
0 0.7740027414785834 0.18236103656114122 0.10109094155801372 0.06366360534690844
0 0.6814897333609086 0.06783600724064062 0.06975912094116268 0.05861247867599957
0 0.7430760698060721 0.11945250389882282 0.06696140340856668 0.07732611600890867
0 0.5685150316599205 0.5885763159214127 0.09821140340856668 0.07768974267981754
0 0.6059644387219352 0.6357871232495493 0.10388865909060954 0.04494996801399935
0 0.5897257840955524 0.6711251865850038 0.09484094155801355 0.06359088001272664
0 0.5669507573101912 0.7229422252546399 0.1011727621748646 0.06835110534690862
0 0.6604104310112973 0.693735435908686 0.10742276217486477 0.06842383068109026
0 0.6547138100701348 0.7516024799093224 0.08250458279171564 0.0728204293443632
0 0.7800740945661337 0.6400099045592322 0.10742276217486477 0.06842383068109026
0 0.7822660657521776 0.7829241105585959 0.10402502678536116 0.05276246801399935
0 0.567007484178278 0.8986871125875491 0.1046250446422686 0.08713746801399935
0 0.39924642897940715 0.3070097846117298 0.0917704886359143 0.06667951734563582
0 0.5023538380700167 0.26206890726450316 0.06167388555165907 0.04289657200827239
0 0.47989245698258437 0.2959171959341394 0.05227161201270878 0.04122498400699968
0 0.6896550150175337 0.18178032857259524 0.06970457386326175 0.05548747867599957
0 0.8418143896154394 0.7275548105506416 0.05860343262955965 0.045985209341181485
0 0.8053411014659926 0.7139195718889597 0.05232615909060954 0.044349984006999674
0 0.7301910970017657 0.7233860258991409 0.07902502678536116 0.05247156667727211
0 0.6861393137235827 0.8754303312380953 0.0569045649348082 0.03815452800763595
0 0.6334000974088028 0.8986956559118677 0.061592064934808025 0.03820907200827221
0 0.6735478104771719 0.9255666912396862 0.05057274431795715 0.03339430267345449
0 0.6785625929445759 0.9067621472390497 0.04593979139585791 0.036464758672817864
0 0.7183654326361504 0.9086422732336409 0.04125229139585791 0.0364102146721816
0 0.7107068912402926 0.9446615892345955 0.05690456493480802 0.03815452800763595
0 0.7578546266297961 0.9284911492282323 0.06167388555165907 0.04289657200827222
0 0.6698866168872681 0.5983320292409589 0.06329093262955983 0.04603975334181776
0 0.5846850969984704 0.2439268872533673 0.06329093262956001 0.04603975334181776
0 0.5464856676153215 0.23968482992523069 0.06337275324641087 0.050727253341817755
0 0.4249225389635211 0.35748195194145727 0.06342730032431163 0.05385225334181776
0 0.48210734212720646 0.07952912726768484 0.07902502678536116 0.05247156667727224
0 0.8995235239492827 0.6433065325430057 0.07732615909060954 0.04464088534372692
0 0.9429695608809137 0.615462795870506 0.06800570616851012 0.047656797342454024
0 0.7830293194023303 0.425956495226005 0.06630683847375848 0.03982611600890866
0 0.7440371830398922 0.6013746658975502 0.052271612012708954 0.04122498400699968
0 0.6374968567409983 0.5744950872454131 0.08072389448011279 0.06030224801081765
0 0.871414340508944 0.8217224338797328 0.06507162094116267 0.0585579346753633
0 0.8581018628300783 0.7789173158816418 0.056904564934808374 0.03815452800763595
0 0.33601835714803546 0.7521864719525931 0.0761727621748646 0.06806020401018138
0 0.861863836855496 0.6976400438813236 0.05062729139585791 0.036519302673454136
0 0.7098007305248301 0.772832042568459 0.06035684740221221 0.05694089067472685
0 0.8389014439969408 0.49169912655159626 0.08250458279171582 0.0728204293443632
0 0.812993508931749 0.45450820922186874 0.07902502678536116 0.052471566677272284
0 0.4280765868522007 0.2215353612746845 0.06342730032431163 0.05385225334181776