0 0.26580489826180764 0.2672946236547018 0.06893409057054053 0.040629308105551945
0 0.3080116689399721 0.28641065074300703 0.048985463606069854 0.04749573821317572
0 0.31167817038771417 0.23123299917143045 0.07144266046291677 0.061014582712657806
0 0.43509855376232565 0.25335205582924025 0.037756865177646405 0.040736315963434674
0 0.3857706418516669 0.24871590570540575 0.05799659057054054 0.0401198858558109
0 0.3950942919755014 0.29826214143738217 0.08961046360606986 0.04938787799792799
0 0.459306649295265 0.37141285111451056 0.06704625889134022 0.06704625889134022
0 0.5092488372607716 0.3222883004525568 0.05937930810555194 0.0698073858558109
0 0.5465434377561097 0.5204732433804622 0.041172963606069854 0.047131865177646406
0 0.5331209466474499 0.5837716100058508 0.06660961124870504 0.05767125889134021
0 0.4514685322555917 0.537872605043452 0.03833906203449331 0.05323631596343468
0 0.3641675853987449 0.521333614349077 0.08692211124870504 0.05861732878371626
0 0.3323225800220614 0.5907899356891951 0.05113016046291676 0.06006851282028158
0 0.33657774048497807 0.6486752102963009 0.05567211124870504 0.05716183664159917
0 0.40550967700274276 0.6557835430089588 0.06660961124870504 0.05767125889134021
0 0.45212996587787224 0.6524980312221345 0.050984611248705035 0.05694351282028158
0 0.48626521732561434 0.5987394844891221 0.04102741439185813 0.044006865177646404
0 0.5021856238595896 0.6727591813459689 0.07173375889134022 0.06726458271265763
0 0.5055311017336831 0.7111132059530748 0.07398546360606986 0.048660131926869354
0 0.520379159839235 0.7788465155063686 0.037756865177646405 0.040736315963434674
0 0.42782778680370576 0.7667403136871231 0.06595463978475227 0.043608758891340214
0 0.4267404758026697 0.8103447644729114 0.053600188998963995 0.04615156203449331
0 0.3632173231976358 0.7185168294028889 0.043172111248705035 0.056579639784752264
0 0.2981937907326471 0.7451114086008899 0.06580909057054055 0.04048375889134022
0 0.2532194309316842 0.6330994061196906 0.08492296360606985 0.04916955417661058
0 0.22389149586166157 0.572487237798891 0.09451628742738745 0.054293701819245574
0 0.34489547042598623 0.8774722983856421 0.06646406203449332 0.05454625889134022
0 0.45067243547979813 0.8722647216688404 0.03277826674922295 0.034267992142117266
0 0.28548192906965736 0.8404046379227255 0.06617296360606986 0.04829625889134022