0 0.6652709968767421 0.11992790387806825 0.05504202400410509 0.06476162252816073
0 0.38304937021691715 0.20171422737529424 0.05033634328594587 0.06130884059717552
0 0.2788522287263694 0.14444839457178885 0.03781816256778665 0.05730975544788164
0 0.661116845525441 0.6139674809815905 0.058094301131468205 0.05248014381548423
0 0.575865146755105 0.5916065259020259 0.06909543364502539 0.06418246832111621
0 0.40967304107432323 0.7510093870302204 0.07370112041330898 0.050447750252101645
0 0.8135474748175445 0.7737845134167787 0.05496930113146803 0.05226162252816078
0 0.7605810352205907 0.6630930318541106 0.04250566256778665 0.05763753737886681
0 0.7014696556338997 0.7042536273949647 0.044040891490547907 0.05305929802252862
0 0.696255435688129 0.7476212151421486 0.06428066861791067 0.041979686390131124
0 0.8595225292686625 0.6223748327266307 0.03620112041330899 0.047825494804219916