0 0.33064857345164433 0.22794910108622526 0.0566742052052021 0.06372166327441153
0 0.2664271787556685 0.18821489371385045 0.06641322625188958 0.07046298620519006
0 0.2181948051063801 0.15391181479017813 0.05932876834526431 0.08255355042954134
0 0.2554511523767221 0.2553990716875831 0.07945925782192056 0.08049308344622812
0 0.5332554468891713 0.47749764247065507 0.06796031570031094 0.09702548620519007
0 0.5137843810476861 0.5333725062200364 0.03921368942018653 0.058133404567984215
0 0.5608483678229192 0.6014331094539683 0.046282736775233244 0.07252345318850324
0 0.52802816254713 0.616474933289258 0.04877069994353036 0.06174972749876275
0 0.4700875889543113 0.5231244029861045 0.037651189420186526 0.058051517412854636
0 0.6345049466774098 0.695527268205824 0.04637374203690499 0.07408595318850324
0 0.5851643703125808 0.7498329879026707 0.04453822625188959 0.06931656603337366
0 0.5992947597468848 0.7906250842391976 0.06824874203690498 0.07523237336031982
0 0.6751061018261423 0.8140791943705343 0.05364021046687384 0.0651203889641522
0 0.6017896991670714 0.8469160278167625 0.07340667889684287 0.056809921980838854
0 0.5484070939336345 0.8183683039360442 0.06127069994353036 0.0624048247398008
0 0.5180062333679384 0.8614941841937689 0.06061825256024882 0.07794793758467122
0 0.5511218412322114 0.8918876910911739 0.06752069994353035 0.06273237336031982
0 0.6013493543863909 0.893173552127022 0.07322466837349921 0.05368492198083885
0 0.6661244859281872 0.9289605659218318 0.03939569994353036 0.06125840456798422
0 0.6014704517273202 0.9221616892821517 0.045934126280124235 0.03979284034363317
0 0.588492309591593 0.9549708672558843 0.055127115756780753 0.03715916327441136
0 0.49335703093474664 0.653555531434807 0.04720819994353036 0.061667840343633
0 0.4605753520379038 0.6019863873822724 0.05916216837349921 0.05294793758467105
0 0.5016084176676274 0.7683173942796774 0.062271757821920556 0.0795923247398008
0 0.42372925746898477 0.4268159690194781 0.06394067363517095 0.05475609905006031
0 0.40020772845920244 0.4938739942342488 0.06594278939195171 0.08913109905006031
0 0.3594392443148052 0.42626709237979804 0.05144067363517095 0.05410100180902226
0 0.367478528445085 0.5104783180695385 0.03746917889684287 0.054926517412854634
0 0.3642687704114029 0.6571862217330116 0.06896137357870132 0.11421298620519008
0 0.3086579943148051 0.42892842492151495 0.04408319994353027 0.06150406603337348
0 0.2563219495905944 0.4183494510407967 0.06347023677523325 0.07342421189493056
0 0.3245288341161624 0.08251377035353062 0.03728716837349921 0.05180151741285455
0 0.30181167093374794 0.10956427125804177 0.04582771046687402 0.06471095318850328
0 0.26393994461127124 0.1186017565587207 0.05602175782192056 0.07926477611928182
0 0.2587372341443973 0.05618364371385045 0.07384629465362354 0.0911030348257091