0 0.46429921456884105 0.3333535998469006 0.07405727711788863 0.07792868182494202
0 0.4361504486672165 0.03732617543633242 0.03863660266556703 0.040590507908665405
0 0.3992054119824163 0.33930516950483336 0.04235263605166182 0.061030341901054184
0 0.31298676715526585 0.31858415121604466 0.041943459092057725 0.046967841901054186
0 0.5845769591585648 0.4469770425462576 0.05743206677218975 0.04291701186299797
0 0.5486932834526018 0.4705445351318838 0.054670779625171126 0.05528967787060921
0 0.49783547710525344 0.4442247742574688 0.05673338479802066 0.07254084486680376
0 0.5944089487337235 0.5122982950177155 0.06307431301126591 0.07592051285158127
0 0.5383180731069028 0.5045375331547174 0.048375315518548415 0.0534725098858317
0 0.5188346357224575 0.5827434461965791 0.04368781551854859 0.053281508897248565
0 0.46480871377741834 0.6384231018240669 0.08719377461060632 0.10031301779449713
0 0.49085072506018934 0.7380384412536631 0.07593802586424729 0.0889298488211363
0 0.4430199449727998 0.4732782628887623 0.05623327962517113 0.055353344866803766
0 0.42930077428140184 0.5415507604173044 0.08365959765100203 0.08612318380210837
0 0.37695101260291936 0.5933878330409866 0.06450042069139794 0.07129667984777566
0 0.3211269099373523 0.6302219881741828 0.05811402837152997 0.06635451186299797
0 0.28839697796318325 0.5991656477560034 0.046858279625171126 0.054971342889637495
0 0.25718643039132344 0.6502997248283101 0.08080738229073817 0.09537084980971962
0 0.5549740948810222 0.9949264753226018 0.05564224623907634 0.010147049354796423
0 0.4055173156515625 0.9019470909496519 0.08214256175762476 0.08762201680591417