0 0.41494715665325205 0.36398683452386144 0.07180601581733086 0.07780134783255317
0 0.4678957431170988 0.3809634288963736 0.0503766847906915 0.0878475098858317
0 0.6040361729648744 0.44890695707099404 0.06061384783255317 0.07110567885919253
0 0.6199569447137043 0.552509459542452 0.04872134288963732 0.047222509885831696
0 0.6152495400747997 0.6092542080595772 0.06686384783255335 0.07136034684397004
0 0.6472927189339921 0.6682763809872705 0.05248301285158128 0.06297484387822046
0 0.6896340692380033 0.7503368058921305 0.047795512851581276 0.06278384288963731
0 0.6320589911771135 0.7729492935348408 0.05704317885919252 0.060040844866803764
0 0.6583204022418089 0.7475009659682426 0.02464717292769336 0.03064250494291585
0 0.6581134496938013 0.9680038545240801 0.04974001482874755 0.0639922909518397
0 0.5679036492760593 0.7297776136870651 0.0446068458553869 0.061094008897248565
0 0.5598882194282837 0.6670547792003847 0.05704317885919252 0.060040844866803764