0 0.8577938906365166 0.6623934039728813 0.04760697351689629 0.033867160144236054
0 0.9080124119238399 0.6643546410551033 0.045028276735205 0.04160692496187508
0 0.6189988244287575 0.7501161819926384 0.0539662341605581 0.03557513050895835
0 0.633126662428043 0.8178667264455551 0.046262994804219915 0.03695579255305574
0 0.707022984335785 0.8451000672512494 0.045028276735205 0.04160692496187508
0 0.7529364178759247 0.8526391571070133 0.04513753737886681 0.04316942496187508
0 0.5402014710942333 0.8654158333031592 0.04281021287323483 0.03219555737069442
0 0.5907859791400051 0.8838015041809719 0.05854447351689647 0.034121733282500344
0 0.6574818062435273 0.8752064477602077 0.04491901609154336 0.04004442496187508
0 0.7553344342195696 0.9652664436761451 0.04996714901126431 0.023002395326597026
0 0.6467571097139374 0.9568383074676037 0.038231973516896466 0.03364895459715278
0 0.6170367587252017 0.9794406592912148 0.0322333457929556 0.014789851823611144
0 0.5764281842195697 0.9694305328663191 0.04324725544788173 0.03844555737069442
0 0.5201564048864744 0.9480471485576384 0.04996714901126431 0.023002395326597026
0 0.5150918464723857 0.9763358027179511 0.05029493094224957 0.02768989532659738
0 0.5072140084731002 0.908439787900312 0.04157549480421992 0.036846689779513754