0 0.37195004445670077 0.31615806528486584 0.036194365177646404 0.039462489337999784
0 0.3025086856891951 0.3021142939608654 0.0573073858558109 0.05688634667409058
0 0.6800514888323483 0.2852144112428678 0.07071491439185813 0.04298747867599957
0 0.6846362890800173 0.3836519112428678 0.05247433664159899 0.05370680267345431
0 0.8361667098820161 0.4483309345560505 0.047131865177646406 0.03958975867281787
0 0.8508371395753553 0.5786996872215505 0.05189213978475209 0.04120680267345413
0 0.8331445254311662 0.6351860445576414 0.04393409057054072 0.03799089600572714
0 0.806145377788531 0.626120127227914 0.04927656203449331 0.05210794000636341
0 0.7741676317174725 0.6108587538988228 0.03910104135632882 0.03481135200509069
0 0.6207493792362732 0.572778593252731 0.035539393713693815 0.025399989337999786
0 0.6206274088057777 0.6540740465865946 0.0356121683207995 0.026962489337999784
0 0.6475366652159185 0.6779928045830947 0.03604881596343468 0.03633748933799978
0 0.6163958271265773 0.6807001812540037 0.0356121683207995 0.026962489337999784
0 0.6407066224118475 0.6991774612508219 0.035539393713693815 0.025399989337999786
0 0.6469052725356821 0.7483507579169584 0.04927656203449331 0.05210794000636341
0 0.5412695485905299 0.6956444759309577 0.04037244292790554 0.028579533338636054
0 0.5494288050006707 0.7197814099300033 0.035976041356328994 0.03477498933799979
0 0.7255910446615885 0.709133169239368 0.034704639784752266 0.04100680800445442
0 0.7451907611631425 0.6432445399029589 0.03121576674922295 0.03315794533736351
0 0.7023804846940098 0.8485411145767314 0.042517139784752266 0.041097714672181596
0 0.7261283538005977 0.8717149852403224 0.07718323821317571 0.04774770401018138
0 0.4740265064056316 0.9637592239417753 0.05047518899896399 0.04431362133990859
0 0.486342415835091 0.9260955919398665 0.036194365177646404 0.039462489337999784
0 0.4296921554960088 0.9181563699475024 0.047131865177646406 0.03958975867281787
0 0.6025024551245053 0.7684092665897764 0.027872442927905538 0.02843408267027243
0 0.5932686962331651 0.704419491923958 0.04455052067816449 0.0176965773392725
0 0.6071878010717293 0.7347427912555945 0.062975188998964 0.04445907200827222
0 0.698878687341825 0.6390933892425495 0.05821491439185813 0.042842028007635945
0 0.6851950229499668 0.5970422492441404 0.06475601282028158 0.04916475334181776