0 0.49681269711080017 0.2684871714063627 0.055608012851581276 0.06279266587924912
0 0.6020095330803553 0.25964293946253003 0.05404551285158128 0.06273810217691826
0 0.5388927677573161 0.3301984869227921 0.052610346843970035 0.06580853847458741
0 0.5713577578714844 0.37827388837407094 0.052228344866803764 0.05643353847458741
0 0.666166239088404 0.4707739016209148 0.03803851087441501 0.052817465153609786
0 0.10833915163597414 0.47085319173996476 0.032841674904859806 0.04015377404661713
0 0.07286327216875933 0.6886756088003402 0.0366033448668037 0.055887901451278844
0 0.08307391889899865 0.783697932121318 0.053536176882026124 0.050238102176918174
0 0.09764309627531638 0.7333531917399647 0.04071784190105419 0.041989092558271324
0 0.13648542038187342 0.7785218480005669 0.044224843878220545 0.05147321996293321
0 0.17384084034381733 0.7641790950053421 0.0367943458553869 0.06057540145127884
0 0.1543016145641051 0.6484896076192138 0.034340507908665385 0.0386458377489479
0 0.25946000536284536 0.7749925986335392 0.029716674904859807 0.040044646641955416
0 0.2245783279865276 0.8246280108845913 0.0477318458553869 0.06095734736759475
0 0.3758901130812303 0.6632689033501954 0.036667011862998145 0.057450401451278665
0 0.3167114312562883 0.7331796100662846 0.042726010874414924 0.05298115626060227
0 0.26651245448799293 0.6211136304847047 0.035422846843970034 0.0652083377489479
0 0.37927905133196294 0.5608978714990299 0.03497717787060939 0.0542708377489479
0 0.2819384777196975 0.5113393264010206 0.05611734882113639 0.07529266587924913