0 0.5280805899662961 0.25787404899016886 0.040961343285945875 0.05804884933607006
0 0.4647266170936593 0.24574220853289336 0.04565793364502539 0.0596386204133089
0 0.5217528010332723 0.1102496152469475 0.04405907220870695 0.05337953005422928
0 0.4798920330792914 0.033824512394836005 0.04415906615858276 0.06764902478967201
0 0.5934369034926004 0.07701895872928508 0.06915906615858276 0.07071247579950317
0 0.5773260901626879 0.12789565749962106 0.04569429508134384 0.0658886204133089
0 0.5910164063212707 0.19813088944744434 0.04405907220870695 0.05337953005422928
0 0.6430465389330239 0.14392011241827712 0.029942030054229286 0.04392271682251274
0 0.7279028070833965 0.09186218784843794 0.08491133118569749 0.09267837939029937
0 0.7189505087805987 0.16457298000291565 0.034629530054229286 0.043949987899751616
0 0.7278124243734474 0.21061673302797773 0.04405907220870695 0.05337953005422928
0 0.6457266322189698 0.20171897687965767 0.059774975799503235 0.06909543364502549
0 0.6764680929913582 0.24841671487760514 0.026853391490547728 0.05015453610435348
0 0.6793299934588964 0.3374655793389857 0.03936248184962743 0.05178975897699045
0 0.7193328247427898 0.36457752518245545 0.04874657220870695 0.05340680113146821
0 0.7859249062230748 0.2618428897420319 0.040852258976990366 0.039298849336070064
0 0.8269498820225781 0.33035654040596185 0.04569429508134419 0.0658886204133089
0 0.7506600927949665 0.3776769680008631 0.04569429508134402 0.0658886204133089
0 0.8023589481811608 0.4008144861512357 0.04256929508134384 0.06587043969514976
0 0.7439788216195318 0.4378741246167214 0.033030668617910666 0.0376908975406721
0 0.6715361950579029 0.47501557631392366 0.04714771077238851 0.04714771077238851
0 0.7177390293668582 0.4934974107210749 0.029978391490547908 0.050172716822512696
0 0.6304162913689109 0.5244752208295335 0.03936248184962743 0.05178975897699036
0 0.563769667734148 0.617834856269957 0.05198974687674216 0.07373748184962743
0 0.4090003545024315 0.6046723018188391 0.06915906615858276 0.07071247579950324
0 0.533699851771957 0.41800302791293 0.033176114363184794 0.06269089754067192
0 0.5129282886384363 0.339214952580965 0.0457670179539809 0.07838862041330899
0 0.49011802341492994 0.44716380796715927 0.04729315651766246 0.0721477107723885
0 0.3473891261688455 0.2206427354638647 0.04569429508134402 0.06588862041330898
0 0.29719018003078823 0.455317717313492 0.06460792154477701 0.09412270472226432
0 0.3318197100850175 0.4988677294137405 0.042451120413308986 0.04555793969514958
0 0.22858614665690918 0.615097238292535 0.034629530054229286 0.043949987899751616
0 0.18768441158582796 0.7020568828081449 0.06137383723582168 0.0753545240041051
0 0.19884410450243148 0.6058949551150479 0.04569429508134393 0.06588862041330898
0 0.12219524609117512 0.591496632709949 0.05039088544042358 0.06747839149054773
0 0.7758247610200939 0.6744156126146688 0.04405907220870695 0.05337953005422946
0 0.7027554205628184 0.7381241094914108 0.05198974687674198 0.07373748184962743
0 0.6166911764165508 0.8511286244203298 0.09131586729005078 0.11927724082661798
0 0.5517519776462149 0.8350996243221338 0.05507838544042354 0.06750566256778683
0 0.45596275467538205 0.8880024314055301 0.05049087939029935 0.08466589149054755
0 0.4462701129884426 0.9677490187395478 0.03627384328594587 0.05802157825883114
0 0.4999627395500716 0.930716651351301 0.040961343285945875 0.05804884933607006
0 0.7275968601597722 0.845014458925677 0.0723931504675381 0.08948065651766228
0 0.3704105531745716 0.6861495607958297 0.03936248184962743 0.05178975897699054
0 0.8468316317279904 0.5247787060970064 0.042569295081344195 0.06587043969514976
0 0.5544208970496927 0.3538178080653552 0.05039088544042354 0.06747839149054773
0 0.610965812838933 0.26989225995894905 0.06915906615858276 0.07071247579950324
0 0.6084862283335859 0.3808479406771083 0.05198974687674216 0.07373748184962733
0 0.6230441529034252 0.4659223774453918 0.03776362041330898 0.045530668617910844
0 0.5774094660369459 0.5450967930382404 0.050345433645025396 0.059665891490547907
0 0.5247884600850174 0.4977450700674077 0.03787270472226432 0.06428066861791085
0 0.6952014749157405 0.6483212661072691 0.04565793364502539 0.05963862041330899
0 0.7960468783101449 0.7930519831261736 0.06141019867214013 0.08160452400410509
0 0.3735304871141847 0.5509705848981306 0.042569295081343925 0.06587043969514976