0 0.3342689347535105 0.30130139475791634 0.04208934091247105 0.036883057370694416
0 0.2753634614452562 0.1762299659963192 0.02710101087441492 0.05214438145888893
0 0.26027833642666565 0.3740498701566317 0.03896434091247105 0.036810322188333355
0 0.27911061357552197 0.6397651359242011 0.044543178859192525 0.05879442496187508
0 0.2596311017125238 0.6964151794271872 0.027292011862998143 0.056831881458888844
0 0.20182391889899867 0.7742505451185068 0.0274193458553869 0.05995688145888885
0 0.4145255542605315 0.9175965823532287 0.03928267589344294 0.044622822188333446
0 0.3882840478347408 0.9486472138121176 0.02652800790866543 0.0380818814588892
0 0.3163599682909763 0.9323695568020135 0.0362850098858317 0.04767508700597247
0 0.37140158984952576 0.7500103452710066 0.03405134783255317 0.06947735182361114
0 0.44874533984952575 0.748210149507569 0.03383117193911023 0.02576371941479181
0 0.40348191939329026 0.7672153758562149 0.0325870069200823 0.03353985182361115