0 0.19572815831694731 0.7423834513586115 0.04296967261537974 0.052926592558271326
0 0.11195680956170277 0.7371205432839109 0.03385478174358654 0.03546627404661713
0 0.5327913730488758 0.8203844881039185 0.08177206348717299 0.07142362141421188
0 0.8226314325873567 0.6248016919096008 0.08177206348717299 0.07142362141421188
0 0.8275995846573047 0.43329623818873647 0.04921967261538 0.05314484736759475
0 0.7800267676456467 0.46358144971414905 0.05629846680652086 0.06430060217691817
0 0.6711002083076585 0.3834177453603126 0.08042305103961844 0.09475199400955017
0 0.8641738568531216 0.2989956492586622 0.0863411643170103 0.07002481252120454
0 0.9674620323682864 0.3323934810171603 0.0650759352634271 0.09146330290255769
0 0.9812518452307597 0.26993068655212316 0.03749630953848069 0.06123016587924912
0 0.8603752732447241 0.36197679889584244 0.07445647095570607 0.05714286660488854
0 0.8805120197202392 0.46319455851448926 0.07997276514684692 0.0682440577118811
0 0.9522686205500761 0.46414198882170865 0.06363737012586874 0.05832342068857255
0 0.9332888645267914 0.1931028025240395 0.08920605518880328 0.08726687622353539
0 0.8832128124614878 0.5708160855563313 0.09810745850815117 0.08134425843752044
0 0.7121172172307283 0.4619891786627569 0.06879846680652087 0.06473711179556503
0 0.557395673664287 0.5384003673226787 0.07564046265733601 0.07276786660488846
0 0.7214661385967082 0.3282962249418926 0.08764355518880329 0.08721231252120454