0 0.5235404602257 0.2296875 0.039798885551659245 0.0421875
0 0.6125950519458694 0.31875 0.03223184740221221 0.05625
0 0.6041746258091313 0.3734375 0.03829093262955983 0.0453125
0 0.6427695215070601 0.39140625 0.04179776217486477 0.0671875
0 0.4601536647693571 0.4921875 0.045059129869616396 0.075
0 0.5043127678536121 0.515625 0.05278980925276535 0.0703125
0 0.5525048060030591 0.5015625 0.033685253246410876 0.05
0 0.5732536826262645 0.5265625 0.035275026785361166 0.0515625
0 0.5567071107915975 0.56328125 0.03368525324641105 0.05
0 0.5152735872526473 0.56171875 0.04325116801906326 0.0609375
0 0.49710996834007953 0.5953125 0.050900026785361166 0.0515625
0 0.5102508965054126 0.63203125 0.035165932629560005 0.0453125
0 0.45535884496328494 0.6203125 0.03840002678536116 0.0515625
0 0.5672003258885615 0.62734375 0.04147047970746058 0.0484375
0 0.6113867025117669 0.65234375 0.049337526785361165 0.0515625
0 0.5877406968297241 0.68515625 0.02886138555165907 0.0421875
0 0.5976611676087309 0.71640625 0.03031479139585791 0.0359375
0 0.5653980925276529 0.703125 0.030423885551659247 0.0421875
0 0.5482963672844192 0.66328125 0.035165932629560005 0.0453125
0 0.5230196777550006 0.6921875 0.035165932629559825 0.0453125
0 0.5284162897677095 0.7328125 0.016415932629559826 0.0453125
0 0.5137225442319363 0.74140625 0.036728432629559826 0.0453125
0 0.5260004017804183 0.7734375 0.03998980032431163 0.053125
0 0.5607339119266881 0.74921875 0.04470457386326192 0.0546875
0 0.5814418782414679 0.771875 0.027571620941162677 0.0578125
0 0.482922557624617 0.7671875 0.030805715096963837 0.0640625
0 0.44413674715403567 0.73828125 0.03522047970746058 0.0484375
0 0.5001197402541768 0.8125 0.028915932629560003 0.0453125
0 0.5158811079489285 0.8203125 0.03522047970746058 0.0484375
0 0.5336822625753112 0.85546875 0.035275026785361166 0.0515625
0 0.4914538522668856 0.853125 0.04980117694751698 0.078125
0 0.4768322447184037 0.82109375 0.02718979139585791 0.0359375
0 0.4373294139552829 0.840625 0.02886138555165907 0.0421875
0 0.4638470495069421 0.8828125 0.025954573863261922 0.0546875