0 0.6917440116520679 0.28750361724223145 0.07065098960843982 0.07263861600890867
0 0.7203610485267318 0.18239794657068625 0.05873014381548423 0.05844884667409058
0 0.6556487024816745 0.0955797465786404 0.09310514381548422 0.058848836012090365
0 0.6539494446880043 0.14954963124604945 0.04212179802252862 0.044204533338636144
0 0.7771955565725033 0.20128375922982294 0.09310514381548422 0.058848836012090365
0 0.833631226871091 0.2256474125557324 0.07086951089576346 0.07576361600890866
0 0.6530742676041527 0.47247860124923113 0.06265281930985207 0.04756589067472703
0 0.6640171214428798 0.5059723539147312 0.040089404459146036 0.059793170671545326
0 0.7119247437189392 0.4866496419080496 0.08362088317182241 0.05717724801081765
0 0.705882193350622 0.5344149799093223 0.0653079257464693 0.06320907200827239
0 0.8373507146379456 0.536012747891505 0.07915190445914604 0.06024770401018138
0 0.8846791827069603 0.5307707172183689 0.07479218639013112 0.06488066000954493
0 0.800566262660474 0.5802263718969138 0.07893338317182241 0.05712270401018138
0 0.7442562784999159 0.5464786279042316 0.07046531930985207 0.047656797342454024
0 0.8629520121562709 0.4325059398870506 0.06076253737886681 0.04286020934118149
0 0.8961244171196199 0.6385377638845053 0.05371486188449879 0.05370680267345414
0 0.8344874306132735 0.696332629893414 0.08394866510280749 0.06186474801081765
0 0.6451303636492098 0.5601422332511401 0.06076253737886681 0.04286020934118149
0 0.546660012660474 0.5831808385980486 0.049245883171822415 0.05677725867281787
0 0.49193430783301106 0.5720893446053664 0.06788662252816077 0.055432934675363296
0 0.47117369360272365 0.610643314608548 0.08158848960843983 0.07276588534372692
0 0.7493858109351041 0.6981047625716407 0.0815120799535137 0.04934656667727211
0 0.6508990344520006 0.7320899585853219 0.06545003737886682 0.042914753341817755
0 0.6571436806132734 0.698396211250822 0.05574725544788173 0.03811816534054522
0 0.6582523485660726 0.8148842772517764 0.05662134059717552 0.05061816534054486
0 0.29200427171465193 0.8996801846355924 0.049245883171822415 0.05677725867281787
0 0.2574328937386096 0.8078199486394103 0.0653079257464694 0.06320907200827222
0 0.30259792826748483 0.7940023492998197 0.07290190445914586 0.060174978675999566
0 0.3563945536456372 0.9036222499602291 0.06788662252816077 0.055432934675363296
0 0.5376231382907279 0.7670291272676848 0.07511996832111638 0.06956816000954494