0 0.23033770535443604 0.39401257865161465 0.05833069724005639 0.030023843285945873
0 0.14528659537032207 0.4452937984009937 0.049037517856907485 0.03465680113146803
0 0.6040888510523649 0.40980873283158603 0.053643197240056395 0.02999657220870695
0 0.5611025101429744 0.4538132628858154 0.03996252678536116 0.05178975897699054
0 0.6725467504037418 0.30314966667300325 0.06967730032431163 0.05352497579950315
0 0.4899524387153445 0.31671323868531853 0.04125229139585791 0.03617384933607006
0 0.3674461931795714 0.3260205818730685 0.08373980032431154 0.05360678903121974
0 0.4608315491032003 0.5731586814055303 0.049010244317957155 0.03309430113146803
0 0.39272247726853327 0.6102774072050334 0.036455697240056484 0.02989657825883114
0 0.35679861403800844 0.6112677354638647 0.03694662094116259 0.05802157825883114
0 0.31695486403800843 0.611499539620395 0.04286933847375849 0.039307939695149584
0 0.33798615868027715 0.6973234101318997 0.06970457386326193 0.05508747579950324
0 0.264652024346434 0.6141478166495621 0.041170470779006776 0.031486349336070064
0 0.21441624512544077 0.6456932533196497 0.038236385551659244 0.04240566861791084
0 0.12417702881066081 0.6235596989667277 0.047638659090609534 0.04402271077238851
0 0.13476570129395093 0.6930364068122501 0.08047843262955982 0.0457761083130606
0 0.19831968668345434 0.7082932472695255 0.08020569724005644 0.030151108313060428
0 0.21384527515721286 0.7472693888582691 0.10723184740221221 0.056868144417413904
0 0.46943853043221856 0.8872030006873711 0.03322160308425524 0.023628397540672096
0 0.16285374512544076 0.6459932351692771 0.05243525324641087 0.05029998184962743
0 0.4471544273479635 0.8638927657144858 0.05057274431795715 0.03310339149054755
0 0.38915101257531115 0.8532916090004316 0.0662795649348082 0.03788179508134384
0 0.3756612568932683 0.8861859222321481 0.06614319724005639 0.030069295081343837
0 0.37161468505860124 0.922931943309387 0.0897170649348082 0.038018150467538446
0 0.4315391099775233 0.9093007144848217 0.08036933847375849 0.0395261083130606
0 0.43538685875970734 0.9506887837666624 0.07104888555165907 0.04259656615858276