0 0.6900298206796341 0.41548620089527544 0.04804265785015538 0.04845734736759475
0 0.8327703285015546 0.4968775885515562 0.05981461575678075 0.036393856986241604
0 0.800404420510225 0.5971032778444503 0.051258663111827474 0.05012897477225664
0 0.8564863624906602 0.7300447526167068 0.05456567363517095 0.05336310217691818
0 0.8519045492800108 0.7852406841050525 0.07295165258848364 0.04776786660488845
0 0.9002811360975965 0.8126588451749782 0.050439615756780395 0.03606647477225664
0 0.7922117598880591 0.6973934545234725 0.057872684158514785 0.05659722958158007
0 0.803308154584035 0.7406623048862923 0.03739358418674961 0.02625496515360979
0 0.7539374861399487 0.7631077345605395 0.04804265785015538 0.04845734736759475
0 0.7514109965927052 0.8402059479000507 0.03922909997176518 0.030997028855940557
0 0.6813399622506638 0.9757590127835079 0.05383763154179633 0.04086310217691817