0 0.3057034653087284 0.17766827729154738 0.049019302673454224 0.05056362133990877
0 0.6000159919637289 0.2601695052514583 0.05970226400381797 0.02881589067472685
0 0.880591093252731 0.5834230025461874 0.05835794000636341 0.047547709341181486
0 0.8055820025859584 0.5850769565563687 0.044277258672817864 0.0458215773392725
0 0.717172935908686 0.6642201112349136 0.06942270934118148 0.05861247867599957
0 0.6761297652371407 0.7006303259070952 0.041097714672181596 0.041097714672181596
0 0.75694341323205 0.737184896562732 0.0442227146721816 0.041134077339272324
0 0.8053900038988229 0.7358400252228232 0.05841248400699968 0.05223520934118149
0 0.8652553525620957 0.7601400438813236 0.056722714672181596 0.04127952800763594
0 0.758178101885778 0.8324701245624139 0.030069308004454242 0.03315794533736351
0 0.7209053685550961 0.8133752265675046 0.04892839600572714 0.04275112133990859
0 0.6732849338797328 0.877983166573868 0.03780908267027243 0.02699885200509087
0 0.634349703214551 0.867500199912504 0.05841248400699968 0.05223520934118149
0 0.4934161678867325 0.8285206105983669 0.04874658267027243 0.027126121339908594
0 0.45953206389245943 0.7867330999363665 0.05506930800445424 0.03344884667409058
0 0.6892548318746421 0.9152922625716406 0.050509077339272325 0.04433180267345449
0 0.6447963072088239 0.909560430577686 0.04271475867281786 0.04580339600572714
0 0.7364838205363242 0.9514564818985047 0.09623974801081765 0.080796561346272
0 0.6448503038670061 0.9720513399109132 0.0942227146721816 0.041715880012726816
0 0.6672483979551384 0.32265986724223145 0.04620338534372692 0.07708975867281787
0 0.626932480625411 0.29657008191441303 0.08372156667727229 0.07908861067790855