0 0.5712332306712771 0.8198008421305018 0.04397725897699054 0.039826159090609534
0 0.6541294846782977 0.1612559107187579 0.028252265027114733 0.022365923701106107
0 0.7346730410743232 0.7099058705407161 0.03932612041330898 0.045994338473758486
0 0.7197843601597722 0.8367411059302196 0.06266362646343318 0.029215941558013724
0 0.7160780980595238 0.8711842897775952 0.04864657825883114 0.036782979707460584
0 0.6724599082661783 0.8946041988682047 0.045530668617910844 0.03829093262955965
0 0.7598508239572228 0.8743268806869858 0.0392352168225127 0.03036933847375849
0 0.7506258148820366 0.9002717719206877 0.034556807181592396 0.03185001785690744
0 0.8105866221618248 0.8656279906710997 0.03299430718159222 0.03182274431795697
0 0.8449070800073472 0.8556529728141923 0.03155907220870695 0.053670470779006864
0 0.5071752758508168 0.8217003072274658 0.045521578258831144 0.036728432629559646
0 0.5323888992891879 0.8579826806042604 0.042469301131468205 0.04917388555165943
0 0.48555935108458587 0.8666133867727706 0.0455033975406721 0.03360343262955965