0 0.22422344701786384 0.1569419265437752 0.06359113855894431 0.03859094155801359
0 0.13839960728442055 0.15453572118604392 0.04001724623907634 0.03349433847375849
0 0.13376593157845768 0.17960390503341975 0.036801318025830906 0.03031479139585782
0 0.19412911856719162 0.2519504634754061 0.055960494985435094 0.04470457386326192
0 0.27638299208244116 0.08185042329736432 0.06069345909205772 0.04634889448011292
0 0.2290055384006598 0.02167835673770307 0.05761392319868044 0.04335671347540614
0 0.4819423894833812 0.5850361043053665 0.044704746239076346 0.033576159090609535
0 0.5143684445770884 0.5977446099874093 0.035284282132453625 0.03185001785690744
0 0.4706950009244368 0.6227133823085437 0.03569345909205772 0.04591251785690744
0 0.3920782559390018 0.6678134224865854 0.04153428213245362 0.03195911201270896
0 0.42131111487277495 0.682920225246529 0.03859113855894449 0.038154564934808025
0 0.44913223799231317 0.666036688314898 0.03376724623907634 0.033385244317957155
0 0.5037742738856904 0.6666446144516361 0.040108174452321774 0.03661933847375849
0 0.5065666532734348 0.7048576806042602 0.05426160266556703 0.03998980032431163
0 0.43896997631383067 0.720092942779125 0.05564224623907634 0.03376707386326192
0 0.5040350351684616 0.7650275673737355 0.03560253087881229 0.042787517856907445
0 0.3283758056224326 0.7907384537361735 0.0512729949854351 0.04462275324641087
0 0.39685302098269654 0.7989134180223585 0.055960494985435094 0.0447045738632621
0 0.3375773093833563 0.8233736757329962 0.06547188730530315 0.04955571509696384
0 0.5653853752976162 0.615594583202048 0.048147994985435004 0.044568206168510115
0 0.6019450009244368 0.6204224050367151 0.04024456677218957 0.04130683847375849
0 0.6484933919906636 0.60399283563768 0.05127299498543501 0.04462275324641087
0 0.6097203970052286 0.6483974005724882 0.029079746239076342 0.0333034237011061
0 0.5473567893250966 0.6448008421305017 0.044522889812585474 0.027326159090609536
0 0.5468566841522471 0.6619883421305017 0.06368206677218975 0.041715941558013725
0 0.5828707404995955 0.6855661639651688 0.049755959092057725 0.046157979707460585
0 0.3215624821198183 0.4613373258951521 0.03863660266556703 0.0397170649348082
0 0.5040507216949771 0.522962798299012 0.04796613855894431 0.038318206168510116
0 0.5187437075092121 0.5547213129095085 0.04305131802583091 0.03042388555165907
0 0.43817801761748426 0.6131298766265008 0.03353992570596294 0.02557274431795715
0 0.42570910985821 0.6391156781686282 0.044704746239076346 0.033576159090609535
0 0.2621550752184739 0.6513407629889387 0.056096887305303156 0.04939207386326174