0 0.17117801851950348 0.43240082146044045 0.10309028366526399 0.049072665083433976
0 0.18404509546867825 0.332892144391219 0.10423612141421197 0.08188516508343388
0 0.22141117541307792 0.2714533553816384 0.0875744110699257 0.05137879353213641
0 0.2740053742398008 0.625632922319523 0.11026786660488855 0.075962713703953
0 0.2835316524627691 0.7114442695605611 0.10374504809323426 0.06782266508343397
0 0.30740317288118923 0.767482907620202 0.09544147477225647 0.05335072930778502
0 0.19455843249983604 0.7490460888732949 0.08625001324684396 0.1027775192218769
0 0.44884662841615197 0.7514152515818797 0.08381449400955035 0.07769563206674715
0 0.4050668573647598 0.8172139919709412 0.11079365626060227 0.04635710085908258
0 0.5037573285088193 0.8599547698992452 0.07378472958158007 0.05845430913596843
0 0.7151239367610053 0.5673522693334185 0.027762901451278844 0.035767081637205676
0 0.4675470762313846 0.3727956066248338 0.13910219473518967 0.09774918249628843
0 0.5018550996450295 0.46616714834794787 0.1074702488188736 0.08517393939369348