0 0.20141113660289173 0.5102483571929219 0.04743201089576328 0.07795003737886681
0 0.15534488375290015 0.5627670698140552 0.052010250252101556 0.0767153193098519
0 0.25821242968174174 0.36034654618094314 0.05179172896477811 0.07359031930985208
0 0.28616283103879453 0.4321722696978396 0.05499313861970414 0.0971370799535137
0 0.23571970666904846 0.24415346362953932 0.04266810124083733 0.054294016091543364
0 0.3513339989915938 0.3197540331914929 0.0495079631253363 0.1076375373788668
0 0.4224441744859616 0.3357175227999328 0.05499313861970414 0.0971370799535137
0 0.4686032624852471 0.2706441798569687 0.040635707677454745 0.06970049480421991
0 0.4802020441641308 0.3405414166154169 0.061133877976042326 0.09601162252816069
0 0.5174124670606086 0.33607779174146774 0.07628898441265974 0.11261996832111638
0 0.607338344532448 0.39732093036117183 0.04754127153942491 0.0795125373788669
0 0.6473077806704775 0.40953670709637696 0.05611859604505724 0.09099634059717551
0 0.6634733660718728 0.3243094012801782 0.03951025025210164 0.07584123416055819
0 0.5131787991078094 0.452757193350622 0.05280792574646931 0.0658870799535137
0 0.5956363840050016 0.5197586590738483 0.058150989608439826 0.07558986188449897
0 0.6887033229930228 0.4799473960843981 0.04721348960843983 0.07482503737886681
0 0.7010669291775387 0.5389071328428463 0.040635707677454745 0.06970049480421991
0 0.5249143385803631 0.5768338317182247 0.04910377153942491 0.07962179802252863
0 0.46425035416770344 0.6809314698337257 0.05302644703379293 0.0690120799535137
0 0.620205059247268 0.6062642416252522 0.04565098960843983 0.07471577673520517
0 0.25370171219380466 0.9637500516288249 0.06083894703379285 0.06955838317182242
0 0.1136547744662912 0.6312931946880044 0.03954310124083724 0.054075494804219915
0 0.03620176382262946 0.6274472928267485 0.042198207677454615 0.06980975544788173
0 0.6606397630663248 0.892502026406229 0.044525532183086726 0.08085651609154354
0 0.7170200750867097 0.6475772924977724 0.05800887797604233 0.09579310124083733
0 0.6733193515698134 0.6774943854407364 0.06193155347041017 0.08518338317182242