0 0.4902742604835746 0.5427019928754524 0.04871690468807692 0.05549972749876275
0 0.6985979002122568 0.5372686216628392 0.041165220542635696 0.034859678878243726
0 0.7070357541620531 0.3165809854122206 0.07684190468807692 0.056973696291098365
0 0.6037138016611312 0.6483112630018404 0.04997901603912887 0.05089411465389269
0 0.6282725131044682 0.6791861267512218 0.06404151603912886 0.05163109905006032
0 0.5210514959856052 0.6463149937799636 0.05260336829088228 0.04324538896415202
0 0.42854382093946264 0.6243370952048731 0.06570414558877821 0.05327548620519007
0 0.4504374097729807 0.6986753539113003 0.06328005243632351 0.06404921189493056
0 0.417704055361759 0.746791949343316 0.06726664558877822 0.05335737336031983
0 0.4142879611295701 0.7785365943003619 0.05572836829088228 0.04340916327441171
0 0.3541119247323755 0.7629248824054313 0.046653756939830336 0.04760534034363317