0 0.5646595524049569 0.2575149550716267 0.07055469468185845 0.06015873920022674
0 0.285676978670964 0.30000995680090725 0.10418624203690499 0.07536707694917481
0 0.26393775753957194 0.3818948738612827 0.07873121572854576 0.06668155771188111
0 0.18666960224966522 0.40726440689357446 0.05401964206513989 0.043988102176918176
0 0.21420088097709886 0.6390054802145521 0.0586007262518895 0.06909722958158007
0 0.280060370383168 0.712254496456621 0.06982665258848364 0.04765873920022692
0 0.320305938784902 0.7339310890148922 0.07836719468185845 0.06043155771188111
0 0.28404919134515083 0.8075124327542902 0.08837923151356133 0.07169643992586643
0 0.33886549396186927 0.8250198804847045 0.06394067363517104 0.053690484390903494
0 0.34081440181202477 0.8718675986335391 0.06394067363517104 0.053690484390903494
0 0.38748573350911275 0.7495312963639538 0.07496917889684288 0.0556349303072194
0 0.4365301782615584 0.734871084838541 0.08203822625188942 0.06991568511654264
0 0.46527680454168274 0.7732986677781657 0.0649571420651398 0.04437004809323426
0 0.43932822554601786 0.8230704892850447 0.05621917889684287 0.05498016587924894
0 0.42638788076533735 0.8686186022617364 0.06541216837349921 0.05218254809323426
0 0.4589189306806327 0.9586359670525262 0.05750866311182747 0.05034722958157971
0 0.3606480306523979 0.97899307395395 0.06394067363517104 0.042013852092100026
0 0.21183182807803166 0.9196007157865818 0.07404371572854576 0.06651786660488881
0 0.4790431729292993 0.8088641455456471 0.08819722099021768 0.06857143992586642
0 0.5311748203266984 0.7802778432760615 0.05089464206513981 0.04387897477225646
0 0.5731487596762976 0.9119469947273405 0.07009966837349921 0.05234623920022656