0 0.6667995365245939 0.16680140264742033 0.014471603084255057 0.02417448439616776
0 0.6390330466708636 0.144015677862191 0.0730204886359143 0.06939180913596861
0 0.51152920413662 0.41031014247065506 0.04621252678536116 0.05393722749876275
0 0.5502331939903502 0.4325226571699761 0.04941934740221221 0.058788501809022266
0 0.520485418422805 0.34102787596231166 0.0511454886359143 0.06824538896415203
0 0.4899524387153445 0.2941462319097769 0.06498980032431163 0.056482373360319825
0 0.5934025413925625 0.4865617039814728 0.024037517856907442 0.035603307326946165
0 0.4218741891190863 0.6050261782008752 0.04007162094116268 0.05985967887824373
0 0.4431628080316541 0.5702860080290588 0.06079322402541756 0.08436171189493073
0 0.6817150190714282 0.43892538613907695 0.05421594155801372 0.06528416327441153
0 0.6320423015388322 0.46029577510322905 0.057477309252765355 0.07326043758467123
0 0.7018832430968459 0.5191927402775199 0.0638091298696164 0.07827548620519006
0 0.431224095370322 0.4239023309598372 0.05399775324641087 0.05278416327441153
0 0.45463036769145637 0.46568371721045587 0.06682503571381489 0.07218926051544958
0 0.36242923092198126 0.4697338093631112 0.03998980032431154 0.05517217887824373
0 0.3765423238599666 0.5166940185445084 0.04338753571381497 0.07096095318850323
0 0.6021014314084485 0.536933518205824 0.0803420649348082 0.04167624491161739
0 0.5989179301906326 0.5785444860936485 0.08861821509696384 0.068648180687266
0 0.49634235510955466 0.5706268447546472 0.052680715096963836 0.06676477611928178
0 0.5259986274306889 0.6120806823847468 0.05736821509696384 0.06701043758467104
0 0.5616867114402206 0.6407069713943273 0.055560253246410875 0.05286605042954129
0 0.6744048997518235 0.6473110962249852 0.02231137662320535 0.026146420171816585
0 0.6100793469918798 0.68039691316287 0.04780230032431163 0.055581614653892684
0 0.646985057624617 0.7339822585948856 0.05736821509696384 0.06701043758467104
0 0.6675799756436802 0.7938961691557637 0.03998980032431163 0.05517217887824373
0 0.6330413344099781 0.7863226865686184 0.033548885551659066 0.043907130257724705
0 0.5997475933384319 0.8052707604039078 0.04777502678536116 0.05401911465389233
0 0.5541584038090133 0.8365926814802356 0.05596935633066593 0.07630355042954129
0 0.551054948858319 0.7483933186353653 0.04319662094116268 0.06002345318850324
0 0.5002464253193686 0.7494921511770822 0.05106366801906326 0.06355788896415202
0 0.4454907414719928 0.7484519516066236 0.05591480925276535 0.07317855042954129
0 0.436491842527653 0.6808926373822723 0.052871629869616396 0.07770227611928178
0 0.8350657102224048 0.6678239128241856 0.07091251785690744 0.03805992198083885
0 0.8113242471540356 0.6964369137286968 0.07304776217486442 0.0709543091359686
0 0.8677787986961633 0.7052077261440257 0.039935253246410694 0.05204717887824373
0 0.7514191874942332 0.803577706356322 0.06893300649282175 0.10352114767057934
0 0.5462235783241935 0.5164030122129303 0.04777502678536116 0.05401911465389268
0 0.5091814999967047 0.45500516678091446 0.041388659090609535 0.04587906603337366
0 0.3713854452081663 0.40045154285476786 0.03661933847375849 0.04094590456798421
0 0.3388140474783472 0.7743737217330116 0.0475295649348082 0.03995661465389251
0 0.4106208636309713 0.766700662597043 0.044595479707460584 0.050730340343633176
0 0.4462953108710278 0.7945457016066235 0.05098184740221221 0.0588703889641522
0 0.4699840012112254 0.897305531434807 0.053943206168510116 0.049659163274411354
0 0.47932204504271525 0.8498982649264637 0.04289661201270878 0.04283595318850324
0 0.5175623847342897 0.8455482796257847 0.04306025324641087 0.05221095318850359
0 0.8102487167152266 0.7692159944613914 0.04465002678536116 0.05385534034363317
0 0.8485418291349724 0.6334931784280179 0.044459112012708954 0.042917840343632996
0 0.7434126294625792 0.21048612562362737 0.04766593262955983 0.047769114653892594
0 0.6868529379045656 0.15089311963073357 0.02880683847375849 0.04053646879233552
0 0.7103858952908919 0.15513356230378728 0.024010244317956973 0.034040807326946254
0 0.7339461262161684 0.160936504976841 0.028970479707460584 0.049911468792335524
0 0.7384057552750057 0.10283739993388688 0.047584112012708776 0.043081614653892555
0 0.6696944857932452 0.2878542090698554 0.033412517856907444 0.03609463025772479
0 0.7357870900953163 0.26640525497684103 0.0334670649348082 0.0392196302577247
0 0.7790479407439395 0.37048524536590255 0.05564207386326192 0.057553550429541286
0 0.3795754151730989 0.7800571556996381 0.04147047970746058 0.050566566033373485
0 0.519047018257354 0.7962066988930901 0.04761138555165907 0.04464411465389269
0 0.5856930016182625 0.7168633576449459 0.04621252678536116 0.05393722749876275
0 0.712518554378206 0.6805020545018712 0.04451365909060954 0.04604284034363317
0 0.8995685409855255 0.644894345886301 0.03971706493480838 0.03954717887824373
0 0.2866475754815244 0.7872731914298583 0.04435001785690744 0.036667840343633
0 0.22662769317627612 0.7982383469023537 0.027107970779006774 0.032642081637205854
0 0.26065781979948155 0.821477773067064 0.03489319724005648 0.03148901741285428
0 0.27231411444175024 0.9068830065587207 0.031822744317957154 0.034450243102595125
0 0.35295618830501213 0.9573942616471033 0.03807274431795715 0.03477779172311415