0 0.6087413374701687 0.2664867503292044 0.06282963978475245 0.04239810015828453
0 0.707270882755439 0.250578256993122 0.05309076674922295 0.03431281551854841
0 0.5407019669158387 0.2324323475844951 0.0760573858558109 0.058386813011266005
0 0.7659138285788286 0.3352093212580292 0.06973461124870503 0.05664245658477522
0 0.5900598039717228 0.33165710926297753 0.1143579065339754 0.0766654515702104
0 0.4586856794884513 0.2801136781467384 0.0780565334984459 0.06780727711788863
0 0.5595503585626178 0.3988302373970807 0.1022945541766104 0.08567673871722895
0 0.6709052355270886 0.4098934210206024 0.1362329065339754 0.07730194906292791
0 0.6237883329220547 0.49770565808847866 0.06588186517764641 0.04092652837152997
0 0.5778722113342675 0.5597366451563548 0.05323631596343468 0.03743781551854859
0 0.41245057258297246 0.5001617536944167 0.07598461124870504 0.05682431301126591
0 0.367463288465354 0.8109939536152744 0.08485018899896399 0.046159597651002214
0 0.6490985862318236 0.7605155466474229 0.10098461124870503 0.05755173871722885
0 0.6401923130724597 0.8173649402209323 0.08259848428423418 0.06481866943775678
0 0.5472621044287886 0.7802393617702601 0.06817211124870504 0.05659699247815268
0 0.7881075823028822 0.7489141200835302 0.07122433664159918 0.05512542069139812
0 0.7532554708447802 0.254263198138491 0.035141287427387445 0.050954746239076344
0 0.5473178782073249 0.47670518481065594 0.06817211124870504 0.05659699247815268
0 0.5290173343697967 0.5504920257977405 0.0686815334984459 0.06753449247815269
0 0.47198177626424487 0.6161110141192581 0.07554796360606986 0.04744931301126591
0 0.5658901339982932 0.6994212707831755 0.04371576674922295 0.034040030878812286
0 0.4451624110865985 0.6544460884132951 0.06711903349844608 0.06748902837152997
0 0.46056262510695306 0.7605058717993899 0.10759848428423417 0.06554609514371953
0 0.35489697601657594 0.7112750984424249 0.10905397642635144 0.09679609514371953
0 0.18378395533841146 0.7235070108205527 0.06711903349844599 0.06748902837152997
0 0.16469366108659847 0.6462852812745238 0.0762757096771284 0.06307431301126591
0 0.7609693476043631 0.6597235879510766 0.0530565334984459 0.06707985141192588
0 0.6806311842459623 0.6041889903000746 0.058797111248705035 0.05632420783841656
0 0.7691521827982202 0.551220766164322 0.0825257096771285 0.06325616943775678
0 0.9249163393321954 0.4822160165600334 0.09062930810555159 0.06973348997087
0 0.41200519293241467 0.9296363050272003 0.10113016046291676 0.06067673871722903
0 0.20526934946638992 0.8500838826864495 0.09182793507002263 0.061966454077492725
0 0.27610850413833843 0.5720785546314888 0.06461046360606985 0.04713106426490725
0 0.25093302977890153 0.47433973660565787 0.11192211124870503 0.057869987463587694
0 0.30833676902553464 0.33362982007089503 0.07489299214211709 0.033386813011266094
0 0.24489069913315847 0.35212375580598776 0.06831766046291676 0.059721992478152595
0 0.14820613606520786 0.4963845696751836 0.054473484284234305 0.06400031551854841
0 0.15444967390688005 0.5974840684215423 0.05799659057054059 0.039136707838416565
0 0.16073186890170008 0.37862040815498565 0.053818512820281585 0.0499378155185485
0 0.18362786745395804 0.3237426915410805 0.05483735731976358 0.0718128155185485
0 0.3741050483901514 0.6515962215619631 0.05330909057054054 0.03900031551854841
0 0.42472997891206 0.8243948755603135 0.05174659057054054 0.03895485141192552
0 0.39542131452020185 0.8657867536944167 0.06922518899896399 0.0457049565847754
0 0.29215722746431794 0.7649934803374517 0.06639128742738745 0.051864028371529966
0 0.500273634412578 0.8484976167848248 0.07405823821317573 0.048966348904643554
0 0.5313716230400385 0.9534495412371466 0.06602741439185814 0.044051528371529966
0 0.6152586255212379 0.9159926568348375 0.08990156203449332 0.05410848997087001
0 0.6866028943373754 0.694328256993122 0.06282963978475245 0.04239810015828453
0 0.8716179032287155 0.6355623254146643 0.06795378742738763 0.051909492478152686
0 0.6940473289931133 0.484103810833188 0.06446491439185813 0.04400606426490725
0 0.6844647754356754 0.32032245566033846 0.06639128742738745 0.051864028371529966
0 0.8613504530621 0.3857070779219468 0.07532963978475209 0.042761813011266095
0 0.24073177626424486 0.609382326339101 0.06751713978475227 0.042534492478152684
0 0.3538652072004383 0.9349853830821611 0.07049659057054054 0.03950042069139812
0 0.6278634793263448 0.9787490976177485 0.08023546360606985 0.042501804764502896
0 0.6926773041811196 0.8830414160060375 0.05843323821317572 0.048511707838416386
0 0.733184641856176 0.7355813942984251 0.05523546360606986 0.046858279625171126
0 0.1946616050479612 0.5235524749271754 0.07554796360606986 0.04744931301126591
0 0.8688632384225727 0.5267412548815509 0.0695890620344933 0.0535174565847754
0 0.8416800002093969 0.572888829175588 0.06675516046291677 0.059676528371529966
0 0.17656646071509494 0.794487100553996 0.07449488585581085 0.058341348904643375
0 0.2870480423942953 0.8243002841775177 0.06907963978475226 0.042579956584775404
0 0.26235852729770215 0.5145699315119506 0.045351041356328815 0.03564799498543501
0 0.6344496970662439 0.5543421029947714 0.07100601282028159 0.050437920691398117