0 0.7397086249062844 0.42167141192668806 0.09062630642076393 0.06874209172016936
0 0.8456689905976038 0.3688112390363608 0.07990701196784755 0.07792617694751698
0 0.564918338718402 0.8461378035674272 0.0986570119678472 0.07825345941492116
0 0.08463077346392288 0.8635460771096728 0.08757404160312506 0.0718125446422686
0 0.2101951243376035 0.8079018234562249 0.10163654160312507 0.07205800649282175
0 0.2681686656563881 0.936309241475288 0.11915134992375007 0.08642051542127546
0 0.4032672043128123 0.16882350689656356 0.08626611474138883 0.08272277110331841
0 0.718749346789618 0.04615321468663156 0.14062630642076393 0.06961484496658026
0 0.41952994357923606 0.07453771874711662 0.12082295269729179 0.09113528896022582
0 0.20717214789204838 0.23261545129724626 0.12859908510611112 0.08970915665497756
0 0.3771021349742706 0.28560190381230843 0.12096842306201391 0.09738528896022584
0 0.24933950446531222 0.33495524715733094 0.12907186379145844 0.11002165665497757
0 0.13304105081808995 0.3954506420444809 0.08288654160312507 0.07173072402541773
0 0.05809364257371487 0.4926199224832901 0.09760365824437509 0.1001011858759707
0 0.6548641122728471 0.27247420697599384 0.12907186379145835 0.11002165665497757
0 0.5730315776035761 0.32966336972005134 0.10690592306201392 0.0971398271096728
0 0.4918724965815275 0.32433889569463364 0.08768314437666672 0.0765000446422687
0 0.4036444915475344 0.38766896428288977 0.09237064437666671 0.07658186525911966
0 0.3602925754193746 0.47053996550070576 0.08412173328250008 0.05769549756436802
0 0.36999357731923566 0.5238558802733582 0.11155705547083343 0.09565914772652384
0 0.3833819704616314 0.6202223656628616 0.07823540919430565 0.07321140340856669
0 0.3135415959365967 0.6322899431795713 0.05603310087368065 0.05876707386326174
0 0.1412483686380203 0.647258603895034 0.06889677678548614 0.07461026217486477
0 0.13425152659805492 0.746395533278183 0.09520470364722229 0.06413641233702042
0 0.4689349979127077 0.7725582073830309 0.16544577488562506 0.1293989480508353
0 0.3634130029467008 0.7058462199649326 0.08419446846486114 0.060820497564368026
0 0.5695181857923606 0.6820889403369023 0.1097399823325695 0.08469437418757338
0 0.7080189477602078 0.6079128749950571 0.06835126291777768 0.05117276217486459
0 0.8165607592149648 0.47772258887420505 0.10345361474138884 0.08302278003177203
0 0.6330566217721524 0.5378264715864904 0.12049564437666671 0.07707278896022593
0 0.5486088865897912 0.539478700483172 0.07478310087368065 0.05909435633066593
0 0.5291308815557981 0.6040088047852432 0.0986570119678472 0.07825345941492116