0 0.72578125 0.7576439411575671 0.040625 0.027271612012708956
0 0.73359375 0.7809450734628154 0.0296875 0.031768197240056396
0 0.69609375 0.7769121383976236 0.0375 0.02565456493480802
0 0.6765625 0.8045968076345028 0.0328125 0.034947744317956976
0 0.64609375 0.8098161416440345 0.046875 0.036755706168510115
0 0.64765625 0.869945118105084 0.0484375 0.04147047970746058
0 0.596875 0.7841127581209701 0.034375 0.028725017856907443
0 0.56171875 0.6589451627473528 0.04375 0.03826365909060954
0 0.64765625 0.7324451181050841 0.046875 0.044568206168510115
0 0.5703125 0.733013908283126 0.034375 0.03028751785690744
0 0.4890625 0.6078696323085435 0.04375 0.042951159090609536
0 0.39609375 0.8962111578760888 0.04375 0.05232615909060954
0 0.790625 0.7049495892911279 0.0421875 0.04761138555165907
0 0.58359375 0.210125833202048 0.0515625 0.04621252678536125
0 0.4703125 0.2644469147759477 0.0375 0.0350295649348082
0 0.43203125 0.304177616480231 0.0484375 0.046157979707460585
0 0.37734375 0.3941946903434929 0.040625 0.04289661201270878
0 0.37421875 0.2817492374213936 0.0453125 0.036728432629559826
0 0.3796875 0.3074350300350674 0.0359375 0.035002291395857824
0 0.42890625 0.24095091355813167 0.034375 0.03028751785690744
0 0.47734375 0.22526168385067113 0.04375 0.042951159090609536
0 0.3734375 0.21691912419086873 0.05625 0.03066934740221221
0 0.3296875 0.2653390332814783 0.0484375 0.046157979707460585