0 0.7151369327763442 0.33145946915085844 0.04971083992388792 0.032095479707460586
0 0.7242227727002319 0.3003458368456101 0.04228034190105419 0.04133411201270878
0 0.7788147722059404 0.303644160708872 0.04859400889724856 0.043005706168510204
0 0.8241246136127028 0.26612656979948157 0.031151840912470873 0.036455697240056484
0 0.7621167035365908 0.23377199147199276 0.03383117193911023 0.02557274431795715
0 0.8097729535365907 0.23460383440997817 0.029462006920082474 0.0333034237011061
0 0.8561996259699927 0.208051017039538 0.0588948389353046 0.02757162094116259
0 0.8787431294300336 0.19202659658484275 0.053026840912470875 0.03683752678536125
0 0.7004404214076376 0.3851475308392557 0.06571784190105419 0.04174321509696392
0 0.7432964248676788 0.3694776663909149 0.04027217292769336 0.03036933847375849
0 0.6000146570731817 0.4514116846548594 0.04384284190105418 0.041361385551659066
0 0.5824279090503479 0.4417230389569305 0.054525673916276676 0.03530230032431163
0 0.5702489026245573 0.4720008741842781 0.0440338428896375 0.04604888555165907
0 0.5878528966930583 0.5004531566516823 0.05608817391627667 0.03532957386326174
0 0.5837583042977125 0.5433809963432568 0.0502838428896375 0.046157979707460585
0 0.6509431457044751 0.5062452349791711 0.05934050790866543 0.038509120941162676
0 0.6203324742596564 0.5283832877391146 0.03421317391627667 0.03494774431795715
0 0.6753237217881984 0.5410702483718517 0.04996550790866543 0.038345479707460585
0 0.618500718822449 0.5541509009696395 0.05315417490485963 0.03996252678536116
0 0.6483646323586022 0.569526484979171 0.027644838935304606 0.027026150162155815
0 0.6843021323586023 0.5701537763750288 0.04684050790866543 0.03829093262956
0 0.6492931209898958 0.6234872820570716 0.0649193458553869 0.06046594155801373
0 0.7242586288985612 0.5872691383877376 0.04266234387822045 0.05070911201270878
0 0.7466111313700191 0.5759322179330425 0.026082338935304605 0.026998876623205346
0 0.7869668759328116 0.6024362167152264 0.0690975098858317 0.048047762174864596
0 0.776350369507021 0.6327413254815244 0.07898184585538708 0.06071140340856651
0 0.8591947030051182 0.6334055730458925 0.0612850098858317 0.04791139448011279
0 0.8654712193167405 0.556116370123793 0.03746550790866543 0.03812729139585791
0 0.8795483067691704 0.536816945204871 0.031342841901054186 0.0411431972400564
0 0.7773491368072265 0.5506691651730989 0.04215300790866543 0.038209112012708955
0 0.8139869737653648 0.5341089565689566 0.042407675893442943 0.044459112012708954
0 0.846733148175933 0.4979356773479635 0.02496550790866543 0.03790910308425506
0 0.8936399816740301 0.4979726335164737 0.027899506920082473 0.033276150162155814
0 0.875653985628363 0.4788953510490696 0.05723417984777583 0.06345457386326192
0 0.8148292321683218 0.4942515697994816 0.046967841901054186 0.041415932629560004
0 0.7562845617120864 0.5112111988583189 0.061412343878220456 0.05103639448011279
0 0.7125836412558508 0.5284299265371846 0.05822367688202625 0.04941934740221221
0 0.7110503161607106 0.4893128794592839 0.04189833992388792 0.031959112012708776
0 0.759438736616946 0.4721759723972693 0.05691584486680377 0.05564207386326192
0 0.7346443250579592 0.44750720900458874 0.035775673916276673 0.034975017856907445
0 0.7014325770351255 0.4375458279171564 0.03714717292769336 0.03031479139585791
0 0.7579199989742358 0.4135140385498935 0.04703150889724857 0.042978432629559825
0 0.7976828359323741 0.397008377023652 0.04741351087441483 0.052353432629559826
0 0.8423414199247627 0.39466067288373663 0.04065417490485999 0.03974433847375849
0 0.7826507435370283 0.43974530194257405 0.030769838935304605 0.027080697240056396
0 0.8155759900769872 0.45673793303000637 0.026082338935304605 0.026998876623205346
0 0.8232903309894581 0.4209095271858077 0.03226867193911005 0.025545470779006863
0 0.5886712973776304 0.5763025904990581 0.03727450692008212 0.03343979139585791
0 0.700222904107432 0.46723332791715644 0.025764003954332714 0.019186376623205346
0 0.7915575113315254 0.35546575932890023 0.030706171939110405 0.025518197240056485
0 0.8329173403809985 0.3765146448805594 0.024328837946721648 0.022284103084255057
0 0.6219188319780413 0.4127037406612139 0.025764003954332714 0.019186376623205346
0 0.6337184950199031 0.43010942897281657 0.037019838935304604 0.02718979139585791
0 0.8228831071869124 0.29659531979948156 0.030515170950527092 0.020830697240056484
0 0.8187089658566993 0.5717180507247581 0.032014003954332536 0.01929547077900686
0 0.9089400350203405 0.6405283262923034 0.03064250494291585 0.023955697240056396
0 0.6421000449061725 0.5889622775928448 0.03708350593149916 0.028752291395857908
0 0.8546039979856527 0.41989249796481454 0.03226867193911005 0.025545470779006863
0 0.8692103260465422 0.445165233354318 0.03064250494291585 0.023955697240056396
0 0.8391978793928526 0.5869299935005877 0.028952670950527094 0.020803423701106105
0 0.6645891516359741 0.47833842329077375 0.03689250494291585 0.02406479139585791
0 0.6801624134989723 0.42232024837185167 0.030706171939110405 0.025518197240056394