0 0.08719599506291609 0.6825749464292775 0.0324501305089584 0.05210797077900686
0 0.13479769367614525 0.6840868534912922 0.04037173328250008 0.05693183847375849
0 0.18586792477444378 0.7714408031669807 0.04327852773541672 0.04761138555165907
0 0.22667476273034656 0.7629191911542718 0.031977351823611146 0.031795470779006865
0 0.37116517876159716 0.057557760960343915 0.06231946846486114 0.06043866801906326
0 0.387424651976111 0.130681615262415 0.027435322188333267 0.03796365016215582
0 0.5869336894951734 0.14828435227677148 0.054216027735416714 0.04780230032431154
0 0.6086625659200693 0.18773263596199158 0.046476262917777865 0.050790932629559825
0 0.540423018617361 0.09989744521475687 0.05603310087368065 0.058767073863261896
0 0.5946215157675694 0.024710079141562955 0.051381968464861136 0.04942015828312591
0 0.6578826223408333 0.11971329302400617 0.043060322188333444 0.03823638555165916
0 0.7139494779641665 0.19370417208284363 0.040153527735416715 0.04755683847375849