0 0.49535143278383487 0.19687471918769459 0.06643338317182242 0.05806856426490725
0 0.551661780922579 0.2724226369760987 0.05185743094224939 0.028017351411925785
0 0.623804578693006 0.29995059191152135 0.065340776735205 0.04244356426490725
0 0.5525144507169637 0.39402485233636264 0.06040190445914604 0.061011707838416473
0 0.5021866687859784 0.40016720374828846 0.05807457995351371 0.05002874373179385
0 0.18704762386554305 0.32435382765924936 0.07090236188449897 0.05507995658477531
0 0.09511149614160222 0.3457407458433649 0.0727926438154842 0.059812920691397944
0 0.07772226432683256 0.4717720484297896 0.04470049480421991 0.03716503087881229
0 0.16541900628106085 0.48871184435229686 0.05204310124083724 0.05297188730530315
0 0.0886326311550101 0.5275901394168742 0.06487088317182246 0.05802310015828453
0 0.01925347250849025 0.5469826485880741 0.0385069450169805 0.054579851411925874
0 0.19420528795994452 0.5564843660599091 0.07293475544788164 0.03954588479802066
0 0.1494337373395259 0.5835158789920329 0.0568727128732347 0.03284124373179385
0 0.12460869996065904 0.6263398764847505 0.056949122528160735 0.05623327962517131
0 0.15218204290362308 0.6668595764056081 0.08071440445914595 0.06160274122451135
0 0.10155397619166107 0.7330445175509773 0.06944912252816074 0.05659699247815268
0 0.22514964934024043 0.6491432275009649 0.0819491225281607 0.056960705331134065
0 0.4029093905381641 0.883326696226441 0.04891810124083733 0.05288095909205772
0 0.35115586640084906 0.9433071014784329 0.06977690445914594 0.06128449247815269
0 0.27953187469872226 0.8526115568095669 0.0705417289647781 0.07222199247815268
0 0.3304934411585827 0.8597049912910183 0.04444912252816078 0.055869566772189926
0 0.56753888115501 0.5136553907370225 0.08180701089576328 0.07722774122451134
0 0.47544458028248987 0.6153519345479586 0.08638525025210164 0.0758016335443795
0 0.3647584525585491 0.6372844220115462 0.09350933540139543 0.08848348997087001
0 0.2761769177775723 0.699895733769171 0.04212179802252862 0.04488660266556703
0 0.15632360366350034 0.7860271135526267 0.037794930942249484 0.027608174452321776
0 0.1272263295261853 0.8453482892585896 0.04459123416055819 0.03560253087881229
0 0.0934733144430481 0.592161104777138 0.054949579953513794 0.04993781551854859
0 0.06036052966207128 0.6531584407496578 0.055386622528160734 0.05618781551854859
0 0.1119726701233608 0.7958938585380617 0.05273151609154336 0.040517351411925695