0 0.5188676623249435 0.14537859416970864 0.07420378742738745 0.05041815651766242
0 0.5531913124487781 0.09597349180857648 0.06907963978475226 0.04101588544042356
0 0.5433304689827534 0.024290431110942694 0.06646406203449332 0.04858086222188539
0 0.5830992903228716 0.05752861534514335 0.08928513192686935 0.07237496974937899
0 0.6954301623249435 0.14435138359371186 0.09971320967712849 0.06150110226293633
0 0.6427203852366383 0.1860530702637994 0.08692211124870504 0.05517837939029935
0 0.6081077907371564 0.2081235129840112 0.06133991439185813 0.042532933645025486
0 0.6996403192732036 0.22164968179831374 0.08601458271265763 0.06923178903121974
0 0.6962755707209457 0.27712297697785354 0.07983735731976367 0.0707579275949013
0 0.6458046898275336 0.2539854588274809 0.0682448858558109 0.05663179508134393
0 0.5614125732021451 0.23807463339732013 0.07202485731976367 0.07071247579950324
0 0.5000191548813454 0.26498711222188537 0.06461046360606985 0.04567611436318471
0 0.49943480397172274 0.31107177186280577 0.05901543507002245 0.05970225292686626
0 0.5881334309361934 0.3183661213952676 0.06065070967712849 0.06127384328594587
0 0.4554215924325674 0.16605470853289334 0.04458906203449331 0.05180793969514967
0 0.6742078639393013 0.4490797902095701 0.07009848428423435 0.06289088544042354
0 0.4337498378844534 0.3965870910464506 0.07747433664159917 0.05356133723582168
0 0.2422301178682428 0.4672137293155446 0.05225601282028158 0.04872839149054773
0 0.1742806385464072 0.45042620511504783 0.07656680810555186 0.06761474687674215
0 0.48323610752916063 0.47440301883774366 0.0924829065339754 0.07395565046753827
0 0.5934287448327135 0.4729808985226306 0.061849336641599174 0.05347043364502539
0 0.6251645882987382 0.5462138654433393 0.07507708271265763 0.06916815651766246
0 0.5087412216733498 0.5304893923743105 0.07834763192686936 0.07231133723582168
0 0.49327457940739805 0.6110263200674076 0.07478598428423436 0.06291815651766228
0 0.39902161931598484 0.5217552626894235 0.0760573858558109 0.05667724687674216
0 0.4044219028144308 0.4561166271508041 0.06809933664159917 0.05350679508134384
0 0.3257318225829725 0.48547284992524525 0.04200771753501131 0.029923849336070063
0 0.3475490105484792 0.5368944493595112 0.06860875889134022 0.06444429508134383
0 0.33092228267438567 0.5752620577707676 0.06675516046291677 0.058185204722264315
0 0.24807124131805686 0.6101097564429077 0.0747132096771285 0.06135565651766228
0 0.24043852378304553 0.6398336178792261 0.06875430810555186 0.06756929508134384
0 0.35951600951502194 0.6321115005891752 0.07798375889134021 0.06449883723582168
0 0.4054663643535861 0.601383675355406 0.08408820967712849 0.06141019867214013
0 0.34897446174855223 0.6907507023845734 0.07783820967712848 0.06137383723582168
0 0.4068211949993293 0.7232177687395478 0.056797963606069854 0.04563066256778647
0 0.4804941354460353 0.7345047266832659 0.08408820967712849 0.06141019867214013
0 0.22420774814248237 0.7367767955723232 0.07874573821317572 0.0473204275949012
0 0.14713582589274138 0.7481597231672246 0.08786818114108116 0.07549087939029935
0 0.3119818457423363 0.4285370486955812 0.10541955417661039 0.08340337334017515
0 0.4950319402418183 0.4056030218628058 0.08147263192686935 0.0723295179539809
0 0.5768641370986651 0.39263032319066565 0.07910961124870504 0.0551329275949012
0 0.5799740587292337 0.627704759958949 0.09357452564056316 0.09739315046753809
0 0.47749972208763447 0.6814115429400447 0.1007320541766104 0.08337610226293642
0 0.18480279983789344 0.694048940087933 0.09895123035529285 0.07867951190385654
0 0.1825382866033271 0.5917460967037915 0.06817211124870504 0.05506929508134384
0 0.07016875744810729 0.8243682200439665 0.05367296360606986 0.04561248184962707
0 0.2759500306074711 0.7661552233636163 0.06548375889134013 0.0644261143631848
0 0.2667056172490702 0.7130984010567134 0.0682448858558109 0.05663179508134384
0 0.3624162235353765 0.7375347987937771 0.04586046360606986 0.04556703005422928
0 0.35576380914351835 0.779749569871016 0.05040241439185813 0.04246930113146803
0 0.3413716693587661 0.820447292743653 0.06326628742738745 0.050354524004104916
0 0.05359564929977419 0.5932773013278598 0.058797111248705014 0.055014752926866174
0 0.5583944652632089 0.554412705704223 0.06882708271265763 0.06913179508134384