0 0.6964144458943685 0.7658109971639215 0.06953179734245421 0.06838753571381488
0 0.6783377025780041 0.6411519164008007 0.05056362133990877 0.049310253246410876
0 0.5260377638845053 0.8414264261400334 0.0629727146721816 0.041715941558013725
0 0.37008085459104895 0.550458327112968 0.035029528007635945 0.056850017856907444
0 0.35025925059677593 0.5086253831193225 0.07276588534372674 0.07781708279171565
0 0.3809012706079118 0.42607593587926595 0.02850680800445433 0.03330342370110628
0 0.43005638594050277 0.4306855694023303 0.034793170671545325 0.03653751785690744
0 0.42696720126513943 0.49478897971075586 0.036355670671545326 0.03656479139585791
0 0.3272313779440026 0.40670437297305273 0.05052725867281786 0.04618525324641087
0 0.32056430195736557 0.30840324066780445 0.020730670671545236 0.036292056006354476
0 0.2691654339592746 0.2952407674531657 0.06489884134309047 0.07299321509696392
0 0.2763506779519568 0.349010649758414 0.05681362133990877 0.04941934740221221
0 0.28210978194622977 0.39108905560261265 0.06920453333863615 0.040262535713814974
0 0.2652762706079118 0.42809417776159114 0.031613626670908876 0.031795470779006865
0 0.20390296594527527 0.3994839825501296 0.04271475867281786 0.04604888555165916
0 0.2217359032861385 0.3437152236216759 0.04126134667409058 0.05539661201270887