0 0.4643361097529066 0.09179569663410618 0.06134116431700996 0.06915179328391083
0 0.6325462711701316 0.3579167483555375 0.08283765601864027 0.08548612141421197
0 0.47649994855939626 0.48882446405730134 0.07926237012586874 0.05886905771188111
0 0.4795344732540128 0.7242436088851582 0.06806476099766208 0.07562004809323426
0 0.5195217784428162 0.8097917284852716 0.027959979254075583 0.0399355192372937
0 0.5142063937948003 0.7807763510806099 0.07242037427505377 0.05083830290255768
0 0.6987697253286053 0.7280035590626435 0.07817346680652086 0.06506449400955017
0 0.3048430491887406 0.7633358468194407 0.04465057178554286 0.05454365626060227
0 0.2140073294824346 0.8910664880191005 0.04034158008391255 0.03880952885594056
0 0.23202454628895555 0.9540302794889127 0.06266686597668399 0.0660813569862416
0 0.2945377083076585 0.3702678930985764 0.05868976099766208 0.07529266587924913
0 0.35656595685776604 0.46905262268015624 0.06965057178554286 0.05541667549789579
0 0.41449777864330883 0.5240600704105708 0.0709296518694554 0.09286211179556503
0 0.3314494029183626 0.5694692849312084 0.06699916846619498 0.06155754809323426
0 0.25822539047080795 0.5902877272193272 0.044153664317009955 0.06855159255827133
0 0.32994702511882384 0.6216220619730504 0.0475387734452168 0.05152778366526398
0 0.33254015146847005 0.666126030121885 0.09955155933798814 0.0798363221398514
0 0.4728924643309432 0.6468725770339928 0.10198947510489073 0.05031251324684387
0 0.5724179450349113 0.5926885632389947 0.08809384108157463 0.11372024881887359
0 0.6777305618367879 0.4709177453603126 0.08030465186945542 0.09318949400955016
0 0.7691736232493686 0.5465749989885097 0.11671574855010754 0.10069445916315978
0 0.5947208427551818 0.6916444184111379 0.09403526514684693 0.06873513103285873
0 0.5483329400605339 0.7889807206807233 0.017045790041956367 0.019295637023308564
0 0.4498021969090111 0.8665749526245559 0.04836756763635801 0.06246528366526398
0 0.31459840271786993 0.8509449742241024 0.08719326929603186 0.06070437622353566
0 0.23142240166896272 0.38053078130301127 0.0650581601678251 0.07707342068857255