0 0.24244871003674354 0.607123492873864 0.043333505931499074 0.02935253087881229
0 0.2246218814815622 0.6292341735943918 0.05063666996194396 0.017079851411925872
0 0.2524895549035472 0.6620383134069774 0.047477177870609386 0.05444345909205772
0 0.3350155534206725 0.6574166610579795 0.039410009885831696 0.04796613855894449
0 0.3918239689339921 0.6536073509497073 0.06272017589344295 0.045523100158284535
0 0.49562013098727054 0.634778446093427 0.06616351087441501 0.05342652837152997
0 0.48790047288832483 0.6751306614536909 0.04833934091247105 0.03730142319868044
0 0.49323923030269856 0.7104005717202476 0.04853034190105419 0.04198892319868044
0 0.45352015570184995 0.7506020228947465 0.04684050790866543 0.03881845909205772
0 0.42185897881982387 0.7013007048689157 0.054525673916276676 0.03592077962517113
0 0.359549979808407 0.7041696406040084 0.0706600098858317 0.04887542069139794
0 0.36495240421897523 0.7410020508705651 0.04658583992388783 0.032568459092057724
0 0.4069462446371547 0.7757778676427549 0.04990184091247105 0.03734688730530315
0 0.43061053220331524 0.954380240762293 0.05822367688202608 0.05007420783841639
0 0.5094066942565938 0.9348239102000498 0.05159167490485981 0.040517351411925515
0 0.5077685984012069 0.875471642253361 0.05060217787060921 0.054534387305303154
0 0.6128964501880928 0.9659268091838353 0.06954317885919252 0.059767456584775405
0 0.6034419012532257 0.7338955591838353 0.05835101087441501 0.05319920783841638
0 0.376466860264205 0.9278344611371218 0.04990184091247096 0.0373468873053028
0 0.5888275974126238 0.8731482757977403 0.03727450692008212 0.033858174452321775
0 0.15040449558855676 0.3781513952228619 0.03864600593149907 0.029216138558944317