0 0.4641539244716434 0.14730470853289335 0.0879636083130606 0.08019656010845858
0 0.549470818398078 0.5772916695016737 0.07681703005422928 0.04419542759490121
0 0.5725896349494443 0.3880882689359395 0.05501475292686635 0.05656816256778665
0 0.44134522189067826 0.658392199457707 0.08314884328594588 0.05829428903121965
0 0.5025463423039872 0.703350175453602 0.06762383723582169 0.07539088544042354
0 0.6479219539366975 0.5790627268796577 0.07071247579950324 0.06915906615858276
0 0.7474265293668582 0.4933246938985622 0.06282725292686635 0.056613614363184794
0 0.7499576734896847 0.7941013987190224 0.06598861436318479 0.06288179508134402
0 0.8431218662098964 0.8271542723537852 0.05501475292686635 0.05656816256778683
0 0.7621536673413646 0.8760644710259251 0.05347952400410509 0.061246572208706954
0 0.9709544120768072 0.37327022737063703 0.05347952400410492 0.061246572208706954
0 0.9050304719888741 0.5908486128110606 0.05349770472226432 0.06437157220870696
0 0.5896675297596417 0.23485872980652395 0.10047269867214012 0.08183178298109554
0 0.513336833916172 0.27514790740142525 0.07073065651766228 0.07228406615858277
0 0.7553516170936592 0.24405140174408446 0.09729315651766246 0.07243860226293623
0 0.9227527405320302 0.2797974833225654 0.10043633723582168 0.07558178298109546
0 0.7568600958200287 0.3690468565645446 0.08942611436318462 0.06301815046753827
0 0.8744566619786113 0.43867757963357334 0.10517837939029917 0.08498405405833438
0 0.7815202491162372 0.5790667511783504 0.06597043364502539 0.059756795081343836
0 0.744406589377121 0.6456911697962612 0.1004545179539809 0.07870678298109546
0 0.6561748154712117 0.5204189799047197 0.05970225292686617 0.056595433645025395
0 0.9237764476901814 0.7243378236816449 0.124246541958086 0.1397806383672897
0 0.5593463090283042 0.7975541725267357 0.07698065651766228 0.0723204275949012
0 0.4204156192349585 0.8210194644848217 0.10041815651766246 0.07245678298109545
0 0.4294497307694728 0.7623711723303439 0.058103391490547905 0.05033634328594587
0 0.45482750155212415 0.9614490217646099 0.07073065651766246 0.07228406615858277
0 0.6803203217177277 0.3733985341594459 0.08792724687674199 0.07394656010845857
0 0.900218689498758 0.16664349834968 0.07219316256778682 0.055105656517662416
0 0.7571181292921035 0.14481901620546503 0.11615224082661779 0.0912976865718917
0 0.9705306686179108 0.11388613701155739 0.05893866276417832 0.08940793364502549
0 0.4835953126425414 0.4003251694034777 0.04871930113146803 0.04871930113146803
0 0.6369334152000652 0.3017735190341354 0.050254530054229286 0.044040891490547726
0 0.5861612555591449 0.30363145570422295 0.05645907825883114 0.03626475292686626
0 0.49966469847574835 0.20803767545360197 0.07531816256778665 0.055123837235821684
0 0.7814424601832133 0.4314059559988106 0.08157725292686635 0.05672269867214012
0 0.6510202037403057 0.7087365913410382 0.051844301131468026 0.04873748184962743
0 0.5721821314334028 0.720914404474559 0.04398634933607006 0.040879530054229285
0 0.3503616735878805 0.7315802354638647 0.061246572208706954 0.05347952400410509
0 0.3553400650784283 0.7815529643866258 0.06282725292686626 0.056613614363184794
0 0.6911008239572229 0.8835093323640478 0.0597204336450254 0.0597204336450254
0 0.7319576281137531 0.9231167330279778 0.0517352168225127 0.029987481849627427
0 0.7242951190385668 0.9489434348233757 0.06270907825883114 0.036301114363184436
0 0.7929587606273104 0.9336997090238727 0.051844301131468026 0.04873748184962743
0 0.794816697297398 0.984471868664793 0.06262726502711455 0.022238614363184438
0 0.9010752667756303 0.8510366790678393 0.047129530054229464 0.04402271077238851
0 0.6040532583878152 0.4246252117543472 0.06595225292686635 0.05663179508134384
0 0.5922698341125636 0.1449967990883647 0.07844316256778665 0.0551420179539809
0 0.834936661487632 0.7631372241491832 0.05497839149054755 0.05031816256778665
0 0.8377157069617596 0.569364498251484 0.061246572208706954 0.05347952400410509
0 0.8969270804983264 0.5408940646064586 0.05803066861791066 0.03783634328594587
0 0.8670032311622563 0.5004417814289714 0.05804884933607006 0.040961343285945875
0 0.6118596505657341 0.02065987442032966 0.05332498789975162 0.034684072208707006
0 0.5467255299560334 0.10541666950167361 0.06745112041330899 0.04570338544042354
0 0.72367384933607 0.036416163746136994 0.050254530054229286 0.04404089149054776
0 0.8113829275949012 0.07184460363767839 0.06432612041330898 0.04568520472226432
0 0.5728653282588312 0.03260588339732011 0.04400453005422929 0.044004530054229295
0 0.5910249757995032 0.0653138442679045 0.06120112041330898 0.04566702400410509
0 0.8600396379745063 0.37782189286528983 0.047129530054229464 0.04402271077238851
0 0.6939964814568439 0.3069104709277294 0.0597386143631848 0.06284543364502548
0 0.4961846535907962 0.014265991317597152 0.057994307181592396 0.028531982635194304
0 0.4523493369412341 0.26690868140553026 0.05812157220870695 0.05346134328594587
0 0.131743483794535 0.7555091357350111 0.06910452400410509 0.06133747579950324
0 0.2568116614876321 0.7665006570086417 0.06602497579950324 0.06913179508134384
0 0.6780457911725191 0.653890010057145 0.06282725292686617 0.056613614363184794