0 0.6402041445967709 0.37029237850653657 0.06529495850815117 0.0784704336450254
0 0.6410823282098128 0.24524238153159866 0.0451008576783142 0.07991475897699045
0 0.6008493371328825 0.16763046593874995 0.04368006763635783 0.06116475897699045
0 0.5899127597482623 0.11598160752749358 0.0444137734452168 0.05023634933607006
0 0.5863356286247313 0.24570546896381207 0.04441377344521662 0.05023634933607006
0 0.5453572763450019 0.14698616783234392 0.04394017676456467 0.04398634933607006
0 0.5038117456271005 0.6539992371141847 0.03754846680652087 0.06269089754067192
0 0.4955722705222098 0.7008469660369459 0.04886447510489074 0.04713862041330898
0 0.5019164362891123 0.7305844630118837 0.04296967261537983 0.05178975897699054
0 0.46486579956650403 0.7553799299325924 0.04067346680652086 0.06270907825883114
0 0.4942097574499552 0.7704009419346448 0.026279080083912554 0.037636355386194253
0 0.4627248043403888 0.6701736829576544 0.026492567636357833 0.061064765027114734
0 0.3798540273706871 0.6188879180287357 0.042851273445216796 0.05022725897699054
0 0.40049749147791563 0.6455822282353901 0.028433575934727708 0.04545794574527377
0 0.3587952435525081 0.6492475837197802 0.028078378424238614 0.040770445745273776
0 0.35847501222384004 0.6844174692583996 0.05090057178554286 0.05339771077238851
0 0.399561030895172 0.7198282493126289 0.04140717261537974 0.05178066861791066
0 0.40685146740799893 0.7886509721852659 0.028930483403260432 0.031404536104353474
0 0.40847224437770063 0.8394640384420444 0.040578378424238615 0.040843168617910666
0 0.3873984533100591 0.3852350806947181 0.028670374275053766 0.048582945745273866
0 0.42986568276462744 0.6293396046988232 0.04813076929603177 0.058067030054229286
0 0.43630401429843246 0.6887782372123805 0.05052206348717299 0.06901362041330898