0 0.11015625 0.3559457055633525 0.0734375 0.06634869629109837
0 0.0109375 0.49942678991409173 0.021875 0.03552142017181659
0 0.02890625 0.5258288376300996 0.0578125 0.042092324739800804
0 0.02109375 0.4465507734057484 0.0421875 0.05064845318850324
0 0.68046875 0.48308814394099303 0.0859375 0.08419129353213642
0 0.06875 0.6448344651742909 0.10625 0.06650582654882306
0 0.12578125 0.6145018340120549 0.090625 0.04693695499752568
0 0.92109375 0.16032127205101127 0.0921875 0.08139384215265535
0 0.52734375 0.28720683514370876 0.090625 0.0922494549975256
0 0.45546875 0.29253614427967733 0.1390625 0.10260045680654795
0 0.37734375 0.45600550203616497 0.1375 0.10095606965141819
0 0.209375 0.4882458712126132 0.115625 0.0748096494796016
0 0.2046875 0.5509915326780025 0.08125 0.08394563206674696
0 0.1765625 0.655590501470338 0.0953125 0.05812011646291495
0 0.16796875 0.7576033808235516 0.1203125 0.09693031094499105
0 0.27890625 0.7236643928093394 0.1140625 0.09660276232447203
0 0.2953125 0.6446795776804769 0.1265625 0.0988203595655099
0 0.07734375 0.8428215858210774 0.075 0.0804930834462283
0 0.1984375 0.8294440812985215 0.1328125 0.0897729081860291
0 0.271875 0.8646578850074231 0.1234375 0.07990658525525021
0 0.33515625 0.8957164552246681 0.1078125 0.079087713703953
0 0.4125 0.8401005410457454 0.1140625 0.08097776232447203
0 0.3671875 0.7940377685445084 0.0765625 0.05869997060135788
0 0.4125 0.7463505410457454 0.1 0.06461577792830404
0 0.51328125 0.7496625695398765 0.065625 0.06281426051544958
0 0.503125 0.8087885860482199 0.121875 0.09232469810012063
0 0.49453125 0.6373639654014335 0.0859375 0.08575379353213641
0 0.4265625 0.6917073066495778 0.1015625 0.06938516508343398
0 0.4859375 0.5690643447546473 0.0859375 0.07325379353213642
0 0.4046875 0.5889474768213943 0.11875 0.09372342378986112
0 0.58671875 0.5755013732487781 0.071875 0.05220430913596861
0 0.565625 0.6172318498430298 0.103125 0.06946705223856356
0 0.5625 0.6752081241532893 0.1203125 0.08755531094499105
0 0.68515625 0.6648737324756038 0.103125 0.06946705223856356
0 0.64375 0.7279812420865422 0.1171875 0.06864153663473135
0 0.690625 0.34583712743264966 0.0875 0.09208568068726608
0 0.68125 0.6166409503634283 0.0984375 0.07234639077317447
0 0.77734375 0.36394864032294844 0.0625 0.07983798620519007
0 0.84140625 0.3535600169626286 0.0984375 0.07547139077317429
0 0.81328125 0.25737773575496414 0.0765625 0.07276247060135788
0 0.86328125 0.2344448467908121 0.0890625 0.07341756784239584
0 0.79140625 0.16789915592678067 0.1015625 0.06157266508343388
0 0.91328125 0.33182445782666 0.05 0.05887038896415202
0 0.95 0.3111501096811109 0.071875 0.05220430913596861
0 0.88671875 0.4050915394638658 0.09375 0.09241322930778502
0 0.94609375 0.3832298275689353 0.0578125 0.0530298247398008
0 0.9703125 0.40930432666442407 0.059375 0.04529921189493056
0 0.79453125 0.4841416316165212 0.084375 0.07160940637700648
0 0.865625 0.49760326605811744 0.0703125 0.04274742198083885
0 0.79375 0.541995075194086 0.1125 0.08402087516934209
0 0.76640625 0.5801468504088567 0.065625 0.050314260515449585
0 0.8234375 0.6005954692466208 0.10625 0.06650582654882306