0 0.5220977648659286 0.46855209562363687 0.0440975098858317 0.047120439695149584
0 0.5741656477560035 0.3087367340891226 0.0940975098858317 0.04741133118569749
0 0.6700073883644635 0.26477363153159866 0.051146005931499164 0.02841589149054773
0 0.4893184624710204 0.21998278541698246 0.07228617688202607 0.04884656615858276
0 0.5343470499606313 0.6349901618804156 0.04428851087441501 0.05180793969514959
0 0.4225301408731024 0.6702686108471433 0.05714133794672147 0.02220225292686635
0 0.3876312174511173 0.6380419181269315 0.045150673916276675 0.034629530054229286
0 0.20937629448624287 0.2121056111417309 0.06578150889724857 0.042560204722264315
0 0.3338868631555924 0.14331522540671973 0.0787271778706093 0.05357042759490129
0 0.34241960475263544 0.10353056274073724 0.054143671939110224 0.025309072208706995
0 0.49062363589300545 0.2520140354169825 0.08115184091247105 0.036401108313060516
0 0.49805147532260163 0.2809566468533009 0.03721083992388792 0.03145907825883114
0 0.5557565459691176 0.2211503756778662 0.061956171939110224 0.025354524004105095
0 0.6367757357027249 0.33097080327276746 0.07990767589344294 0.04420451795398091
0 0.6378408285923624 0.37627875809322764 0.06798067885919253 0.058194295081343925
0 0.6434342539915138 0.41770773399092676 0.07046900889724857 0.04258747579950324
0 0.6580843444096931 0.4513787520431034 0.05790534190105419 0.04095225292686635
0 0.7152429284020819 0.4548355501495095 0.059213173916276673 0.03471134328594587
0 0.6984520178316782 0.48363726102009397 0.05315417490485981 0.03936248184962743
0 0.5946094348278725 0.48459525214129934 0.0706600098858317 0.04727497579950324
0 0.5367942762346352 0.522531068496274 0.06345500494291585 0.023801114363184793
0 0.5347197816718426 0.5482941377781146 0.04853034190105419 0.040897710772388504
0 0.5837156971851623 0.5431117340891225 0.029271005931498985 0.028288626463433175
0 0.6229691981737455 0.5480264930661131 0.04990184091247087 0.036219301131468026
0 0.5779896206071473 0.5751020774732643 0.060775673916276675 0.034720433645025396
0 0.6203999550938276 0.580816267168414 0.053026840912470875 0.036237481849627426
0 0.5821014590481604 0.5993390081914235 0.0659725098858317 0.04724770472226432
0 0.5109612880976332 0.5786174420328407 0.054462006920082115 0.03312157220870695
0 0.41440728167184265 0.5475941801289841 0.07353034190105419 0.04104315651766246
0 0.4352582925462576 0.5992657644379394 0.04346083992388792 0.031495439695149764
0 0.4880331240671884 0.5909810866466465 0.07241351087441501 0.05197156615858276
0 0.44428046547395095 0.6289987162333375 0.06571784190105419 0.040997704722264314
0 0.4797842253597827 0.6760691589535494 0.038900673916276676 0.03459316861791066
0 0.47244656923800327 0.7260146167990716 0.04747717787060921 0.05338862041330898
0 0.5147149822798649 0.709077101673761 0.0534725098858317 0.04717498184962743
0 0.41845940619614164 0.7428839542312851 0.08178851087441501 0.05202610831306061
0 0.3685403192380033 0.725410107920277 0.04266234387822045 0.05023634933607006
0 0.38017549760290414 0.7809334000747548 0.06916117688202608 0.04882838544042371
0 0.4071917119767289 0.2171617915653025 0.05289950692008212 0.03311248184962743
0 0.38859822087397744 0.25923111689726747 0.07027800790866542 0.03789997579950324
0 0.3407483112921568 0.2925385205862595 0.06396434091247105 0.03630111436318471
0 0.47397335228117754 0.09257994808296494 0.06871550790866543 0.03789088544042356
0 0.5477569980600148 0.38903276726660985 0.04346083992388792 0.031495439695149674
0 0.43687784786973427 0.46649417105379776 0.040654174904859806 0.03928975897699054
0 0.26002748227986494 0.7075953731437835 0.033767504942915846 0.023628397540672096
0 0.3037230855496256 0.8023584273003138 0.05002917490485981 0.03934430113146803
0 0.31289515570184995 0.7399266049934108 0.03877333992388783 0.03146816861791084
0 0.5786355608350463 0.6867981015755652 0.045405341901054184 0.040879530054229285
0 0.6389244620139098 0.6137287611182898 0.04833934091247105 0.03621021077238851
0 0.3932936270329379 0.6044890747427898 0.04996550790866543 0.03778180113146821
0 0.336308797983465 0.624465231456844 0.05309050790866543 0.03779998184962743
0 0.3530798039149641 0.65268113504764 0.0403995069200823 0.03303975897699054
0 0.32584614186168553 0.6743925085842071 0.043588173916276673 0.03462043969514959
0 0.552437886387297 0.2547168546006273 0.053026840912470875 0.036237481849627426