0 0.1875669103521355 0.39843585797263764 0.03584821996293312 0.04258748933799979
0 0.33457831960796264 0.3928205626193658 0.05448909255827141 0.03968066534054522
0 0.31554557741251094 0.42349839795513844 0.06742560217691826 0.052326116008908664
0 0.3905455774125109 0.4226256939449571 0.03757441106992569 0.04729317067154515
0 0.292160151914615 0.48936884595800195 0.06290179328391084 0.056959072008272396
0 0.2563119319516819 0.5319563352960017 0.07211310217691827 0.05238066000954511
0 0.2312523898488974 0.6681301926320925 0.0625744110699257 0.047584072008272214
0 0.18601181171859632 0.6889608606381377 0.07134921034428628 0.03050566000954511
0 0.3370485220628826 0.6575279526177751 0.04549603847458741 0.050509077339272325
0 0.3682737294119439 0.5907853479471843 0.08693949400955017 0.07441929201145392
0 0.42343494456555364 0.5542205919398664 0.03924603847458741 0.05043635200509069
0 0.37093742714235844 0.5368700072804116 0.07712798439090332 0.06181020401018138
0 0.4964706512816428 0.6095978879296851 0.043551592558271325 0.03955339600572714
0 0.4386854331328083 0.6094893472708665 0.04015377404661713 0.03170453333863606
0 0.45084812723502565 0.6413660559357302 0.05185516587924912 0.05370680267345414
0 0.5526363165279198 0.6784473379217308 0.05443452885594056 0.03811816534054522
0 0.4530802606301371 0.711624011935094 0.05476191106992552 0.04749316534054522
0 0.41786944692780637 0.7135955919398664 0.0457688569862416 0.0583215773392725
0 0.3570137924813026 0.7119609139481387 0.059558538474587405 0.05067270934118149
0 0.5797270953838602 0.640647345918231 0.03228671034428636 0.030051126670908878
0 0.5498139060909663 0.6027297225891399 0.07465774881887359 0.08052384134309029
0 0.541884844202734 0.5614325605904126 0.05772321996293321 0.042842028007635945
0 0.47916658939341056 0.5684098139322303 0.08839286660488846 0.07131247334499946
0 0.5245262186121706 0.521806986592958 0.035684528855940555 0.03789998933799978
0 0.4674776104448027 0.5006046959341394 0.04544147477225664 0.048946577339272324
0 0.5546973574495778 0.4628859725891399 0.06295635698624161 0.05852157200827222
0 0.5158159067239383 0.4805189152610033 0.058050602176918174 0.052217028007635946
0 0.6347023159797656 0.47523088391154944 0.05810516587924912 0.05377952800763595
0 0.590996955998299 0.4968246205840492 0.06619048439090332 0.0616829346753633
0 0.583234074417286 0.3836797305856401 0.05492560217691818 0.05218066534054513
0 0.5113888454686782 0.31657459392904874 0.03773810217691818 0.051980670671545146
0 0.46338042060375456 0.26012514660250297 0.05626984736759475 0.045948846674090583
0 0.3599553202409348 0.26991886461650233 0.052872028855940556 0.038099984006999675
0 0.34658479020386795 0.22790408728518402 0.06295635698624161 0.05852157200827239
0 0.32578370608311696 0.175042716621593 0.06112103847458741 0.050690890674726895
0 0.33746773974838096 0.13117453795354758 0.06484623920022674 0.0679147533418178
0 0.6188094427514551 0.5948984939131403 0.0723313569862416 0.05863066000954511
0 0.6621303676163789 0.6514024852403224 0.06575397477225664 0.0491829346753633
0 0.5201586332254754 0.7139672145926397 0.06123016587924894 0.05381589067472703
0 0.391173026872206 0.6506506966104572 0.07378472958157989 0.05552384134309048
0 0.5086234217000628 0.6641217559277761 0.048730165879249124 0.05367044000636341
0 0.133008385124392 0.35065288598027367 0.07265873920022678 0.06800566000954503
0 0.16122512124457591 0.5713284653087284 0.08710318511654278 0.07910679201145392
0 0.19954603286265576 0.7262881379694559 0.09475199400955026 0.07451019867918127
0 0.25264872941194394 0.5921307666295471 0.10122024881887359 0.08083292401336309
0 0.21364082623138456 0.34502904730268324 0.05777778366526398 0.044404528007636036
0 0.14890371443581948 0.40981880064450105 0.06440972958157994 0.05541475334181776
0 0.10197415073348863 0.4119267406508643 0.06262897477225655 0.049146572008272396
0 0.4218030118960815 0.46677513594050274 0.07690972958158007 0.05556020401018138
0 0.13774049202581568 0.6176767539783647 0.06904266587924908 0.05390679734245403
0 0.5759274835882952 0.7047280272517764 0.0673710384745874 0.05076361600890866
0 0.30093246198874873 0.5736074859564111 0.06909722958157989 0.055469297342454024
0 0.6864607342212674 0.5808354465706863 0.05950397477225664 0.04911020934118149
0 0.6809225515517954 0.49343544390518623 0.054598219962933216 0.04280566534054522
0 0.6488045107149552 0.38447861457673144 0.05443452885594056 0.03811816534054513
0 0.524622966249918 0.362495621260367 0.06251984736759475 0.04602157200827239
0 0.5537301128918735 0.334043357256549 0.057886911069925696 0.04752952800763595
0 0.6016740172535592 0.6606962165818221 0.03859127404661713 0.03168635200509069
0 0.612683439123258 0.6808723565802313 0.0464583377489479 0.03333975867281787
0 0.6653074421184829 0.7169638505729135 0.04031746515360979 0.036392033338636054
0 0.6320683561836334 0.7071984992441405 0.05465278366526398 0.04436816534054522
0 0.5060490040067153 0.7602064152610033 0.052817465153609786 0.036537484006999674
0 0.363462233040141 0.5049387546149114 0.05158234736759484 0.04589430267345414
0 0.3108432084453697 0.33452680462286566 0.0434424651536097 0.03642839600572696
0 0.19428813630551836 0.4295949513049104 0.04818452885594056 0.03804544000636341