0 0.6163715667823737 0.2651409554765761 0.04146330290255769 0.0703416749048598
0 0.521646854623989 0.19624105825204521 0.03315972958157989 0.055960839923887826
0 0.4856721490890261 0.17423606566641903 0.04604167549789597 0.06740767589344294
0 0.49728920616793504 0.12603864619876667 0.018606156260602268 0.041325336958138295
0 0.5338541887447399 0.14254305528629568 0.046150802902557686 0.07053267589344295
0 0.5127679063454202 0.34525156121779477 0.019459328130301046 0.021076503954332713
0 0.4550074808475243 0.2818867395826956 0.03595734736759475 0.046713173916276676
0 0.4190576010806099 0.4398239149818471 0.03305060217691817 0.05283583992388792
0 0.4311235806621898 0.4940975795065835 0.03305060217691817 0.05283583992388792
0 0.40618806804831814 0.5193668349437909 0.031597229581579886 0.05589717292769336
0 0.46399064436452075 0.4943230725865012 0.04064484736759475 0.046904174904859805
0 0.44903033247628843 0.5363978260465423 0.03584821996293321 0.043588173916276673
0 0.48164442503455973 0.5741869861226545 0.02605655771188111 0.07595500494291585
0 0.52136168946253 0.5913453112177948 0.05083830290255768 0.07072367688202626
0 0.44469998574166575 0.6140280775294171 0.052872028855940556 0.03960101087441501
0 0.3933730987183572 0.6004722549057349 0.04231647477225646 0.05009284190105419
0 0.3992857928205747 0.56815450342286 0.03126984736759475 0.04652217292769336
0 0.3715328150530932 0.557549925856262 0.03644842068857255 0.060775673916276675
0 0.358045723127794 0.6418121793163031 0.043988102176918176 0.053281508897248565
0 0.3353696257601992 0.5973591837649274 0.02609127404661713 0.032268671939110406
0 0.35193956686719174 0.6013781803048863 0.033958337748947985 0.03414950692008212
0 0.3392361810250096 0.5064476822820525 0.03595734736759484 0.046713173916276676
0 0.34100950135076236 0.5572289322820525 0.02260417549789597 0.06645267095052709
0 0.3134177254900467 0.48402885422116276 0.038973219962933126 0.04371550790866543
0 0.33791672848527166 0.44625959878395527 0.032251994009550165 0.07464717292769336
0 0.36418161732267873 0.5038665103429423 0.03715774881887368 0.08108817391627668
0 0.3618254544386545 0.41399092684484506 0.015481156260602268 0.04119800296574958
0 0.36990579454985517 0.28691909087528994 0.03623016587924912 0.054525673916276676
0 0.4807168089778255 0.30118056764358536 0.029325401451278665 0.03552100593149898
0 0.9346206028947084 0.46184622323389224 0.05289187622353566 0.08484984387822045
0 0.9630928324762884 0.5154513842985875 0.04927580290255769 0.0706600098858317
0 0.9954849198663412 0.7117387938804082 0.009030160267317556 0.05251750494291585
0 0.9181970278444502 0.7308654786710996 0.003397818511654549 0.007939833992388757
0 0.8921776756675319 0.6802898171121127 0.03968254809323426 0.06402800790866543
0 0.8869222351935114 0.798640569089279 0.026473219962932858 0.04320617193911023
0 0.8697421696770821 0.754745989051223 0.04426092068857272 0.061094008897248565
0 0.421679114875608 0.3356629969970694 0.042916675497895976 0.06728034190105418
0 0.3776488618803831 0.3742280898867068 0.038556557711881115 0.07646434091247105
0 0.3858358733131285 0.4294421719019292 0.04965774881887368 0.0815975098858317
0 0.4872520734906137 0.6451534021302658 0.052455366604888455 0.07234984387822045
0 0.4990551582443368 0.7143026501530993 0.04647818511654282 0.07990767589344294
0 0.49294153438305416 0.47201964965880777 0.037901793283910835 0.05771434091247105
0 0.5211359670525262 0.38324630973491997 0.04097222958158007 0.056279174904859806
0 0.5838046034428626 0.2735092123966583 0.03499504809323426 0.0638370069200822
0 0.42506949890369167 0.387943080000875 0.037465283665263985 0.04521434091247105
0 0.30675355243922153 0.5844426896964263 0.0348313569862416 0.05914950692008212
0 0.9130507147750915 0.8523412306482661 0.036393856986241604 0.059213173916276673
0 0.23091279345354682 0.6978459565023403 0.039409729581579976 0.05621550790866543
0 0.3230258823836212 0.6471509367306768 0.030362111795565028 0.06520850593149899
0 0.40742816423478667 0.6444941689361797 0.044206356986241604 0.059531508897248564
0 0.45903035896997624 0.7331454920541536 0.04675100362819702 0.08772017589344294