0 0.7015578869231011 0.2998114282615584 0.0810383576783142 0.08405575256024882
0 0.7558803792494312 0.19390233348087788 0.06747276514684693 0.06926521046687398
0 0.7068527286293756 0.09531364406069133 0.1032918659766839 0.06979583148532649
0 0.6933929572587514 0.14867386249066022 0.0475387734452168 0.05254814732681177
0 0.8117984925268228 0.22226952816273632 0.10352866431700995 0.0729208314853265
0 0.8657989082937254 0.2552332175829229 0.0829560551888033 0.08883425782192064
0 0.6173451398228861 0.48951169411716106 0.06965057178554286 0.05694722099021767
0 0.6216532089091364 0.5258587177946843 0.04716026514684692 0.06808214206513981
0 0.6775839001958482 0.5126376519531991 0.09247276514684692 0.07072129465362345
0 0.6588921771655499 0.5625543519673165 0.07407796265733602 0.07431673151356133
0 0.7992920342191644 0.5840715781486189 0.08802206348717298 0.07357327886860787
0 0.8501916833893273 0.5854667491529539 0.08525226099766244 0.0780787683452644
0 0.7498831074545997 0.6251369229292993 0.0876668659766839 0.06888577886860787
0 0.6983331854639198 0.5805454887707846 0.08070647095570589 0.05914675782192056
0 0.850430326960413 0.47876172284459473 0.06785127344521662 0.05373121572854593
0 0.8383643443823452 0.7001284886296103 0.06074916846619516 0.06265118942018652
0 0.7591611738415578 0.7512289860693615 0.09439046265733601 0.07549979991529536
0 0.5893250383683493 0.5796893730845911 0.06785127344521662 0.05373121572854593
0 0.4794880970816374 0.5897707573983976 0.0564168659766839 0.06706567363517095
0 0.4244812883683492 0.570088317978211 0.07661096680652087 0.06668624203690499
0 0.39255585952919203 0.6082484706372818 0.09221265601864026 0.0878177893919517
0 0.6681101213520467 0.7412176782615584 0.09019987012586875 0.061255289391951705
0 0.5566631358741938 0.762191059944529 0.0741012734452168 0.054095236775233244
0 0.5703238167879434 0.7268905967762318 0.061127676764564674 0.047117194681858446
0 0.544504832759983 0.8501537915286775 0.06519987012586874 0.0597992052052021
0 0.1354365634639511 0.8843959287556686 0.05641686597668398 0.06706567363517095
0 0.12035786035438464 0.7830763524614267 0.07407796265733606 0.07431673151356133
0 0.1719679045455258 0.7750965234657619 0.08333456348717308 0.0733002630835923
0 0.204257418442973 0.8978206629000658 0.07661096680652095 0.06668624203690499
0 0.427247400396341 0.7821178811182732 0.08548905933798814 0.0812037683452644