0 0.43407362328446536 0.26534440454156216 0.022497712873234654 0.03172277868534721
0 0.40947781487037654 0.2940876535916316 0.0242787341605581 0.034884146276527875
0 0.7402786087055313 0.660433473311423 0.03198197351689629 0.03350348423243048
0 0.7439063532576495 0.6227880029467008 0.025043558666190437 0.04582164627652787
0 0.6780356987985037 0.5648495227983328 0.0381991225281606 0.0554875870059723
0 0.6474141294886516 0.5186109556439925 0.03332595222957302 0.030414851823611144
0 0.6436389194654085 0.5429569922131245 0.024934298022528622 0.04425914627652787
0 0.6460972839477975 0.5781132422131245 0.0164662341605581 0.03470230832062491
0 0.580215557833011 0.5647787472471176 0.04670003737886681 0.043205792553055566
0 0.594103095211878 0.6067116741088536 0.03198197351689629 0.03350348423243048
0 0.6178026751653917 0.6546763954235064 0.02915190445914604 0.05995688145888885
0 0.5470042200858272 0.5710294004574996 0.054949579953513704 0.04963763050895835
0 0.5149019142696284 0.5819493698722913 0.04702781930985207 0.047893292553055564
0 0.5508390502914425 0.6930135032310412 0.041542643815484226 0.058685322188333444
0 0.6169664308653748 0.7658139171749996 0.03609031930985207 0.04763871941479181
0 0.5656606569801614 0.7818759814795482 0.05324496832111638 0.0698773953265972
0 0.4751452816020091 0.6736472138121178 0.04644866510280767 0.06191942496187508
0 0.669638326774546 0.6573825149145481 0.03140281930985207 0.047529616641249994
0 0.6148090791203346 0.5671036602411453 0.03921531930985207 0.04771145459715278
0 0.6326574968210323 0.6097269181249301 0.050229228964778015 0.07136716014423605
0 0.6841596486822882 0.6859978241851037 0.03663662252816078 0.05545121941479181
0 0.5620225687287744 0.640324261114826 0.031512079953513704 0.049092116641249996
0 0.5080288374182078 0.6627090606017357 0.060981058666190434 0.04665810087368065