0 0.6390625 0.22935951419342765 0.065625 0.052642941085271476
0 0.7421875 0.21025096391657247 0.05625 0.04110466378737554
0 0.56875 0.1955840939276471 0.08125 0.07083173658176474
0 0.80078125 0.298683605804723 0.0734375 0.06720608883351815
0 0.61796875 0.29789876311369345 0.1203125 0.09052247532299766
0 0.48203125 0.2464537839331844 0.08125 0.07864423658176474
0 0.584375 0.3695827984311539 0.1078125 0.09909643892580311
0 0.7 0.37779821175710415 0.1421875 0.09504928901808825
0 0.6484375 0.4709462368955317 0.06875 0.04815570018457009
0 0.6 0.5381127529346607 0.05625 0.044229663787375625
0 0.428125 0.478814503396086 0.0796875 0.06760660703211538
0 0.37421875 0.8072689728589875 0.0875 0.05716975478036197
0 0.66953125 0.7461569879752659 0.10625 0.07087130937615385
0 0.65859375 0.8062328948228112 0.0875 0.07591975478036198
0 0.5625 0.7702033621262444 0.0703125 0.06544332973421944
0 0.81484375 0.731376189857879 0.075 0.0657437183831675
0 0.790625 0.21339694787744348 0.0375 0.05709060919158375
0 0.5703125 0.45095271437799783 0.071875 0.0655434592838688
0 0.5484375 0.5289170280730883 0.071875 0.0780434592838688
0 0.4875 0.5992283305094118 0.0796875 0.058231607032115384
0 0.58359375 0.6844766132059785 0.046875 0.040503886489479515
0 0.45859375 0.6401432271779243 0.0703125 0.07794332973421944
0 0.47265625 0.7509608112310804 0.1125 0.08064682757475108
0 0.36328125 0.7025011297065328 0.115625 0.1120970866740496
0 0.184375 0.7202159631413801 0.0703125 0.07794332973421944
0 0.16640625 0.6385549529623473 0.08125 0.07395673658176474
0 0.78828125 0.6377658922019174 0.05625 0.07547966378737563
0 0.70546875 0.5821352583333315 0.0625 0.06494268198597286
0 0.79921875 0.5237837353543722 0.0875 0.07435725478036197
0 0.9578125 0.4479955860649662 0.084375 0.08040699568106327
0 0.41796875 0.9294653454688065 0.10625 0.07555880937615385
0 0.20390625 0.8517768437707638 0.096875 0.07495803207825773
0 0.28515625 0.5575076071889988 0.06875 0.05596820018457009
0 0.2609375 0.45515336520856337 0.115625 0.07147208667404978
0 0.325 0.3072980536729412 0.078125 0.044068977482466035
0 0.2578125 0.328009874307862 0.0734375 0.06876858883351807
0 0.153125 0.48159355413436644 0.0578125 0.07245479333702498
0 0.1578125 0.5883244154854186 0.0609375 0.04765505243632351
0 0.16875 0.3587172586378733 0.0578125 0.0568297933370248
0 0.19453125 0.3008151210686595 0.059375 0.08036742288667416
0 0.384375 0.639430630786267 0.05625 0.04579216378737563
0 0.43359375 0.8190890499723134 0.0546875 0.045692034237726276
0 0.4015625 0.8633292057401245 0.071875 0.0546059592838688
0 0.296875 0.759881635566629 0.06875 0.060655700184570095
0 0.51171875 0.8422075724898473 0.078125 0.05813147748246621
0 0.5421875 0.9457237962716857 0.06875 0.043468200184570094
0 0.6296875 0.9112102914913237 0.09375 0.06694527297895903
0 0.709375 0.6764161844592083 0.065625 0.051080441085271565
0 0.9046875 0.609993740753043 0.0703125 0.060755829734219446
0 0.7234375 0.45598376851236433 0.0671875 0.052743070634920744
0 0.7171875 0.28372803671096164 0.06875 0.0622182001845701
0 0.9 0.347794129401991 0.078125 0.05344397748246603
0 0.246875 0.5982420311554073 0.0703125 0.049818329734219444
0 0.3578125 0.9364453331303053 0.0734375 0.04845608883351815
0 0.64140625 0.9549905698689536 0.0796875 0.012919107032115563
0 0.7109375 0.8747535549095588 0.0625 0.05713018198597268
0 0.7578125 0.7186246684200792 0.059375 0.053804922886674156
0 0.2015625 0.5097395380952376 0.0796875 0.058231607032115384
0 0.90390625 0.49676255552786774 0.0734375 0.06251858883351816
0 0.875 0.5447087021963801 0.0703125 0.06856832973421945
0 0.175 0.7934729904392761 0.0796875 0.0691691070321152
0 0.28984375 0.822050968540051 0.071875 0.051480959283868796
0 0.27109375 0.49747127313584283 0.0484375 0.04216651603912887
0 0.65859375 0.5304516448228112 0.075 0.059493718383167506