0 0.3905004673774525 0.3452670708946136 0.0064499946689998925 0.017515048620519023
0 0.3721862720400891 0.31463786861062143 0.030269302673454224 0.05155585594746528
0 0.4276550220400891 0.31754486261772763 0.04901930267345413 0.05253850180902227
0 0.4265925087125888 0.3604317254625979 0.0861738573360908 0.024816293532136414
0 0.3253561780314985 0.24894094753429377 0.041206802673454224 0.05212906603337357
0 0.44449707670272554 0.2887581213241549 0.06460794000636341 0.050232373360319826
0 0.37735448269413513 0.22199666723114048 0.0614465773392725 0.04694359905006031
0 0.13288960407381478 0.5503828595655099 0.052326116008908664 0.06832727611928177
0 0.20875267007476933 0.5613856365893028 0.0726204346753633 0.0678293091359686
0 0.12170775075585953 0.6630090123244718 0.03475680800445433 0.034614017412854636
0 0.1493242207590412 0.6878795375392425 0.039426126670908876 0.033297178878243724
0 0.13568952943981327 0.7910078595655099 0.04911020934118149 0.06035100180902227
0 0.17128158410244984 0.7632037641334941 0.02897952267663593 0.07491146879233561
0 0.19166626209417748 0.7033717407277459 0.0381908906747269 0.06134029172311415
0 0.22387023476285922 0.7198941774079058 0.034956802673454225 0.05180151741285464
0 0.25144125143217727 0.7408584526226765 0.04240567600254534 0.020960953188503238
0 0.31351399009385933 0.7074151888278666 0.03797271467218159 0.04259029172311415
0 0.3418838907542687 0.662836351197767 0.03822725334181776 0.06446529172311415
0 0.26523957475331417 0.651792630596409 0.04589430267345422 0.05237472749876275
0 0.301096353437268 0.7809378980092635 0.06469884667409058 0.058044873360319826
0 0.2749338427752678 0.8139208163720578 0.06929544000636341 0.050478034825708916
0 0.3240349614496765 0.8734905681810801 0.07094884667409058 0.05837242198083885
0 0.36286165145603977 0.9223718034817591 0.056759077339272504 0.04669793758467122
0 0.4160321047899034 0.9290622167561707 0.07558180267345413 0.053930583446228295
0 0.24432982745858514 0.9348983796918979 0.053688621339908774 0.051221663274411355
0 0.31054517345635796 0.9219723337849123 0.042460220003181705 0.02564845318850324
0 0.41860202677431324 0.8144231846439951 0.08666475334181775 0.06700379353213606
0 0.28689913546303947 0.9699218328804011 0.04260567067154515 0.03814845318850324
0 0.30746617413267574 0.987140892129941 0.05352498933799978 0.025718215740117855
0 0.35833833080040295 0.9933449655129752 0.06909544533736342 0.01331006897404947