0 0.6480208046318381 0.17510454272865933 0.043497028855940555 0.039957142065139895
0 0.6089682283156356 0.15476892690129146 0.059122028855940555 0.04086719468185844
0 0.5731745720550334 0.19739604265807215 0.03406746515360979 0.037848610495108834
0 0.5926686165200705 0.2196504742563381 0.051800602176918176 0.054474668373499215
0 0.5193129620735668 0.22158397155491505 0.08434028366526398 0.04857327886860805
0 0.4929315113479273 0.24027305837250051 0.029489092558271323 0.04070059471009326
0 0.725910158538037 0.4005680033367076 0.07690972958158007 0.05905575256024882
0 0.4239483544543529 0.40724002147021043 0.05470734736759475 0.04840667889684287
0 0.5052157126217209 0.4243372452324383 0.043497028855940555 0.039957142065139804
0 0.551882381496195 0.4052463400131188 0.02921627404661713 0.03288809471009326
0 0.5910713670682247 0.42167570584048664 0.043060519237293704 0.027457142065139807
0 0.6266467685195035 0.3852985900837059 0.04059028366526398 0.046025131541796147
0 0.4800991507334887 0.38447808468085976 0.09102679328391083 0.06143729991529536
0 0.4290500275051782 0.5067394925310152 0.032232146641955416 0.02994510523343692
0 0.2995162949283733 0.5322161766189428 0.052599210344286274 0.032690673635170954
0 0.2908307756910796 0.557671202927302 0.043333337748947896 0.03526964206513981
0 0.3328719427514551 0.5817310582313262 0.05454365626060227 0.04371917889684287
0 0.3440351320443491 0.6192842661379514 0.05470734736759484 0.04840667889684287
0 0.3758506164352525 0.5566176661661862 0.033958337748947895 0.03472361049510884
0 0.4112524030957413 0.5475387977785696 0.043333337748947896 0.03526964206513998
0 0.33933276307720794 0.5306767924463106 0.043497028855940555 0.039957142065139804
0 0.38464526307720787 0.5280376398578269 0.04322421034428627 0.032144642065139804
0 0.4936308826773213 0.48816452680246947 0.06602679328391084 0.059981215728545936
0 0.5646874271423584 0.5074157847655643 0.04360615626060227 0.04308214206513981
0 0.5076363297747636 0.5559589715549149 0.06580853847458741 0.05373121572854593
0 0.7119716549098399 0.4871425401684105 0.051800602176918176 0.054474668373499215
0 0.6963168838584476 0.5558848348926213 0.05939484736759475 0.04867969468185844
0 0.6881397961094997 0.5891068585701447 0.05012897477225664 0.05125866311182729
0 0.6493773964723194 0.5827882401119409 0.05454365626060227 0.04371917889684287
0 0.4051263994675443 0.6336583083019134 0.02452877404661713 0.03261507892507787
0 0.4057638057281466 0.5930788109327493 0.049583337748947895 0.03563366311182729
0 0.3291988165279197 0.6645890608621621 0.06123016587924912 0.05658319994353036
0 0.35644087360682863 0.7105617135212329 0.07071429328391084 0.06025423151356133
0 0.2777900839511149 0.6855154818664972 0.043333337748947987 0.03526964206513998
0 0.22841756652791972 0.6704589002399963 0.0386458377489479 0.03499662628012423
0 0.6643178609929569 0.6684604296027146 0.06386409255827133 0.042702710466873836
0 0.6625023898488974 0.6311424401260582 0.043497028855940555 0.039957142065139985
0 0.4248634913928434 0.7159324820076716 0.043333337748947896 0.03526964206513981
0 0.5346080244251352 0.7882863531672984 0.05481647477225664 0.05153167889684287
0 0.5972717155321279 0.7799586427004245 0.07254961179556503 0.06815773677523325
0 0.6752603062763007 0.779314629616832 0.06580853847458741 0.05373121572854576
0 0.8182489036438956 0.7257661534355296 0.04360615626060209 0.04308214206513998
0 0.7747370058208137 0.6768428060240133 0.045659729581580065 0.0572356473268119
0 0.6778743855877283 0.8384166138318164 0.06397321996293322 0.04582771046687384
0 0.721505334499269 0.8616042138741686 0.05950397477225646 0.051804694681858623
0 0.7708704174388936 0.8322205507623416 0.04985615626060227 0.043446163111827474
0 0.7766219096343452 0.8014787849773259 0.06602679328391084 0.059981215728545575
0 0.47144333631336754 0.8332873110033365 0.043497028855940555 0.039957142065139804
0 0.4638689384902858 0.7822708425733675 0.06564484736759475 0.04904371572854575
0 0.3701288621740832 0.7651204109045144 0.03886409255827132 0.04124662628012441
0 0.518928526957024 0.29957246366240725 0.05454365626060227 0.04371917889684287
0 0.5338194061757842 0.2527051689381965 0.040699411069925695 0.04915013154179615
0 0.5743228658870982 0.34312577161138474 0.0817063569862416 0.0624537683452643
0 0.36563485744957785 0.4472804635212329 0.07491071996293304 0.0464647472985769
0 0.37046620118897555 0.4875414424745455 0.07965278366526399 0.048300263083592476
0 0.28782233757931197 0.5991684581889739 0.043333337748947987 0.03526964206513981
0 0.4590500076349123 0.6523481241433986 0.06161211179556503 0.06752069994353035
0 0.5127305683420182 0.6110181978773918 0.10234623920022674 0.07301183674699843
0 0.5993153982864179 0.5428226637471119 0.0817063569862416 0.06245376834526439
0 0.6454091482864179 0.5401380085277923 0.06844246515360979 0.039850726251889415
0 0.48208571435100145 0.707142039956649 0.061339293283910835 0.05970819994353036
0 0.51839523658352 0.7167221663073606 0.05901290145127884 0.037742194681858264
0 0.5777255965649866 0.6922157189946663 0.10040179328391083 0.06198333148532651
0 0.5454289625369029 0.7463340715972674 0.0386458377489479 0.03499662628012423