0 0.2795682266470464 0.13798508358749975 0.044349984006999674 0.05258079255305557
0 0.5483358606381377 0.1973366741088537 0.042769302673454135 0.050981924961875036
0 0.638825047979001 0.13977678761597168 0.03025112133990877 0.04912848423243057
0 0.32819279925209466 0.5906366516917705 0.0504727146721816 0.04178876291777769
0 0.40504620058882174 0.5638546397239232 0.05995680267345431 0.051381968464861136
0 0.5737041992361863 0.7020780722852425 0.06448067067154532 0.03742857123840295
0 0.20221955056495924 0.7443091251906248 0.047347714672181594 0.041716027735416716
0 0.24170985924573127 0.6395118692067012 0.03492044000636341 0.0476750870059723
0 0.299104188574186 0.6741037683330205 0.03799089600572696 0.043060322188333444
0 0.3087968145687772 0.7137111289903469 0.056577264003817976 0.02943423328249999
0 0.14600700791695836 0.6081547260643054 0.030160214672181596 0.04131598423243066