0 0.28181508724110854 0.4373682812876824 0.0633946420651399 0.0457367052052021
0 0.5379040054734334 0.25317310473932675 0.06724768415851479 0.058418715728545755
0 0.2563292398295921 0.39041768657758913 0.05687162628012441 0.0406851841585147
0 0.193391082120611 0.5827270129424181 0.04840667889684287 0.05576415258848364
0 0.2437697846949772 0.5253009207925736 0.04013915258848364 0.04749662628012441
0 0.24229131370475954 0.5910624286850814 0.05778167889684287 0.056310184158514784
0 0.32111426371887697 0.6105474470303457 0.06421368942018653 0.0597992052052021
0 0.2704394295321274 0.6326807812876825 0.04418961575678067 0.03683214206513998
0 0.23653486639206517 0.6495196707925736 0.04226309471009326 0.030491136803468065
0 0.2390760374669875 0.6731846839467532 0.04978716837349921 0.052730157850155376
0 0.199695019051136 0.676378302404957 0.05273015785015547 0.04978716837349921
0 0.32728866900878373 0.6391274733387049 0.05907116311182729 0.051713689420186525
0 0.28865110323788556 0.6564745970585806 0.04409861049510884 0.03526964206513981
0 0.3402745164203001 0.6853500259554235 0.06246917889684287 0.05658319994353036
0 0.3079331823041377 0.7830216865070019 0.05273015785015547 0.04978716837349921
0 0.29646433226178537 0.7376713891519553 0.06384966837349922 0.0535492052052021
0 0.3934758401542931 0.74096996537561 0.05621917889684287 0.05621917889684287
0 0.3659199875516921 0.7699371285580245 0.04326415258848364 0.047678636803468066
0 0.4764850322053157 0.6885799837208743 0.03499662628012423 0.039411110495108835
0 0.49804921906525335 0.7086495600151161 0.04023015785015538 0.04905912628012441
0 0.46600328753757464 0.7608722126741869 0.055491136803468066 0.04371917889684287
0 0.48977471650500465 0.7834220468609365 0.06090667889684287 0.05649219468185827
0 0.4273433349632085 0.8189808442865703 0.06090667889684287 0.05649219468185827
0 0.46122551129980255 0.8429034626741869 0.04978716837349921 0.052730157850155376
0 0.41133963238884225 0.8784090521931954 0.054474668373499215 0.05300317363517095
0 0.5713146008893982 0.9716038572995757 0.06210515785015538 0.05033319994353036