0 0.8522706654221182 0.28279381558314765 0.034286468792335614 0.02984463025772479
0 0.8253274643813213 0.5160909944613914 0.0530298247398008 0.06043288896415202
0 0.8848086849826793 0.5897465004542852 0.0432453889641522 0.05212906603337366
0 0.8416318950685875 0.6029768407979184 0.027627033016686654 0.021704581637205678
0 0.8564313794647553 0.6163023564017506 0.02779080732694652 0.024829581637205677
0 0.8549474445936177 0.6328314371344451 0.0434976944820761 0.02721095318850324
0 0.8482404211878694 0.6543346229100939 0.07704717887824372 0.042993083446227945
0 0.8596249785148157 0.6772398564017506 0.04678646879233561 0.03049972749876275
0 0.7861055913596858 0.6795260526928489 0.049331614653892505 0.049331614653892686
0 0.7517239473071511 0.7110969572608331 0.048840291723114146 0.039956614653892684
0 0.7543919239014028 0.7321088201057033 0.049911468792335614 0.030663501809022265
0 0.8198531495911434 0.7255445595902538 0.05344590456798422 0.03863977611928178
0 0.8291805619610436 0.754041373814605 0.056898453188503596 0.04505355042954129
0 0.8251857807533792 0.7824529788575593 0.044070904567984216 0.03814845318850324
0 0.8056069431232796 0.8124647054518108 0.04760534034363317 0.04612472749876275
0 0.8087629206220424 0.8577362618742459 0.02779080732694652 0.024829581637205677
0 0.7636994041136991 0.8499137957954439 0.03272396879233561 0.029762743102595125
0 0.8345474926483097 0.8415004302370402 0.044070904567984216 0.03814845318850324
0 0.8710714908392875 0.7910157513587964 0.03757524310259512 0.033133404567984394
0 0.8789592339418825 0.8219382027382774 0.05549972749876275 0.04809666327441135
0 0.936038071571982 0.7899611844209117 0.05558161465389233 0.04965916327441171
0 0.9554531348918222 0.7568244578266601 0.05221095318850359 0.0448078889641522
0 0.9346968995911432 0.719525853688217 0.040700243102595124 0.033297178878243724
0 0.8671442294193268 0.7011310577812315 0.06010534034363317 0.0467798247398008
0 0.920968592264197 0.696743450929255 0.06174972749876275 0.048424211894930735
0 0.3628650859326189 0.5559955359573628 0.05221095318850324 0.0448078889641522
0 0.836198608095172 0.2601342435568803 0.048840291723114146 0.03995661465389251
0 0.8613280828804012 0.23139841191967445 0.05229284034363317 0.04637038896415202
0 0.810966234734852 0.1972181637286968 0.05903416327441171 0.056072937584671044
0 0.6758874706013579 0.041351023294206694 0.04669793758467122 0.05854284034363305
0 0.6911096788782437 0.011895854534927728 0.05204717887824373 0.023791709069855456
0 0.5297394889187235 0.10776499660909802 0.06125840456798422 0.03904921189493056