0 0.6986055008140741 0.38125884780474173 0.0763091298696164 0.07849318114108117
0 0.6663481542226408 0.30313169375196575 0.0763091298696164 0.07849318114108117
0 0.7287487426963993 0.2669437907326471 0.09549550649282175 0.10436647642635144
0 0.5664515198887976 0.3821406435042968 0.08469437418757338 0.1116695541766104
0 0.6132798810907276 0.47658415632457823 0.07159435633066594 0.07671235731976367
0 0.5694520146137918 0.5238016046291673 0.05416139448011279 0.061849336641598994
0 0.594442331984232 0.570314885646414 0.06687958279171564 0.0749315334984459
0 0.2873913112846555 0.3331764888323483 0.06041139448011297 0.06214043507002263
0 0.3330235909126858 0.5409376389561829 0.05755912986961631 0.07761988585581073
0 0.28943723214638784 0.5295249499572188 0.05583298863591431 0.06817211124870504
0 0.40361278044210447 0.5731551335794993 0.06219208279171564 0.0747132096771285
0 0.6798128161559195 0.5172134644301302 0.06219208279171564 0.0747132096771285
0 0.44056553531336845 0.7406358860606986 0.09042617694751698 0.08227315260503384
0 0.3127057678634981 0.9434440547957831 0.08091480925276535 0.0740240049623985
0 0.18051660511944054 0.856753075888232 0.04500458279171564 0.07391268899896417
0 0.288648479307014 0.7538892491714305 0.06687958279171564 0.0749315334984459
0 0.4977819715963763 0.8222711838271684 0.060520488635914305 0.06839043507002245
0 0.5532194939175106 0.7818495450758733 0.07159435633066594 0.07671235731976349
0 0.8487990008173695 0.8698954704259861 0.057477309252765355 0.07293238585581108
0 0.8272455547951291 0.9400431505336101 0.08469437418757338 0.11166955417661058
0 0.6611754590111792 0.24112184532354233 0.0652352621748646 0.07017125889134013
0 0.5413442000827254 0.25274208787994423 0.09845686525911965 0.09513702564056317
0 0.5307282540604851 0.3233991902373091 0.07620003571381488 0.07224318114108116
0 0.4077174480541307 0.3379988835794993 0.08266822402541774 0.08503427956950453
0 0.5160463709444578 0.4478169933804622 0.08735572402541773 0.08525260339082212
0 0.4805025629095086 0.5579710893276862 0.0857114034085665 0.08049232878371626
0 0.44432750933878606 0.6594950479713575 0.0766636858759707 0.09880568114108108
0 0.5271087816599204 0.6203469648444149 0.0575591298696164 0.0776198858558109
0 0.585801943186162 0.6621748999144375 0.07491027110331831 0.0877954065339754
0 0.6148933794691699 0.7425002547530017 0.04971935633066593 0.07569351282028158
0 0.6667831619365738 0.726151816787495 0.07501936525911965 0.09404540653397539
0 0.38908485593021946 0.7335468240262053 0.07630912986961631 0.07849318114108109
0 0.340129158690163 0.7609783112059237 0.08099662986961631 0.07871150496239868
0 0.3591127581209701 0.6140861945805354 0.06827844155801355 0.06562930810555194
0 0.26536671226088543 0.6542873554577368 0.07022277110331832 0.08757708271265763
0 0.2354983855582497 0.9320292117440431 0.07022277110331832 0.08757708271265799
0 0.6104359302005185 0.863484842842343 0.08598413879807013 0.09611732878371626
0 0.7824530263849148 0.7737610250168814 0.05876707386326192 0.05738016046291676
0 0.7792343433483178 0.644600063892011 0.06348184740221222 0.05916098428423418
0 0.3086103774405749 0.8197154563673597 0.0575591298696164 0.07761988585581073
0 0.38704724878877456 0.9398695986333113 0.05583298863591431 0.06817211124870468
0 0.38794154708449125 0.9764020461115852 0.052407979707460584 0.04719590777682967
0 0.43300067695410754 0.9052613122393811 0.041715941558013725 0.06439213978475208
0 0.43281371632137056 0.960766449542934 0.05416139448011279 0.061849336641598994
0 0.44078017492551264 0.9858969203877141 0.047720479707460586 0.028206159224571793
0 0.4796341692434698 0.9660746877561097 0.06041139448011279 0.06214043507002245
0 0.4622245267919517 0.9332065297743923 0.04944662094116268 0.06006851282028158
0 0.20542292208284363 0.7289020576912671 0.04780230032431154 0.05530823821317572
0 0.2090740276027307 0.7884953815125847 0.05583298863591431 0.06817211124870504
0 0.23131149188891573 0.8583370006191725 0.06558981818121908 0.09048375889134022
0 0.3927355560096497 0.4796041867226524 0.04971935633066602 0.07569351282028158
0 0.42775543831489804 0.48905411538253424 0.06816934740221221 0.05937930810555194
0 0.4172912711066137 0.4166333058292403 0.0652352621748646 0.07017125889134021
0 0.49459015665827283 0.37801176157742733 0.08091480925276535 0.07402400496239867