0 0.3824324448044245 0.13243952227409458 0.0828864123370204 0.0980081320667471
0 0.5372466298696164 0.10308729420950488 0.09083528003177203 0.10623006784239589
0 0.681516601459402 0.2745605817487474 0.07976141233702042 0.09784435775648763
0 0.5736046899331605 0.30793192446722967 0.060684129869616396 0.07811171189493056
0 0.5685468173671449 0.46533498869158085 0.07868983603812651 0.12588747060135788
0 0.5060059070587194 0.4597157524863908 0.10196369480442442 0.11774077792830404
0 0.44586724796810984 0.41285404059146025 0.07159435633066594 0.07712242198083885
0 0.35835756533854995 0.36299680348175906 0.05580571509696393 0.0669285504295413
0 0.29479567166921594 0.4330359865438743 0.0658898271096728 0.10804487336031983
0 0.19780939772322853 0.6004514586155703 0.07332049756436802 0.0865793091359686
0 0.3499112345721339 0.8628772947753317 0.0723034683433748 0.11774742198083885
0 0.4015185990204747 0.8234330144721784 0.09313416558343128 0.1484994549975255
0 0.45118026501423836 0.3147850327895442 0.0827227711033185 0.08863313206674714
0 0.430195203729583 0.6329242011523384 0.08935460064862308 0.11083568068726617
0 0.39709318831160273 0.03329933740295697 0.06293637662320543 0.02827548620519007
0 0.4809187633926806 0.050961550202398696 0.06808752678536116 0.05508364767057934
0 0.43155969155801355 0.08505991123824663 0.06232845048646744 0.08288109905006032
0 0.47762221387914794 0.13040338873700946 0.06561709172016936 0.09241987336031983
0 0.56337452759614 0.21373154511401604 0.07348413879807011 0.09595430913596861
0 0.4853586217519414 0.21588718735752846 0.09387845941492116 0.10170634215265535
0 0.4090688571414448 0.2274997167561706 0.07688187418757338 0.11174308344622812
0 0.3644245588457282 0.2634062392574078 0.08165119480442451 0.11667624491161739
0 0.3064484176120262 0.251001414517607 0.10536143019392785 0.13352955223856364
0 0.20377520535443602 0.4056302815463487 0.09568642126547414 0.11585072930778502
0 0.275790527189103 0.3727192842598822 0.09420574188232518 0.12045634215265535
0 0.6570444813290184 0.34820944368910656 0.1162443831160271 0.13097776232447184
0 0.6136745365245938 0.2335394340781681 0.14208986282348768 0.18072545680654795
0 0.7092443607948928 0.11912613127377761 0.07828073295387128 0.10244997060135783
0 0.7950120856310894 0.3374877069180896 0.09272506249917604 0.1250619549975256
0 0.28071162661991017 0.5204983649925768 0.06876936525911974 0.09414614767057934
0 0.3500088717486462 0.6896035690855913 0.09552278003177203 0.10647572930778501
0 0.30804924268980877 0.7451641723195231 0.06400004464226869 0.08921298620519007
0 0.2707128839235108 0.7525738805964091 0.11163870373287824 0.13541960085908258
0 0.22446912945928393 0.7415644595200813 0.09585006249917613 0.12522572930778503
0 0.11674240421605027 0.6961114393936934 0.07348413879807007 0.09595430913596861
0 0.041902091309837 0.7460461623699004 0.059203450486467336 0.0827173247398008
0 0.12032887458801997 0.9015801893936934 0.06655230032431159 0.056564260515449404
0 0.22707375242904143 0.8907832095200814 0.08984552434972919 0.13896068068726636
0 0.29146748903636077 0.8684002764579659 0.06737050649282175 0.10343926051544941
0 0.03526098457542921 0.3655774123699004 0.038890950486467346 0.08165279172311415
0 0.05866725689656356 0.40973352611928177 0.07041368587597074 0.0989155348257091
0 0.21482397930042346 0.23371101594251648 0.07660913879807003 0.09611808344622812
0 0.3204488676947517 0.024599366801599135 0.04402273538950343 0.017917840343633057
0 0.2853256197233466 0.11408126865604998 0.06548072402541774 0.08460737336031983
0 0.10334851136079044 0.42066106004047976 0.05292617694751698 0.08082727611928178
0 0.17662809861673295 0.5048966191764483 0.07660913879807008 0.09611808344622812
0 0.029259995125440752 0.6478167022839921 0.037082988635914284 0.06750840456798421
0 0.18467201825735396 0.8315819499091429 0.06232845048646736 0.08288109905006032
0 0.15763223132572307 0.8028461182719372 0.04492276217486459 0.06948034034363318
0 0.5961963047852431 0.5737173767512218 0.04977390340856669 0.07910100180902227
0 0.5925966030842551 0.05447273179417596 0.06954093262956 0.048915534825709095
0 0.5029152779965866 0.9845708310713789 0.06345457386326174 0.03085833785724219
0 0.021223172883736645 0.8581400486205191 0.013590941558013603 0.06315509724103804
0 0.5218433668806775 0.3832727611928181 0.06232845048646744 0.08288109905006032