0 0.5433009006829073 0.5786587560808328 0.06390181369509058 0.02332970364722229
0 0.5930098064507183 0.5455182945498258 0.03860142504614252 0.018060322188333443
0 0.6442521314045758 0.5614874802452772 0.03607720234403846 0.027362587005972293
0 0.6375923187892194 0.6045471492232286 0.07281573874123311 0.040699041603125076
0 0.6565030050941291 0.6259493705378814 0.05536742288667433 0.06057513050895835
0 0.7602683551864141 0.5892104771111452 0.049038277297895935 0.01050239532659738
0 0.7338653439276471 0.5508207775479855 0.03537629549649317 0.016425087005972117
0 0.7027097717515668 0.7691895710509715 0.06137759099298634 0.03263196846486114
0 0.630745134182353 0.7966073626540966 0.07411742288667433 0.061011541603125254
0 0.7501960410298982 0.7829059257243743 0.04575259099298634 0.032268292553055744
0 0.7721501866186765 0.7324695146302076 0.054927331893687634 0.029361498100139015
0 0.4457810464285691 0.8953027018442704 0.06117733189368781 0.02950696846486096
0 0.863011425821335 0.5197318188667701 0.08797966378737528 0.05821384992375016
0 0.9040708150885918 0.7067765707666311 0.07820414558877822 0.051745644376666886
0 0.6752542026578056 0.6863595404657633 0.04555233189368764 0.029143292553055568
0 0.7465050462716856 0.5240037044097215 0.07527940468807692 0.054797909194305564
0 0.7150607749907693 0.8320889613435757 0.04983931369509058 0.023002395326597026
0 0.570774772517534 0.0647235426499648 0.04721496144333699 0.03074216014423614
0 0.5686720519748982 0.09753604264996481 0.07215440468807692 0.0547251740119445
0 0.9479686142857127 0.5817213661694783 0.02740310919158375 0.03808188145888884
0 0.9448645982465838 0.6301588661694784 0.029566386489479513 0.047493249050069505
0 0.7711500886858598 0.8089410956522564 0.0509407387412331 0.040189895326597024
0 0.5763685148117365 0.8173751107542355 0.05825259099298634 0.03255923328250034
0 0.5875971090439254 0.8490972362292009 0.08541586829088228 0.042552482332569495
0 0.6576790715669967 0.838885128421666 0.05184190468807692 0.05425239532659702
0 0.678112685077517 0.8852146145539578 0.047415220542635694 0.03386716014423641
0 0.48955203038944006 0.9426491741088536 0.041165220542635696 0.03372168977951375
0 0.4516212338132128 0.9380714300927773 0.03345285009228505 0.03510235182361114
0 0.8513346437430769 0.6167341054359021 0.05582849784053181 0.043423998100139014
0 0.8295270997877433 0.4822870234639229 0.0523029796419344 0.037101262917777864
0 0.6247754503414538 0.28111030243361057 0.059854663787375625 0.05755923328250008
0 0.5111494486434106 0.07001176111482596 0.04555233189368764 0.02914329255305559
0 0.4387237361203393 0.08027842030913157 0.07740310919158375 0.039245644376666736
0 0.3739498372923586 0.06852460913871497 0.03950259099298643 0.03212282218833336
0 0.3882335803525283 0.11343706563572883 0.05094073874123293 0.040189895326597246
0 0.3804618507105939 0.14950185220486079 0.04585272054263569 0.033830792553055565
0 0.5588350655500169 0.5431933815557981 0.047715609191583755 0.03855466014423605
0 0.4918700061738631 0.6508435338162496 0.08807979333702498 0.05977634992375016
0 0.4674695859080826 0.5812038342530899 0.05925388648947951 0.04818423328249999
0 0.4244100007751923 0.5471022443973259 0.05682979333702498 0.059048998100139014
0 0.8487942273348077 0.8024533998888188 0.05330427513842757 0.05272626291777769
0 0.7195549151808768 0.6767474979127077 0.06277940468807693 0.05450696846486114
0 0.6743134639165724 0.7253856728745827 0.05865310919158375 0.03880923328249999
0 0.5431240206718326 0.7518416829425689 0.05240310919158375 0.03866376291777769
0 0.9538366849206336 0.5144974985782977 0.02544009099298634 0.03179551386770836
0 0.7175370419527489 0.44042879141569385 0.0476154796419344 0.03699216014423605
0 0.287269748615724 0.5081696438079858 0.04312823874123302 0.04000805737069442
0 0.42116747995570136 0.6829124578281941 0.04126535009228505 0.03528418977951393
0 0.7029157325765951 0.5468606293715966 0.05220285009228505 0.03553876291777769
0 0.8397277128368383 0.7004733258006242 0.039702850092285046 0.035247822188333444
0 0.6201964628368384 0.7055829723614926 0.06454216378737562 0.05766833605604162
0 0.7928527128368383 0.701564353536041 0.05124112739018081 0.04487739532659738
0 0.5484111004060521 0.6815109991469787 0.052603368290882455 0.04178876291777787
0 0.5158093514857862 0.7033321009705898 0.07810401603912887 0.05018314437666671