0 0.9412378818643106 0.5377174462415963 0.05066584486680341 0.05581489532659738
0 0.8442289361992042 0.677344950325659 0.08740184091247087 0.03793771751493047
0 0.6744828274922361 0.8014942311952078 0.1013661818249421 0.07416615824437507
0 0.6948510187087182 0.6847243052834022 0.10723417984777565 0.06493662860909737
0 0.711923113575522 0.6296913131671869 0.06807883794672147 0.023438806420763923
0 0.7758847958947556 0.5540542271111452 0.07234984387822045 0.05163654160312507
0 0.5521847217510174 0.9104899843293397 0.05940417490485981 0.04040810087368065
0 0.536884668404707 0.7687934468102773 0.08673067885919253 0.05977634992375016
0 0.6199491777962473 0.7223710820688883 0.07203150889724856 0.04382404160312507
0 0.4069146200013126 0.606350611038576 0.10041117688202625 0.05072865824437507
0 0.5306611150955778 0.23194806345152733 0.06559050790866543 0.03899107123840286
0 0.49920552665456464 0.25687598147954815 0.05777800790866543 0.03880923328249999
0 0.5525254807226281 0.07845938753972176 0.04384284190105418 0.041606924961875034
0 0.6604334812169197 0.07360627374826334 0.08991934585538672 0.06141158510611118
0 0.8239826921678844 0.2547802725139924 0.08752917490485998 0.041062717514930645
0 0.9019830167687328 0.29433177536378397 0.0799713428896375 0.04713087955902786
0 0.38050460619832915 0.2775904846136802 0.05934050790866543 0.03884560087368065
0 0.34474883692095726 0.36974227023288164 0.07828150889724857 0.043969511967847284
0 0.629161057226281 0.8985517223614924 0.060202670950527094 0.02169446846486096
0 0.49178573262543235 0.8603821879765621 0.07040534190105419 0.04222517401194459
0 0.879012454487993 0.5898988485020478 0.10219385277546919 0.09447865824437507
0 0.8423228793928527 0.5517273544859715 0.10560801285158128 0.0633377610179167