0 0.4953125 0.1765625 0.0640625 0.04921875
0 0.74765625 0.33984375 0.06171875 0.06015625
0 0.7578125 0.57578125 0.06171875 0.0265625
0 0.7734375 0.60546875 0.04453125 0.03828125
0 0.7171875 0.65546875 0.04453125 0.03984375
0 0.76015625 0.6796875 0.04140625 0.03515625
0 0.83671875 0.7078125 0.03671875 0.02890625
0 0.64453125 0.72578125 0.05625 0.0640625
0 0.70234375 0.7421875 0.059375 0.04921875
0 0.7453125 0.78671875 0.03671875 0.0265625
0 0.81171875 0.7921875 0.046875 0.0375
0 0.6140625 0.8984375 0.08359375 0.0421875