0 0.8419860917168741 0.6139174101065928 0.042760244317956976 0.03502345318850324
0 0.8626122374148031 0.6329506931232796 0.04881932954530477 0.024413501809022263
0 0.8444486185022353 0.6655617972617226 0.05098184740221221 0.05887038896415202
0 0.7656650994275118 0.6684577459276702 0.04306025324641087 0.05221095318850324
0 0.7133895332748877 0.6696207762308235 0.06337275324641087 0.05327548620519007
0 0.612553736196987 0.6612140547249544 0.06819662094116268 0.06133364767057934
0 0.62803841436232 0.6987107326986871 0.04914661201270896 0.043163501809022266
0 0.630941271910802 0.7308648134313818 0.050790932629560005 0.04793288896415202
0 0.676031629459284 0.7652298473525796 0.047611385551659245 0.04464411465389269
0 0.6947037629823483 0.7170346867917016 0.053806838473758486 0.041846663274411534
0 0.7531884188265469 0.7138554551090672 0.07280230032431163 0.056891809135968606
0 0.7576946866834543 0.7484351729968916 0.04593979139585791 0.03831222749876275
0 0.7255367516182625 0.7842155427391668 0.05070911201270878 0.043245388964151844
0 0.7425175202859489 0.9521400271353346 0.06030230032431163 0.05623671189493038
0 0.6650646761301475 0.9418366129564119 0.05232615909060954 0.04645227611928178
0 0.6531726022668856 0.8865759028705036 0.05254434740221221 0.05895227611928178
0 0.5743948116818067 0.9726595299066686 0.07299321509696384 0.05468094018666285
0 0.5331583368456101 0.7632059226582074 0.06035684740221221 0.05936171189493056
0 0.7865169362764173 0.9240050610565327 0.05070911201270896 0.0432453889641522
0 0.5775277199616374 0.8904168758467106 0.03968979139585791 0.03798467887824373
0 0.8771484756469754 0.3925270889848367 0.03963524431795733 0.034859678878243726