0 0.23376225737719275 0.3529274570469937 0.03453150889724856 0.043142246239076344
0 0.362006685210621 0.6909777233443297 0.04853034190105419 0.04198892319868044
0 0.5327448799243253 0.15851090116186367 0.03332183596955503 0.013454746239076342
0 0.19390262543852002 0.584282757126136 0.04534167490485981 0.040335494985435004
0 0.14703294262499483 0.662118252111571 0.04071784190105419 0.041761602665567034
0 0.10774760813831445 0.6687236047771381 0.04046317391627659 0.035511602665567035
0 0.17292693916495372 0.6777516122989855 0.03258700692008221 0.03372178213245362
0 0.18772426821442662 0.6976094712327587 0.04502333992388783 0.032522994985435004
0 0.1935776787848304 0.7263111327529567 0.03628500988583174 0.04787521034569906
0 0.23229001030576124 0.7337682800873896 0.04377917490485981 0.04029003087881229
0 0.25666792779624725 0.729157336434738 0.03258700692008221 0.03372178213245362
0 0.26723535467827336 0.6804697838483132 0.03928267589344294 0.04484113855894432
0 0.30623418768207894 0.6808956811827462 0.04052684091247105 0.03707410266556703
0 0.3382216753247893 0.7384892208370473 0.05564250494291585 0.025028743731793847
0 0.3217690043742622 0.759256361903274 0.037019838935304604 0.027608174452321776
0 0.3086005009142211 0.7760263247562555 0.024456171939110226 0.02568196159934022
0 0.2746247489370547 0.7863788030486432 0.05691584486680377 0.05627874373179385
0 0.26761067536197036 0.34569997875460606 0.03558467292769345 0.03068771034569897
0 0.39598243718778736 0.6806252450519421 0.035839340912471054 0.03693771034569906
0 0.295076511788636 0.7249184658224823 0.043588173916276673 0.03560253087881229
0 0.4037338591640787 0.2605855296916782 0.051209672927693364 0.031142351411925874