0 0.5038544422422463 0.49110311906490667 0.04109984387822045 0.05204717887824373
0 0.690154039580508 0.5478876283371609 0.021776840912471052 0.037002033016686656
0 0.5815178217094612 0.7062500842391977 0.04046317391627667 0.03642217887824373
0 0.5882280781352518 0.7364322291962434 0.026082338935304605 0.027872694482076098
0 0.5875887495800705 0.7591703663513731 0.023021005931498983 0.029271420171816588
0 0.704839916576265 0.7545913297166418 0.02458350593149916 0.029353307326946344
0 0.627004076652377 0.7273538003179997 0.03360567885919252 0.05945024310259513
0 0.638320920036306 0.7745187273872212 0.03928267589344294 0.04571529172311415
0 0.4821226581733079 0.7263346121675017 0.030480678859192523 0.05928646879233561
0 0.4546688202265864 0.7058516938047076 0.03296900889724856 0.04382524310259513
0 0.38480464779318463 0.6821109786304166 0.021458505931498985 0.02918953301668683
0 0.3761127387056556 0.71858074513876 0.025029174904859806 0.04029080732694616
0 0.38876924760290416 0.7601950350528517 0.028281508897248564 0.043579581637205676
0 0.43090766805913966 0.7759937754419133 0.05092051285158128 0.06347600180902227
0 0.4796144234963471 0.7992774672104559 0.034595175893442943 0.04546963025772488
0 0.5255768864244781 0.6207120539360442 0.05930601581733086 0.07794793758467122
0 0.6519722431542798 0.7252623558359236 0.02997134288963732 0.04678646879233561
0 0.6733060736866275 0.7108346856641072 0.03296900889724856 0.04382524310259513
0 0.6803001730020555 0.7864112177762828 0.0383568458553869 0.06125840456798422
0 0.6576744620139099 0.5769919521724505 0.028217841901054187 0.042017081637205675
0 0.6263554778312407 0.6537934695853049 0.043970175893442945 0.04596095318850324