0 0.5780653585458861 0.888383926764827 0.027872028855940555 0.03811824905006915
0 0.6063986896714122 0.9054629772016671 0.035520837748947896 0.03361258700597247
0 0.5368227996528787 0.8827326855985422 0.03751984736759475 0.04614895459715314
0 0.6416219162577672 0.8148022628208687 0.045114092558271326 0.040080792553055744
0 0.6192186374018267 0.851811300339931 0.03859127404661713 0.03212282218833344
0 0.6356422455691948 0.8740863438429173 0.04516865626060227 0.041643292553055745
0 0.696835205913481 0.8457989961033686 0.04371528366526398 0.04473192496187508
0 0.7326288621740833 0.8059740831093409 0.07512897477225663 0.05014677678548622
0 0.4690003825925032 0.8545700115865976 0.04694941106992552 0.04792966014423605
0 0.5145311374018267 0.8493746717308337 0.05498016587924894 0.054361498100139016
0 0.4132042503785181 0.862653962099688 0.07227679328391083 0.0578865416031249
0 0.3947146560061482 0.9443215361878824 0.05454365626060227 0.04186149810013902
0 0.38659462115975785 0.9081658306407989 0.02921627404661713 0.031904616641250175
0 0.43196168486208875 0.9076579907850352 0.05498016587924912 0.054361498100139016