0 0.47567049986698595 0.9437650056787475 0.04640363855894432 0.03829093262956
0 0.31361781459411164 0.6879399253226639 0.05917642319868044 0.04788412094116268
0 0.2957914685924622 0.7461927560857846 0.07047763605166182 0.06057503571381488
0 0.11795597360702711 0.6993608461843962 0.07208560015828458 0.06216480925276535
0 0.035660299154705456 0.6620051221589786 0.034858384798020656 0.07088524431795715
0 0.039872774544099224 0.5652528530842551 0.04837531551854848 0.052380706168510115
0 0.08066995612255687 0.38402617248329013 0.048329851411925785 0.050818206168510294
0 0.5996472766556703 0.40089348741480296 0.0344946719450391 0.05838524431795715
0 0.5697491764973857 0.33946506371369684 0.08370506175762475 0.08579322402541774
0 0.5632909248480331 0.19801790340527137 0.07015938730530316 0.049637535713814976
0 0.6920584340192331 0.2760083100602489 0.056142351411925875 0.05095457386326192