0 0.5371828791939077 0.25467341536591726 0.07696247579950324 0.07455155933798814
0 0.4914254724798536 0.308993139846108 0.08011474687674217 0.0794758576783142
0 0.4187828580184729 0.3058313284335274 0.047129530054229284 0.04730197510489074
0 0.40846298155503985 0.27693673382746775 0.08638292759490121 0.08307445435896632
0 0.44554937021691715 0.2086845639113803 0.07379202400410492 0.06650226099766207
0 0.45221700585373253 0.14671736017711395 0.059665891490547907 0.05449916846619489
0 0.5309596293902994 0.12457151827034663 0.09396816861791084 0.04460395020978147
0 0.8010777284317818 0.3800924255383868 0.0799783914905479 0.0560383576783142
0 0.7371197675611973 0.3932068095617028 0.07532725292686634 0.0619331601678252
0 0.7755600988450908 0.4234513392306969 0.050272710772388506 0.050663773445216796
0 0.7943095779642435 0.2905563288577347 0.08151362041330898 0.05146925684847723
0 0.7929521319243821 0.45990998010249007 0.0675420240041051 0.06602866431700996
0 0.7548890505422929 0.49450920043349605 0.05341589149054773 0.05402557178554286
0 0.8725441831540461 0.44954208778080434 0.03152271077238851 0.04924298340326043
0 0.8539759903356385 0.47937129773884807 0.07842498184962743 0.05748245850815117
0 0.8392595053627531 0.5001215056222993 0.06132838544042372 0.07180506763635783
0 0.8558884691602039 0.5396459469090111 0.042451120413308986 0.04850927759440164
0 0.8907947342855141 0.4993411782376791 0.047102258976990184 0.04261447510489056
0 0.9075282372123805 0.5568343695243909 0.056522710772388504 0.05113737012586874
0 0.9432839300307883 0.5283075504381405 0.05813066256778683 0.059068269296031775
0 0.9279856620768072 0.44905775832159167 0.08173178903121965 0.08896925684847723
0 0.8203282190620079 0.6017665159952615 0.06586134933607006 0.04559776514684692
0 0.8019281978865731 0.6605019759533052 0.06590680113146803 0.05341026514684692
0 0.7811344297362005 0.7104660871561045 0.05342498184962743 0.05558807178554268
0 0.8287588634794218 0.7086085118460766 0.05022725897699019 0.042851273445216796
0 0.9232764779408026 0.7134279116409397 0.06135565651766228 0.076492567636358
0 0.8297673724564124 0.7477302114311583 0.06281816256778647 0.059423466806520865
0 0.8519332639469601 0.7993877998134405 0.05657725292686635 0.06051237012586892
0 0.8209377940011894 0.84076981641018 0.08465680113146803 0.05483105518880329
0 0.7831246974937898 0.9183377867411859 0.09107951795398073 0.08499215186945541
0 0.7347866705628184 0.7975391120512137 0.06437157220870696 0.05797936597668389
0 0.7060622277444109 0.8265987274031978 0.058167024004105096 0.06531826929603213
0 0.7392196405085891 0.7541443095617029 0.06915906615858276 0.07552206348717298
0 0.7254702370159889 0.6726691666153171 0.0753454336450254 0.0650581601678251
0 0.6609037429679171 0.7154118510535517 0.06439884328594588 0.06266686597668389
0 0.6681940682016863 0.7604758973192851 0.10039088544042354 0.07476504689043359
0 0.5737082699970844 0.7611252475244223 0.07366475897699054 0.04462726099766208
0 0.6078605561996338 0.7254487792680088 0.06597043364502539 0.06434776514684692
0 0.6497753454272452 0.6817705568624104 0.07383747579950324 0.07431476099766207
0 0.5364895502477054 0.6724053670255912 0.0801329275949012 0.0826008576783142
0 0.6170406343602691 0.8268812247039055 0.05503293364502539 0.06351897095570572
0 0.6010707215960908 0.9006380334171936 0.04722043364502539 0.06292697510489056
0 0.6650923149802324 0.8984611493938776 0.040888620413308985 0.048390878424238795
0 0.48725768558993304 0.8006478435803743 0.03459316861791084 0.04010478174358667
0 0.5051087818027451 0.9160127344521676 0.04407725292686635 0.05956517676456485
0 0.886885501748516 0.9012113315570272 0.04553975897699018 0.04249607593472789
0 0.9288856076256895 0.6037452583215916 0.05500566256778683 0.05883147095570571
0 0.622357309912067 0.26425117013980204 0.0674783914905479 0.05509116431701004
0 0.6546497186692244 0.8484728047878178 0.047111349336070064 0.044176975104890916
0 0.621828649190992 0.9749934189906485 0.05812157220870695 0.050013162018703025
0 0.45372354380479774 0.942574311836788 0.050272710772388506 0.05066377344521698
0 0.414157049756726 0.9793772481375111 0.05030907220870695 0.041245503724977796
0 0.38094002877768307 0.9151937504242074 0.05029998184962734 0.055351273445216974
0 0.9731088271786767 0.8226262355010748 0.014317030054229463 0.044815592531467274
0 0.8743213483541116 0.7550108377808044 0.05028180113146803 0.0522262734452168
0 0.7323287701934762 0.6435144628810507 0.045539758976990544 0.042496075934727706