0 0.18236915592848724 0.4578010430207109 0.03773634933607006 0.0412795649348082
0 0.17479755044409712 0.4993436607154626 0.05031816256778665 0.055560253246410875
0 0.2094770774732643 0.5510873928585551 0.05349770472226432 0.06498980032431163
0 0.2573560412707149 0.5885367999205697 0.04402271077238851 0.047638659090609534
0 0.3575651195295461 0.6227287934277481 0.05813975292686626 0.05725912094116268
0 0.4268196344584648 0.708247507713933 0.020557939695149584 0.0425420560063543
0 0.32921338143340284 0.7185458538983293 0.06435339149054772 0.051118215096963834
0 0.2919633663080923 0.7621691688331375 0.061246572208706954 0.05418866801906326
0 0.24463384835411142 0.6848623750016476 0.03152271077238851 0.047420470779006865
0 0.08127533030193466 0.6744312098219581 0.05658634328594585 0.05879434740221221
0 0.19068266743956044 0.8123794488649094 0.048773843285945875 0.05865797970746058
0 0.2758207367214012 0.8077680409921161 0.020476126463433088 0.028479556006354302
0 0.31263039031219736 0.8227521128267832 0.04557612041330898 0.04610343262955965
0 0.29960367036642666 0.8667339379078609 0.04249657220870695 0.053861385551659424