0 0.6237183883444061 0.48218519936136695 0.03551599784053181 0.04467388257342346
0 0.6802990553709842 0.48489487965041655 0.0353157387412331 0.04154888257342364
0 0.18010119139903852 0.647190618251769 0.05905362739018098 0.048012370125868745
0 0.2213887230158711 0.7186978427319598 0.09669332973421944 0.07729805103961844
0 0.17074717535990955 0.6961017149324211 0.05260336829088237 0.0444137734452168
0 0.20523040176264146 0.5947517798694868 0.0622182001845701 0.07313076929603177
0 0.17457068708010187 0.5636444124429103 0.06806768198597286 0.0673543659766839
0 0.14158820635843333 0.5809153454312522 0.05486677513842757 0.05546967261537965
0 0.09233917798080322 0.572985368876469 0.0771422933370249 0.06337726099766208
0 0.44650173967330886 0.8454692172075063 0.023877590992986343 0.03290758838228243
0 0.114442320330379 0.4585793267599203 0.04429022054263574 0.036009277594401645
0 0.10250232727020932 0.414391618876469 0.06394138648947964 0.05149256763635801
0 0.14072062538759617 0.26688873422845305 0.06856832973421945 0.07516686597668398
0 0.30037503007567307 0.2019238172121507 0.06348031153562221 0.06856166846619498
0 0.24771110502953056 0.22301848982753048 0.07043121838316742 0.07997276514684701
0 0.29583413170911765 0.02731767136597994 0.06378070018457009 0.05463534273195988
0 0.2598081917035803 0.10703829231704139 0.04226664558877822 0.052959979254075584
0 0.3165192666574378 0.1198450230210095 0.0431282387412331 0.042140878424238616
0 0.4023767095976359 0.6241279360886197 0.0427277205426357 0.03589087842423862
0 0.46112875077519233 0.5201615638881585 0.032852072794389287 0.02736798340326061
0 0.30954196021594466 0.8231942433520153 0.048777461443337077 0.03323947510489091
0 0.3523617134551471 0.8829235182471248 0.046653756939830336 0.04862767676456485
0 0.27496789868032245 0.8895655271701944 0.04921755243632351 0.06437107593472788