0 0.8280996145539646 0.714404233835678 0.04266268899896417 0.04493206677218975
0 0.8762074747692126 0.6723243824237521 0.043681533498445904 0.06680706677218975
0 0.81548829859053 0.6787849825820368 0.05523546360606986 0.046858279625171306
0 0.600640356281797 0.9033005639357029 0.047131865177646406 0.040380959092057724
0 0.5534400246025967 0.931272451241006 0.05777826674922295 0.03444920783841639
0 0.4112822181541838 0.2641879028112163 0.05352741439185813 0.0436878155185485
0 0.4491974410658786 0.22162231809233796 0.05865156203449331 0.053199207838416564
0 0.8763764869703214 0.47439534778401615 0.047568512820281586 0.049755959092057725
0 0.8482857202210985 0.44235573759660163 0.04742296360606986 0.04663095909205772
0 0.7485146985094767 0.3326063160472739 0.05291098428423435 0.06395485141192578
0 0.5642705167447138 0.9622496666012698 0.04059076674922295 0.03394910266556721