0 0.8303640154245707 0.38840852909644574 0.03686480032431163 0.0541706744523216
0 0.8047270413991532 0.4689538354437942 0.05254434740221221 0.05775031551854841
0 0.5232201225693109 0.6546112244649569 0.057340941558013545 0.06413670783841638
0 0.5650979310112973 0.7183614873970807 0.06383640340856651 0.07838106426490725
0 0.6261172516281484 0.7154470875553652 0.04478639448011297 0.06064799498543501
0 0.5818120982195817 0.7907593246232415 0.044704573863261744 0.055960494985435184
0 0.5788137832847735 0.8281911284633076 0.0416341209411625 0.058994566772189574
0 0.6232495758984473 0.8349556055020539 0.04810230925276535 0.07167642319868044
0 0.6159398620192993 0.9402652311288744 0.04163412094116268 0.05899456677218993
0 0.6072057901846324 0.9032736964891385 0.04478639448011297 0.06064799498543501
0 0.5462234257362916 0.8592903642775426 0.04303297970746058 0.049665030878812286
0 0.4847404549572848 0.888767264119258 0.04497730925276535 0.07158549498543536
0 0.6987735016281483 0.7175611685133199 0.03996252678536116 0.05269910266556703
0 0.39118314407966637 0.7406587215619631 0.0544614034085666 0.07810827962517113
0 0.5645682767919518 0.9278274156103261 0.0544341298696164 0.07654577962517095
0 0.7414946099874092 0.5538767532321983 0.039907979707460586 0.049574102665567034
0 0.5433025718379623 0.5340403116911178 0.0960682508107789 0.13554034639736087
0 0.39285651258519694 0.6000109895086517 0.03365797970746058 0.04939224623907634
0 0.46246603450258955 0.866233034573229 0.04481366801906326 0.06221049498543536
0 0.4565666363690287 0.8011846960934271 0.0608750446422686 0.08766513605166182
0 0.5403103908332556 0.7950232757977405 0.05591480925276535 0.07190374373179367