0 0.2725912759789005 0.1946319058111797 0.040559298022528625 0.04571529172311406
0 0.32520817758805476 0.1934688755080264 0.03434214901126431 0.02359463025772479
0 0.6350273938923587 0.7303568803692665 0.03656021287323483 0.033051517412854635
0 0.7073115753388114 0.5600720358417619 0.06316627153942492 0.0795923247398008
0 0.5266743084909633 0.8109307717082677 0.0611995799535137 0.0514673247398008
0 0.35347710911138197 0.7759781603337356 0.05105975544788164 0.04003850180902226
0 0.4399009281691325 0.8071672845985665 0.06163662252816078 0.057717324739800804
0 0.2860550263078766 0.87673175486124 0.0524037341605581 0.0369953889641522
0 0.4541380268120797 0.738127357529345 0.03554401609154336 0.0407821302577247
0 0.5463144551564392 0.6982636753717408 0.0367787341605581 0.03617651741285464
0 0.50287970951904 0.19807556761525325 0.05393338317182241 0.05887038896415202
0 0.5493783790613231 0.3965407230877487 0.04590236188449896 0.05533595318850324
0 0.2761044060486298 0.2677385351643934 0.03688799480421991 0.03773901741285455
0 0.1751867622331456 0.32047403154634874 0.05898151609154336 0.042010437584671045
0 0.41841187436974614 0.2061946048158115 0.027294473516896466 0.03412269448207601
0 0.24054360048453263 0.18197477555345493 0.023841691585911207 0.029271420171816498
0 0.21832439305917956 0.1745374118040735 0.03532549480421991 0.03765713025772479
0 0.18752250728946707 0.21134469301173803 0.07871486188449897 0.05705558344622812
0 0.47442729156624075 0.31341728459856644 0.10255655347041018 0.08632700361804461
0 0.46880036841766143 0.39388603459856647 0.09176116510280767 0.06552318068726608
0 0.6434515351099529 0.654739404679526 0.049573665102807675 0.06331222749876275
0 0.696521904788122 0.6583048179539375 0.0445912341605581 0.03658595318850324
0 0.43650849437689143 0.889321365331261 0.04982503737886681 0.04464411465389233
0 0.3693149125817922 0.6952604268420789 0.06276207995351371 0.05154921189493056
0 0.301155866400849 0.9747144742194024 0.04557457995351379 0.05057105156119519