0 0.5801264988188736 0.06624967505878424 0.08515873920022692 0.06911498233256952
0 0.7344692915546303 0.3214612390789925 0.06473711179556503 0.06551720364722229
0 0.6737301989963589 0.2837807075438536 0.0878472295815799 0.056687717514930645
0 0.5092932537978332 0.7246817305296176 0.07534722958158006 0.05639677678548623
0 0.7690774815653146 0.7303634603936452 0.0832688569862416 0.059703614741388834
0 0.6557515584296713 0.5078182727983329 0.06629961179556502 0.06555357123840296
0 0.5988170229503088 0.42235420469406204 0.07874504809323427 0.06428201196784719
0 0.5209375264936879 0.18491006250159678 0.06172123920022674 0.06856946846486114
0 0.6166741563454202 0.3515689260087148 0.08710318511654283 0.08008884992375007
0 0.6992336852013608 0.3871778112673258 0.07961806733052797 0.0892820119678472
0 0.4637996714063627 0.496648302717951 0.08655754809323427 0.06446384992375016
0 0.4252580157787326 0.5796432938842357 0.08074405771188112 0.07681837955902786
0 0.5953696191367772 0.5475360426499648 0.10467263103285873 0.09142639342673622
0 0.6225992964487718 0.6555842787822564 0.09922123920022692 0.0694422906531944
0 0.4266865957231323 0.6429427276798261 0.10736112141421188 0.07899912860909737
0 0.4495536660488851 0.6932330151988886 0.09318949400955034 0.07554682028847245
0 0.6145164671373442 0.7151956681249301 0.07923612141421188 0.0783445119678472
0 0.6845561486256899 0.705746626521805 0.09324405771188111 0.07710932028847228
0 0.7010740152305784 0.77573181820118 0.10919643992586607 0.08684799620027786
0 0.5415278896400153 0.8193214300927775 0.0978224303072194 0.0740934230620141
0 0.4078597285700896 0.7755194915475344 0.14017362141421189 0.079762848023889
0 0.42041678147264727 0.8440331022048607 0.07044147477225646 0.050037674011944235
0 0.2068899948121584 0.8419660284010068 0.12002481252120453 0.08397756933854197
0 0.2872942243089204 0.5695623919081247 0.09357143992586625 0.08648432028847228
0 0.37360374654143896 0.5558252405976039 0.07745536660488854 0.07205814437666672
0 0.5045362880112513 0.5660697967340275 0.10741568511654283 0.08056162860909737
0 0.3661185625212045 0.07279453505052053 0.059558538474587405 0.051345600873680605
0 0.6063467476377473 0.14539166119107588 0.0818154843909035 0.06279224715020844
0 0.6851463925504222 0.4539659209747217 0.08277778366526398 0.045641114741388836
0 0.7369941239461006 0.5504947756481243 0.07378472958158007 0.05636040919430556
0 0.33763650860715655 0.7349321655594789 0.06101191106992569 0.04825696846486114
0 0.21589791786298368 0.7416750876715623 0.06548115626060227 0.042116071238402955
0 0.14606656750016395 0.7346996954790972 0.05637897477225655 0.0497103656913195
0 0.0730556203179036 0.4799407667175 0.06608135698624167 0.05930357123840295
0 0.25127982403876786 0.4562454275273263 0.04662202885594056 0.03855466014423605
0 0.1995263510806099 0.4519768080362846 0.0766914747722565 0.05018314437666689
0 0.22153032585286642 0.49994152935093733 0.08003472958157998 0.05650587955902786
0 0.2609524352013608 0.397378920593472 0.0481299651536097 0.03702852773541672
0 0.23011166296884222 0.40982502241708313 0.043333337748947987 0.03379442496187508
0 0.21618059382421576 0.2795744779641665 0.0543799651536097 0.037173998100138925
0 0.32953127649368785 0.189365092421215 0.06430060217691827 0.05301720364722229
0 0.457170148456054 0.06051078096645794 0.06731647477225663 0.049964938829583395
0 0.6485144996214819 0.8379421838924994 0.08187004809323425 0.06435474715020817
0 0.7708830290255766 0.6701162914156938 0.06095734736759493 0.04669446846486132
0 0.5450645734906138 0.651915724545694 0.07503969473518968 0.09229790919430556
0 0.7526489281146027 0.8644481728745828 0.05794147477225664 0.04974673328249999
0 0.6792684810171604 0.9349620010468396 0.09324405771188111 0.0771093202884721
0 0.3340179792030618 0.8999941211065622 0.07562004809323426 0.06420927678548623
0 0.29498027185400044 0.8344425094993053 0.0849404843909034 0.0628649823325695
0 0.38506458011403566 0.7048985202328817 0.10083830290255769 0.07104115824437507
0 0.624037766959859 0.49526437462194395 0.053090283665263985 0.04495013050895835
0 0.41041678809606924 0.893524609138715 0.06408234736759492 0.04676720364722229
0 0.5164063162342196 0.48056805461781205 0.051309528855940555 0.03866376291777769
0 0.533447483294595 0.4535873273192356 0.05465278366526398 0.044986498100139015
0 0.47482645144342966 0.4541698619885065 0.06876984736759476 0.04687630642076392
0 0.24914437204718412 0.19358177336701368 0.05109127404661713 0.032413762917777866
0 0.575689513879816 0.20787413060586757 0.07745536660488846 0.07205814437666672
0 0.6376091605217715 0.2345807945498259 0.07556548439090349 0.06264677678548622
0 0.6160813901033515 0.28981380841753424 0.06602679328391084 0.057741071238402865
0 0.5808333708660578 0.26561389542350644 0.07076885698624161 0.0594126740119445
0 0.7562302188666248 0.4296367617804161 0.06106647477225664 0.04981946846486114
0 0.7581672302993702 0.485105511780416 0.05815972958157989 0.05599673328249999
0 0.5270859329239261 0.8759532898001732 0.05330853847458741 0.05120013050895835
0 0.5656499251193778 0.9055492176118399 0.0692063569862416 0.05937630642076393