0 0.6732235243128079 0.6982370991616019 0.08818181043863901 0.0965275192218769
0 0.6305802689805489 0.6231242345077094 0.06962923151356133 0.07218926051544958
0 0.6217604638741687 0.7880089280852743 0.04691977360693613 0.08346095318850325
0 0.5571967059110738 0.7125308932595653 0.06299979991529554 0.09209232473980081
0 0.515767340083706 0.670394302915932 0.046282736775233244 0.07252345318850324
0 0.4613381743410427 0.7169107767966503 0.0542772472985769 0.07605788896415219
0 0.33616532714128783 0.8882358208946137 0.05411064732681181 0.04645227611928178
0 0.5543993876505141 0.881649385457649 0.05189569994353036 0.06191350180902226
0 0.5205102350620304 0.9253241423550541 0.052441731513561504 0.07128850180902262
0 0.7049153271412878 0.9075611895052351 0.05694722099021767 0.06840916327441135
0 0.7233915823323726 0.8325169239014029 0.06657982622365459 0.10006859905006031
0 0.7586773639729908 0.8994078527796466 0.04757222099021767 0.06791784034363317
0 0.42802150028234875 0.3202128392119793 0.07393729991529555 0.09266553482570909
0 0.5164238476232779 0.29585132632168054 0.06879477360693613 0.08460737336031983
0 0.46896283162650076 0.07472992084918506 0.08082433674699843 0.10393058344622808
0 0.6480525501976441 0.24240982304232012 0.05087923151356133 0.07120661465389251
0 0.7209139265483555 0.28305915648854824 0.05905575256024882 0.07786605042954128
0 0.5482331026731883 0.07261522218323754 0.09728379465362344 0.09233134215265537
0 0.5828077108198098 0.34007936114738957 0.07936825256024882 0.07893058344622812
0 0.5544181293344833 0.4373294973980082 0.0681423262236546 0.10015048620519007
0 0.4668208768448217 0.5824129460639558 0.07898882096198286 0.09916119629109836
0 0.4603881372975783 0.5044959859780475 0.06465330517696728 0.09373671189493056
0 0.7863730556004903 0.39698221562451685 0.06263577886860787 0.0858423247398008
0 0.41569726357770265 0.4645393713241549 0.07586382096198285 0.09899742198083886
0 0.36220053725522594 0.45468301447217846 0.06906778939195171 0.08929487336031983
0 0.32411597930624847 0.39548175486124004 0.06852175782192056 0.07991987336031983
0 0.23760787386104995 0.19895755766563056 0.05124325256024873 0.07745661465389256
0 0.2812668685993781 0.2028128980092636 0.0862552893919517 0.09019563206674705
0 0.285001000423523 0.4616080438708206 0.0608912683452643 0.08263543758467104
0 0.32289584257336756 0.5106121099041941 0.0648507262518895 0.07038109905006032
0 0.3819677347090946 0.5458369589542544 0.04877069994353027 0.06174972749876275
0 0.43250679002723624 0.6064745658062309 0.06474431043863901 0.09529921189493074
0 0.386156163817699 0.7161051933504223 0.0652147472985769 0.07663109905006031
0 0.3781231269154089 0.6522097896869491 0.07898882096198276 0.09916119629109836
0 0.22109187691540894 0.643980130596409 0.09432539462538862 0.12177318068726617
0 0.49974197972977147 0.851357697872978 0.06392526308359248 0.08123671189493038
0 0.6537473553040242 0.07736135515449578 0.0862552893919517 0.0901956320667471
0 0.1750597691217232 0.7481420081406004 0.08082433674699833 0.1039305834462283
0 0.2294474923898409 0.31215692051050076 0.0655787683452643 0.08288109905006032
0 0.3633806895613609 0.11151286861062144 0.06034523677523325 0.07326043758467105
0 0.504863263295354 0.17143118046012348 0.08487479991529537 0.09323874491161739
0 0.5425753658979551 0.1428458350281078 0.07210178413027979 0.08789614767057934
0 0.43495143763639665 0.8605003245126582 0.09957433674699825 0.10491322930778502
0 0.2518728981032706 0.7882148094746528 0.05869173151356133 0.07161605042954129
0 0.2673544139588734 0.8587696489137748 0.058873742036905076 0.07474105042954164
0 0.7458552004376404 0.5006494482116624 0.05703822625188941 0.06997166327441154
0 0.7838102267459996 0.49480223993477634 0.05538472099021767 0.06832727611928177
0 0.6213605185570258 0.17596927351729003 0.07146474729857691 0.07695864767057933
0 0.6004117107492226 0.2665566519659925 0.0655787683452644 0.08288109905006032
0 0.4725765951336163 0.44322761533126104 0.0812037683452644 0.08369997060135788
0 0.5223028503247009 0.3698210928300239 0.07128273677523325 0.07383364767057934