0 0.7871825016974807 0.6548116340162442 0.05385534034363317 0.04705427513842757
0 0.7677397829051451 0.681785144195277 0.057799211894930556 0.06287953423772627
0 0.7678050599289381 0.6057535703211538 0.05919793758467105 0.059854663787375625
0 0.7077649966090981 0.5697672031100056 0.06346935775648746 0.08192992288667415
0 0.6575425893275803 0.675507260945 0.05919793758467105 0.059854663787375625
0 0.5872433774326498 0.7305766903100791 0.06823874491161738 0.08379281153562204
0 0.5779336544564426 0.6539443391380599 0.07128185775648763 0.08243057063492074
0 0.35512691825125253 0.7023761374123303 0.07416119629109837 0.07794332973421944
0 0.4316075310961228 0.7088449853451471 0.0678293091359686 0.07598031153562221
0 0.48417593114155133 0.7976559639073473 0.06043288896415202 0.053704793337024805
0 0.39749920398147276 0.611810496603914 0.06043288896415202 0.05370479333702498
0 0.3751948360482199 0.5288582942598755 0.07859639077317437 0.10314358883351815
0 0.4111942910457455 0.44023588525286195 0.09875176051544958 0.07173290252860856
0 0.5175737658309749 0.4744885741786651 0.06602114767057934 0.07119268198597287
0 0.5844303951841885 0.4701503300387612 0.06380355042954129 0.05859255243632351
0 0.6380124185899368 0.49474861427648753 0.04817855042954129 0.05759125693983034
0 0.8208592181149669 0.47589489203580876 0.048260437584671224 0.05915375693983034
0 0.7943619951387599 0.398161115817647 0.0655298247398008 0.06181768198597286
0 0.8693686391912946 0.4327549637504637 0.06618492198083885 0.07431768198597286
0 0.9033518928093394 0.3377323604189762 0.07416119629109837 0.07794332973421944
0 0.642360161126705 0.2622167165282409 0.09430992198083885 0.07612001387966068
0 0.7866866932388806 0.2753849498708031 0.06577548620519025 0.06650518198597286
0 0.5382248597926524 0.33471467535068433 0.10047139077317446 0.10454540252860856
0 0.529144188150498 0.1789257503045418 0.08509869629109837 0.0786442365817647
0 0.3303381959524141 0.17324054749907802 0.07638543758467105 0.06095608883351811
0 0.24595655189987936 0.13804592226836537 0.07046298620519006 0.06680557063492079
0 0.22598488862546778 0.19006949722222283 0.09282930913596861 0.07758238433001133
0 0.2921255450024744 0.109649614433371 0.07449538896415202 0.0546059592838688
0 0.38458860470426987 0.24491409083610288 0.07169793758467105 0.060655700184570095
0 0.17974065242027773 0.24981593460686652 0.0963637449116173 0.08559514342930993
0 0.22101302634642445 0.3896387006459955 0.06832727611928177 0.05576794108527148
0 0.21308766169253185 0.43616324722222277 0.021540807326946344 0.02473918414544123
0 0.18635474332973762 0.40779841532853506 0.055165534825709094 0.07205427513842758
0 0.2087166649718922 0.5644384415466968 0.05294129353213641 0.08904151603912887
0 0.3203502057904951 0.5582663895717986 0.07177318068726617 0.09180557063492074
0 0.2786927295349277 0.3510057996585464 0.08542624491161739 0.08489423658176473
0 0.8491977385800393 0.144564548883354 0.06256859905006032 0.0647424228866742
0 0.792712043193452 0.19032882942045243 0.11288950361804453 0.10378393892580311
0 0.7016301040269013 0.7167423326596549 0.06536605042954129 0.05869268198597286
0 0.3661174864323327 0.38796318398855767 0.09899077792830413 0.10600777297895929
0 0.0469369971171244 0.42182373766149883 0.0938739942342488 0.10212130937615385