0 0.4175541471299377 0.2102004561157642 0.04302810919158375 0.03844555737069451
0 0.5102120165005543 0.23185921019982683 0.0335529796419344 0.03666485182361114
0 0.5565465098652658 0.7236109523160421 0.048777461443336986 0.030778527735416717
0 0.6316957927187161 0.2651100809251394 0.04841651603912887 0.049492160144236144
0 0.7367418429955712 0.3705262391695145 0.0034253886489480577 0.00476023518236115
0 0.752146797499078 0.35528309887691034 0.0335529796419344 0.03666485182361114
0 0.7027883451550396 0.32761138734590334 0.05622901603912887 0.04967399810013893
0 0.7678731246124039 0.2963626937666673 0.04725453423772628 0.055705792553055564
0 0.8630911967884842 0.5162225585080563 0.05606832973421945 0.07151263050895836
0 0.8563381539128845 0.6299577501874312 0.03747901603912922 0.04923758700597212
0 0.6595318075212273 0.6994850809251394 0.04947836829088246 0.041716027735416716