0 0.270689533750082 0.3762515775927424 0.04193452885594055 0.03868206677218975
0 0.14378972785229943 0.34056046700961656 0.05821429328391083 0.05788670783841656
0 0.08188249409436824 0.40041518863808667 0.039136911069925694 0.04796613855894431
0 0.2872123456383143 0.3353681648189032 0.05319941106992569 0.0483753155185485
0 0.5884623323914704 0.24579616561032602 0.06797123920022692 0.0690969924781526
0 0.5421428930985763 0.2826907603583343 0.05648810217691817 0.053153743731793844
0 0.5733408185964723 0.3491568463308538 0.05001984736759475 0.046721887305303154
0 0.667894372047184 0.2184500671013941 0.048511911069925515 0.048238923198680436
0 0.6923140186891394 0.24725702870073435 0.04215278366526398 0.04493206677218975
0 0.3842213319281342 0.766661280416594 0.06279266587924912 0.05489810015828454
0 0.3560789737607662 0.7876951944440744 0.059558538474587405 0.0516821719450391
0 0.34844257775178294 0.8819081956977157 0.05648810217691817 0.05315374373179367
0 0.2546553722168201 0.8557655813536661 0.07572917549789597 0.06776181301126591
0 0.5100472550637775 0.9876604390337981 0.07162202885594056 0.024679121932403802
0 0.23609385597475133 0.793569458234128 0.03455853847458741 0.050954746239076344
0 0.23699910234655425 0.7077456185006846 0.04823909255827141 0.040426423198680436
0 0.20505962158384797 0.7317908722616083 0.04387897477225655 0.049665030878812286
0 0.16648076042125506 0.7892025554894186 0.032232146641955416 0.029034282132453626
0 0.16567717385343345 0.6767934837026639 0.032886911069925695 0.04778428213245363
0 0.12516130125809513 0.6787364169304743 0.039191474772256554 0.049528638558944314
0 0.08189245089527544 0.6688924039983506 0.04420635698624169 0.05904003087881247
0 0.1229613949974929 0.638088684877163 0.057832347367594836 0.046949207838416565
0 0.09414442503455979 0.595105563011266 0.0436607199629331 0.04341503087881229