0 0.7585366250557716 0.5416162474789845 0.0425350098858317 0.049715776735205
0 0.7941876235728967 0.5320720026747646 0.04428851087441501 0.05451253737886681
0 0.8210220376033416 0.5176599414106843 0.039091674904859985 0.04168475544788173
0 0.9097900603407547 0.6195723666529507 0.0534725098858317 0.05048060124083733
0 0.9091308271466687 0.699533018262105 0.0502838428896375 0.048699579953513705
0 0.8596109882113641 0.6763575982156187 0.05736151384016423 0.06944912252816078
0 0.8676436641048071 0.7196705556409718 0.048721342889637496 0.048590319309851894
0 0.8631935860439173 0.7450529678937878 0.03590300790866543 0.039903734160558105
0 0.8280837569944444 0.7678784626980077 0.07805601581733086 0.08024451089576345
0 0.836052765891693 0.8096289201233609 0.03928267589344294 0.046372255447881726
0 0.7084304901885303 0.696330880650807 0.037401840912470875 0.038450494804219915
0 0.7287284027361005 0.6753246119613736 0.037656508897248565 0.04470049480421991
0 0.7818441324701454 0.5752428484677202 0.04078150889724856 0.04491901609154336
0 0.8161063859301866 0.589299994628993 0.05047484387822045 0.0533870799535137
0 0.6449343814815622 0.580115654788122 0.06204901384016441 0.06977690445914604
0 0.6125104951314462 0.7265425405578345 0.06029551285158128 0.06498014381548423
0 0.58505133999825 0.7833059927874075 0.059786176882026254 0.05248014381548423
0 0.6412204269563883 0.7966147399374159 0.028281508897248564 0.04404493094224939
0 0.6589490964240405 0.8086941228571369 0.03778384288963732 0.047825494804219916
0 0.6939461789335546 0.8023295083747477 0.05340884288963732 0.04891810124083733
0 0.7370422629259433 0.80244984067405 0.05165534190105418 0.04412134059717552
0 0.75094293684222 0.8359507555247563 0.05047484387822045 0.0533870799535137
0 0.7129017673745677 0.8252917609726378 0.043588173916276673 0.037325037378867165
0 0.6930176903022611 0.8564542796620713 0.06354784684397004 0.06832366510280749
0 0.5176821092756219 0.8796836020740166 0.04865767589344294 0.047027819309852247
0 0.5730235252832331 0.8726798492240249 0.053854511862998146 0.05985560124083733
0 0.4935894684025195 0.211496330786693 0.05423651384016441 0.06923060124083724