0 0.27317961668970653 0.3968214996072165 0.04102679328391083 0.05647725897699045
0 0.42633684382421577 0.28679758069471817 0.023402783665263983 0.04387726502711473
0 0.31023072730414525 0.5407578519683487 0.03154266587924912 0.0532977168225127
0 0.2934822261230189 0.6203317224798536 0.03477679328391083 0.056440897540672094
0 0.40134185534177913 0.6670436168972674 0.02814484736759475 0.04546703610435365
0 0.4230432405509892 0.639831677103922 0.026800602176918174 0.05170794574527395
0 0.447904375212045 0.8149407614128773 0.04426092068857255 0.05962043969514994
0 0.46621292031005435 0.9142458698241338 0.03439484736759475 0.0455033975406721
0 0.4159301781146027 0.8834907735131259 0.03546627404661713 0.03144998789975162
0 0.41311520216121983 0.9147180476154266 0.037301592558271326 0.03927157825883114
0 0.35632699962148184 0.85424363504764 0.03891865626060227 0.040843168617910666
0 0.3441915873704298 0.8869788669954634 0.029489092558271323 0.039226126463433174
0 0.31275061441227187 0.881328309813871 0.03779266587924912 0.053334078258831144
0 0.3558979244864056 0.7972214754067197 0.0285813569862416 0.05796703610435365
0 0.3809252063375711 0.7981481711519935 0.023566474772256464 0.048564765027114556
0 0.27700899953666386 0.5288482044276768 0.036339293283910834 0.05644998789975162
0 0.3418055872007938 0.2370970416634984 0.036121038474587405 0.05019998789975162