0 0.31731032019156313 0.7171570113022572 0.01809668977951393 0.03946254350298624
0 0.44749204872441045 0.9091471023922921 0.04934668977951393 0.040189895326597024
0 0.5238545269729175 0.9023353643601393 0.03201371941479181 0.03353985182361115
0 0.6061189002636811 0.7465230818750699 0.027289851823611145 0.031868249050069505
0 0.6622597974901395 0.7431448151575699 0.038227351823611144 0.03212282218833344
0 0.7507222322356604 0.7194365178548617 0.04633079255305557 0.04480466014423605
0 0.8331535257386463 0.7385333163918408 0.03826371941479181 0.03368532218833344
0 0.8381326196784729 0.7847179853697923 0.05599673328249999 0.05752286569131933
0 0.76111356515757 0.6626780247887158 0.04280574905006951 0.02754442496187508
0 0.7291530907087852 0.5643307905562853 0.04782055737069442 0.041716027735416716
0 0.9193416796146184 0.5500176366803133 0.04629442496187508 0.043242160144236055
0 0.8531347981557296 0.5234901978507299 0.041679660144236054 0.04625805737069442
0 0.8620727338511809 0.4713828371934035 0.04287848423243048 0.03066942496187508
0 0.72502471589941 0.3534114743518756 0.06075696846486132 0.06075696846486114
0 0.7214081002080904 0.29866942296510474 0.05417966014423605 0.046548998100139016
0 0.526713196047778 0.2871104078631254 0.05606946846486114 0.060647865691319504
0 0.4936656131258683 0.34334157085715317 0.04931032218833344 0.03862739532659729
0 0.7583555071212855 0.8461081206284033 0.04298758700597212 0.03535692496187508
0 0.7470718617946881 0.7974342312857298 0.060684233282499986 0.057631968464861315
0 0.5056149796702092 0.9850699034947225 0.041570557370694414 0.029860193010555137
0 0.6342445534740632 0.7807532647207298 0.03833645459715278 0.036810322188333446