0 0.7907317127963601 0.78359375 0.03710651609154318 0.0390625
0 0.7896116092097344 0.8234375 0.04313799480421991 0.0359375
0 0.8251284921294552 0.80625 0.041684755447881375 0.0375
0 0.758449090520301 0.80234375 0.038559755447881726 0.0375
0 0.7537344573484784 0.74609375 0.060981058666190434 0.0453125
0 0.7077117631646772 0.7359375 0.05116901609154336 0.0390625
0 0.6939823989343897 0.77421875 0.05930929802252862 0.04375
0 0.7036359043822713 0.81171875 0.03957595222957302 0.0296875
0 0.7275158007956456 0.8515625 0.060981058666190434 0.0453125
0 0.3751631630091207 0.22578125 0.029294016091543362 0.0390625
0 0.3453553307098184 0.26875 0.04960651609154336 0.0390625
0 0.47098875126050777 0.3671875 0.06443384059717552 0.05
0 0.40829200930627946 0.38671875 0.04168475544788173 0.0375