0 0.7324624995757928 0.3536402300747543 0.0669991684661948 0.061193564264907255
0 0.68940050642427 0.27382234943336875 0.0513741684661948 0.06073892319868044
0 0.6595596410722859 0.24584811361913372 0.057860966806520864 0.06404577962517113
0 0.933193437538512 0.5130593795207583 0.05284158008391273 0.038954851411925874
0 0.9089262207319913 0.5761276808535418 0.055824870125868745 0.05775031551854859
0 0.9159090039254704 0.6382867000538717 0.06917697510489092 0.04878449247815268
0 0.6370232968672116 0.8210155981797275 0.06328217261537965 0.053290136051661816
0 0.6391293259115057 0.8755212417532368 0.037595088382282246 0.022920674452321776
0 0.7997996744662577 0.5863186862638182 0.05078217261537983 0.05292642319868044
0 0.8414077566247627 0.5515883335982512 0.05956517676456485 0.04538670783841638
0 0.8500858622284845 0.4679263874383171 0.07192346680652122 0.0644549565847754