0 0.48221175585713694 0.7445758237843139 0.01791701186299797 0.056795637023308566
0 0.3702834643366436 0.9450793099893158 0.05366351087441492 0.05336310217691818
0 0.439256298823324 0.9372097570867581 0.03596667490485981 0.04026290145127902
0 0.5247945508004903 0.9248610353097264 0.0503475098858317 0.04856647477225664
0 0.5708047291653913 0.8678645016444626 0.04403384288963732 0.04678571996293286
0 0.6316785621691968 0.8672990172535592 0.05784167490485981 0.04102679328391083
0 0.6126394020930847 0.8367583453838602 0.06265650889724857 0.04431548439090349
0 0.6534209109903333 0.7932067528255888 0.06364600593149916 0.03030754809323426
0 0.6938058304579856 0.778534128416152 0.04709517589344294 0.04533234736759475
0 0.6814875611806137 0.8702404787789717 0.03277800790866543 0.03859127404661713
0 0.7193549757053501 0.8790599180718658 0.06511034684397003 0.06624504809323425
0 0.8681492558571369 0.7310985893085925 0.027037343878220453 0.050873019237293704
0 0.9065061017125238 0.6704686241549828 0.062338173916276676 0.03650298439090331
0 0.910664361104064 0.6258555286014864 0.06922484387822045 0.05234623920022692
0 0.7964572810660078 0.6142409607228044 0.06571784190105419 0.042862111795565025
0 0.8807341219784789 0.5754115844992691 0.038200336958138334 0.018497028855940557
0 0.8498170444118808 0.5491863903970515 0.05159167490485963 0.04080853847458741
0 0.8878263803814359 0.5353768615411111 0.04377917490485998 0.04053571996293322
0 0.9127162924347143 0.5563515604526519 0.03896434091247088 0.037247028855940556
0 0.9601642954004639 0.5406521493827262 0.02965300790866543 0.038482146641955414
0 0.9250518077577535 0.4833679282386668 0.0659725098858317 0.04911211179556503