0 0.17188010316729843 0.5561334049946579 0.03425317363517104 0.05265377404661713
0 0.238635692686307 0.6013615702409348 0.04675317363517095 0.053090283665263985
0 0.23218129535949528 0.6452479794967619 0.031765210466874014 0.06348214664195542
0 0.20882709534537783 0.6312499668828903 0.020297089448421436 0.02721726442797028
0 0.1906007401119408 0.6630728857573642 0.03361613680346807 0.04171627404661713
0 0.20115183226178535 0.709484094287552 0.0643802893919517 0.08801092068857255
0 0.24002461646265236 0.6979910335804459 0.034435184158514695 0.05577877404661713
0 0.2762120164203001 0.6522866639803325 0.024241136803468066 0.04138889183263199
0 0.26051912698599605 0.6941567054501447 0.03416216837349921 0.05109127404661713
0 0.2614600007058717 0.7315475780454831 0.0496961631118273 0.050074411069925516
0 0.3101250138600513 0.7259498532732266 0.03957771046687393 0.06375496515360979
0 0.3645626139024036 0.7684895281381504 0.03701415258848364 0.04651290145127866
0 0.3508872507764589 0.8024925059056318 0.04371917889684287 0.05454365626060209
0 0.3254399297438889 0.82443199329176 0.03728716837349921 0.05120040145127902
0 0.30662131128568515 0.7861061032732266 0.037848610495108834 0.03406746515360979
0 0.3484833166179442 0.8571527240544665 0.050985647326811726 0.04544147477225664
0 0.337379216646179 0.8871676062684515 0.030491136803468065 0.04160714664195524
0 0.3788918824594294 0.9106671044543528 0.04399219468185844 0.05923115626060209
0 0.38022614028135004 0.8342137318590147 0.04519067363517095 0.05303571996293286
0 0.19048661902290115 0.6248734813108605 0.06732327886860796 0.08499504809323426
0 0.27777597446809965 0.8128422180640165 0.030582142065139983 0.04316964664195524