0 0.3034709545258726 0.1831919235989794 0.04554884933607006 0.042207347367594836
0 0.4296663367448422 0.38429557741251086 0.050345433645025396 0.06112103847458741
0 0.5349719811622563 0.4868898093563436 0.1035704275949012 0.08016370435383653
0 0.5551395562978295 0.5955827630772079 0.0628545240041051 0.06312004809323427
0 0.502595818398078 0.5630356471052915 0.0721477107723885 0.049384930307219396
0 0.38254291451269423 0.746170584035933 0.07549996974937905 0.08855655771188112
0 0.6598088755796704 0.5888019950210406 0.0644079336450254 0.06161211179556503
0 0.6562344236860763 0.6459696542768677 0.07379202400410492 0.06350199400955034
0 0.7561298845566607 0.6245088273276929 0.07224770472226431 0.0665724303072194
0 0.9080832699970844 0.6864036482015999 0.10500566256778683 0.0583432680561673
0 0.8219725322937246 0.5253148699786315 0.06125566256778647 0.056815484390903316
0 0.7237759268093343 0.5701586332254754 0.08171360831306043 0.08252481252120454
0 0.9224628908031768 0.4717955111782913 0.06594316256778683 0.056979175497895974
0 0.8999197494108249 0.35771565301092334 0.06910452400410491 0.06333830290255768
0 0.8273544030016209 0.3758778651693081 0.07228406615858277 0.0728224303072194
0 0.7695328126425414 0.3763342221555498 0.07680793969514958 0.04486112141421188
0 0.6066964693565955 0.3241963471979588 0.07529089149054773 0.05261905771188111
0 0.7260640928931623 0.29189722396964835 0.07691702400410509 0.06361112141421196
0 0.8486198280624395 0.1360241914855107 0.09406816256778647 0.05796132213985139
0 0.8561459817514315 0.08653262297385644 0.08785452400410491 0.06399306733052793
0 0.9463624364736958 0.14745771008983222 0.07219316256778682 0.057197430307219396
0 0.7306884812604523 0.41519831471382124 0.06121930113146803 0.05056548439090349
0 0.7045259570599554 0.4848758976534457 0.0722295240041051 0.06344743030721922
0 0.5610254210537977 0.398462226416719 0.0784704336450254 0.06210318511654282
0 0.5794158309893057 0.20168643013758336 0.04566702400410509 0.06251984736759475
0 0.3691192013044188 0.3192087799522489 0.08164997579950314 0.07158731252120454
0 0.6463452975172309 0.4236135046396874 0.06901362041330898 0.04771330290255769
0 0.6419623245463981 0.47612094574667996 0.08782725292686636 0.05930556733052796
0 0.43558051433974365 0.46066710445435294 0.07853406615858276 0.07304068511654283
0 0.01869754136891079 0.5275793629766914 0.03158634328594585 0.05890377404661713