0 0.48577787093867686 0.3476563196207517 0.0455745799535137 0.05015650889724856
0 0.5014849984105162 0.2921729821683218 0.08638525025210164 0.07674818380210838
0 0.46031904903093485 0.3197050745636676 0.05629355866619044 0.0474771778706093
0 0.3281842562041863 0.2451746012554133 0.05694912252816078 0.0568521778706093
0 0.4030642878830699 0.17317758444949932 0.09721348960843983 0.0756313527754691
0 0.3828831918380128 0.08625058741524885 0.08104218639013112 0.0671821828135252
0 0.31432993379224106 0.06945701825160769 0.06298060124083724 0.05398184585538688
0 0.057100849903454945 0.4356364110646954 0.057604686390131124 0.06622717787060921
0 0.03818695893796233 0.434056665019028 0.019339861884498988 0.05376166996194396
0 0.635700369349193 0.6541543759328116 0.05171531930985207 0.04884867688202625
0 0.5824661087055313 0.654756553803421 0.0585116225281606 0.05691584486680377
0 0.555384438659045 0.7044355602292116 0.05037134059717552 0.0519100098858317
0 0.3583726808653749 0.7665230192401908 0.04102919158591121 0.029716674904859807
0 0.3640106756695948 0.8023331852478022 0.04884169158591121 0.030035009885831698
0 0.3152400398998823 0.7659301116355366 0.0424495799535138 0.05002917490485981
0 0.28564002121044885 0.7459823675670357 0.04738845222957302 0.031533842889637495
0 0.2921303218308675 0.7715726165784526 0.03376299480421992 0.03721083992388792
0 0.3125792156463517 0.8287166131184115 0.055637994804219916 0.03810217787060921
0 0.33258571304846163 0.8459213591640786 0.054294016091543364 0.04116351087441501
0 0.3231232317378951 0.8674607781374395 0.040340776735205176 0.04215300790866543
0 0.37728620785268163 0.8801398502668301 0.04670003737886681 0.043970175893442945
0 0.26735383297873233 0.9214426239928262 0.048481058666190346 0.047158842889637495
0 0.22392662504917618 0.7821864644110057 0.047137079953513794 0.050220175893442943
0 0.15659165957805143 0.7716110617492673 0.05149679802252858 0.045723676882026075
0 0.17680061675130293 0.69087305631206 0.03318384059717552 0.051209672927693364
0 0.24075920994636854 0.7203894599623815 0.04491901609154336 0.04078150889724856
0 0.125429504866804 0.6396898996959889 0.03310743094224948 0.02783583992388792
0 0.07350101810835574 0.6253528270723065 0.039215319309852045 0.04833934091247105
0 0.07703020969426697 0.6534141600761122 0.027512994804219915 0.03695617193911023
0 0.11360295013588599 0.19045656224355895 0.040340776735205086 0.042153007908665385
0 0.6064384762900135 0.8183097178338657 0.05048060124083733 0.0534725098858317
0 0.7435625098104826 0.5048162677201351 0.057713947033792935 0.06778967787060922
0 0.676516757464694 0.5992148665412714 0.05171531930985189 0.04884867688202608