0 0.33724651170746495 0.21131159581820583 0.06307269262201594 0.10098417984777566
0 0.34101588544042355 0.053308094829622656 0.0723295179539809 0.08105368182494202
0 0.45128121974937896 0.06756957159791806 0.07542724687674199 0.07649351581733077
0 0.41729658430895544 0.009683417471895456 0.05956589754067192 0.019366834943790913
0 0.4598987374087723 0.3399393201150433 0.06291815651766246 0.07442167984777566
0 0.4990203247427898 0.3485038952101835 0.05822156615858276 0.07266817885919252
0 0.5241334333504379 0.23260963977297605 0.06291815651766246 0.07442167984777566
0 0.3224214633064713 0.34944826578014976 0.0676420179539809 0.0808626808363588
0 0.4259828005422929 0.4202462440313199 0.07852497579950324 0.07193334980971962
0 0.44189869203284077 0.46960957406937603 0.0770261083130606 0.08280718281352506
0 0.3684384661351417 0.46869567289051234 0.07395565046753827 0.0920548488211363
0 0.32239016793053976 0.4783863492782469 0.055123837235821684 0.07722834486680377
0 0.4420355682998821 0.6274539075674731 0.07559087334017515 0.10461851581733086
0 0.5576736829576544 0.49067946635099097 0.07559087334017515 0.10461851581733086
0 0.5500424692583996 0.3878409678338658 0.08647383118569749 0.09568918479069151
0 0.618974276439992 0.4162896200013126 0.07692611436318479 0.06561968281352507
0 0.7181293939264346 0.4013092657429687 0.07073974687674216 0.07630251482874754
0 0.7632237253085239 0.3619629228533313 0.07399201190385671 0.0983048488211364
0 0.8077095235131256 0.35233591346179116 0.06924087939029917 0.08717634783255317
0 0.7322065712267485 0.6718936797734136 0.08174996974937905 0.08924818380210837
0 0.7364855259490127 0.7357970122829276 0.07542724687674215 0.07649351581733085
0 0.9400099808676687 0.6618634692795595 0.07085792154477702 0.09661501482874754
0 0.643388990041051 0.5833033650583966 0.06144656010845857 0.08998301285158128
0 0.5763605713249442 0.6133847958947556 0.06779655405833437 0.1074251808363588
0 0.5136833093228917 0.5854627257425312 0.07073974687674216 0.07630251482874754
0 0.6025690682016862 0.685771790457548 0.07395565046753827 0.0920548488211363
0 0.6419997277444107 0.7474613655526883 0.07865224082661797 0.09380834980971961
0 0.6790548210303566 0.80377769114212 0.06764201795398073 0.0808626808363588
0 0.7994445890825335 0.8121565824351519 0.06764201795398073 0.0808626808363588
0 0.7655831943705318 0.9018385063514286 0.05030907220870695 0.05516234387822046
0 0.8186536522160541 0.8902988284808192 0.07383747579950324 0.07174234882113666
0 0.6969513690385668 0.9249523541839817 0.07998748184962742 0.05480951680591417
0 0.5771696132830302 0.7524472958947556 0.056595433645025395 0.061667011862997965
0 0.47785086933315435 0.7393026501530994 0.07380111436318479 0.0654923488211363
0 0.5841422968298599 0.876411377909978 0.06751475292686634 0.05898768083635915
0 0.5425769655459665 0.8507548033091293 0.07220225292686618 0.059178681824942105
0 0.35769238455666075 0.6363606753619704 0.11015677088084708 0.13883168973360735
0 0.6354163669954633 0.2874642830431743 0.0911613311856975 0.09588018577927464
0 0.6247788488450908 0.339472452016535 0.056595433645025395 0.061667011862998146
0 0.5971917426733295 0.8360264584423256 0.07542724687674215 0.07649351581733085
0 0.4767337969280557 0.8159288171492938 0.06291815651766246 0.07442167984777584
0 0.4394565107255063 0.8557380750579592 0.048673849336070066 0.04259867688202625
0 0.44428685206654456 0.20851290657889 0.07236587939029934 0.08730368182494201
0 0.38312715914994105 0.30712150292856844 0.06131929508134402 0.06810801285158127
0 0.37199824072842197 0.14034783840383203 0.0676420179539809 0.08086268083635884
0 0.621604372751 0.46541286950702093 0.06601588544042354 0.06986151384016441
0 0.8047401013791735 0.6478394144503744 0.06764201795398109 0.0808626808363588
0 0.7708236436318471 0.5937395048685538 0.0597204336450254 0.0617943458553869
0 0.5265792608237022 0.7873289732710732 0.06924087939029935 0.08717634783255317
0 0.6025019322702834 0.9428667074537425 0.05187157220870695 0.05522601087441501
0 0.5540280708339649 0.9385903843357685 0.0644170240041051 0.06354784684397004
0 0.43221059552544105 0.5504921595446396 0.07236587939029934 0.08730368182494211
0 0.26368733362158436 0.46202386163553666 0.05663179508134393 0.06791701186299814
0 0.3064060987468949 0.4173042692401909 0.08177724082661779 0.09393568380210837
0 0.3795976381708981 0.23771758692095726 0.0629454275949013 0.07910917984777566
0 0.4924930687908615 0.30110231319496106 0.06131929508134384 0.06810801285158127
0 0.5440571314334027 0.7022218028148377 0.06291815651766228 0.07442167984777566
0 0.9155468329342134 0.889476474716767 0.05014544574527378 0.02703734387822081
0 0.5125798724564123 0.6644326427387256 0.05663179508134384 0.06791701186299814