0 0.01828083439298924 0.4494096475406719 0.03656166878597848 0.06756929508134384
0 0.049973958762735374 0.39185622277444104 0.09455838317182247 0.056777240826617795
0 0.1090975864866762 0.37344256606038695 0.08318384059717551 0.050463608313060515
0 0.07452620851063382 0.46546643959695383 0.11382183540139543 0.0865647347764936
0 0.03232709088771436 0.5370778191836448 0.06465418177542873 0.06294542759490121
0 0.07015578276416443 0.5279664395969539 0.054621798022528575 0.044049981849627426
0 0.07267485936348353 0.6819499576491305 0.12977461733238063 0.09134313836728972
0 0.059458947362769 0.6138766685197149 0.09663433540139543 0.08646474082661797
0 0.14114063609868863 0.6417067527304745 0.07737088317182246 0.056677246876741985
0 0.11953915168602894 0.749437439498758 0.00824954257464694 0.006295451795397966
0 0.17270235651349192 0.7380232165279251 0.07911905347041026 0.08167724687674216
0 0.1711991127176782 0.48009708703942994 0.09710422896477806 0.07084883118569749
0 0.22509964490076495 0.402253888170898 0.13355518119435103 0.10073631908544911
0 0.2514711207634499 0.46102490017295067 0.0990709205506893 0.0989738311856975
0 0.24111849278740755 0.5531896742752516 0.11886996832111638 0.06941359621281222
0 0.3362999528106506 0.5779720265381879 0.11193155347041017 0.0818681444174139
0 0.32050035416770345 0.6474396440246306 0.07032320767745456 0.06756929508134384
0 0.4006248967423504 0.641653252337691 0.07915190445914604 0.05981133723582168
0 0.36788917037546237 0.7297799662333375 0.13341306956195353 0.12103972872636941
0 0.4720357209958809 0.7045941347530525 0.08013525025210164 0.07387383723582168
0 0.6109175405578345 0.5850406797362006 0.12599405347041018 0.08194995764913067
0 0.5377589099839022 0.6588639991162373 0.09274451089576327 0.07550906010845856
0 0.603208583384583 0.5052759116840239 0.07737088317182242 0.05667724687674216
0 0.6182051526944351 0.458469089377121 0.10044775025210165 0.07399201190385654
0 0.6926752749704943 0.47765997179248243 0.07010468639013112 0.06444429508134383
0 0.6176313523261181 0.41079011347942196 0.11346120248167449 0.10374314441741408
0 0.5522848577739996 0.37289468285945854 0.10455609604505725 0.08807269262201593
0 0.48687375317896775 0.6265236769075302 0.08358803218308672 0.07857951795398091
0 0.4227127002127606 0.560498701108027 0.07144866510280767 0.06132838544042354
0 0.45721874018951747 0.536470848648699 0.08987088317182242 0.05674996974937905
0 0.5171671765796486 0.4727310563960255 0.0331074309422494 0.026744307181592396
0 0.44046791878597846 0.4183566529034251 0.0248578883676025 0.020448855386194252
0 0.3654514932916106 0.4069782704880637 0.12418018119435104 0.10068177693097127
0 0.09275631050777573 0.193586894417414 0.10201025025210156 0.07400110226293632
0 0.027273058161987225 0.2416062378997516 0.05454611632397445 0.07696247579950324
0 0.22531208439298922 0.2092078701187213 0.10255655347041018 0.08181360226293632
0 0.27671069342749666 0.21185160196834874 0.09921303218308672 0.07867042154477702
0 0.37982498575004203 0.2796663367448423 0.11818155347041018 0.08190450585373252
0 0.45297290864651985 0.27305778844204454 0.09485331411407198 0.08333065046753818
0 0.10602149899159381 0.29448631908544903 0.1671325056999832 0.11186471662612103
0 0.22505146035221926 0.7047203580184729 0.06676116510280768 0.06130111436318479
0 0.06719540168602892 0.7491329124695907 0.0790426438154842 0.05824883723582168
0 0.026271337911671994 0.7277391806199633 0.05254267582334399 0.07538179508134384
0 0.22201430564097174 0.8375692194547912 0.0648708831718225 0.056604524004104914
0 0.16335947954585578 0.5363243611417309 0.09197968639013113 0.06457156010845858
0 0.42305654365992773 0.4549890444921688 0.06988616510280768 0.06131929508134384
0 0.2408828180493443 0.3218442255049156 0.08594820767745456 0.06766019867214013
0 0.4857979362149042 0.7648549238824681 0.054731058666190255 0.04561248184962743
0 0.30243949697478145 0.8833680536655508 0.07958894703379285 0.06606133723582168
0 0.30631824982477307 0.8278993036655511 0.10058986188449896 0.05368860226293606
0 0.42808398918111135 0.8301708516737613 0.07580838317182241 0.056668156517662285
0 0.3667740566493779 0.544541903001621 0.06810514381548423 0.058185204722264315
0 0.17142371580010088 0.6668931050916067 0.0656685586661903 0.04567611436318479
0 0.3433308388324647 0.4662487313586481 0.10346348960843983 0.07244769262201593
0 0.1728155150831372 0.25579652380771334 0.10077553218308673 0.07867951190385672