0 0.013003818069678614 0.5130357133395111 0.014735209341181454 0.05830357332097762
0 0.06165149809035948 0.6637425522695855 0.09278748400699968 0.054781758437520624
0 0.20872758744426761 0.8102306279528158 0.11197383601209036 0.0929365228654909
0 0.2120151247612684 0.6897544368458233 0.1165704293443632 0.0852877139724832
0 0.20587366542008692 0.6321329098039813 0.07069430800445434 0.035267866604888454
0 0.15564585140831472 0.5471329164274034 0.08039657200827235 0.06372024881887377
0 0.31100879746176685 0.9356175191524756 0.06620680267345432 0.0522916754978958
0 0.3554662274426768 0.7933828899337154 0.09458634134309048 0.07514882213985138
0 0.28055658676794987 0.736599665794431 0.07877952800763595 0.058978185116542826
0 0.5217622947564958 0.6437672919331485 0.10859429734245403 0.07095239546082902
0 0.47341241736949835 0.24998257559841236 0.07087612133990877 0.050892866604888454
0 0.5003203627068619 0.2787424926587878 0.0630454400063634 0.04905754809323426
0 0.48329485268140837 0.09176084783093098 0.05056362133990877 0.05018353847458738
0 0.3744465640117721 0.07367802514292546 0.09774770401018137 0.07838294954451305
0 0.1700328786998621 0.23869293385059845 0.09280566534054513 0.056344258437520445
0 0.08284196137013466 0.26831100118112633 0.0866283906747269 0.06237600362819702
0 0.6171811460454979 0.3137399968351391 0.06460794000636341 0.049112111795565114
0 0.634732820058861 0.4116045779606651 0.08346702800763595 0.059141876223535304
0 0.2341553961250397 0.9132911405666876 0.06286362667090888 0.03343254809323426
0 0.3816116514560398 0.8909473706964217 0.07561816534054522 0.05574405771188111
0 0.05352936807763279 0.5702380889300743 0.09502269334818114 0.11264882213985139
0 0.08908506007317844 0.5361706237764647 0.11340906667727224 0.08205358656782166