0 0.5256201939969409 0.5108900503210163 0.04421365016215582 0.027326159090609536
0 0.5362440482990121 0.5290497150936686 0.05199887662320535 0.025900026785361165
0 0.6187156290621327 0.5500264626580367 0.04462275324641087 0.050763659090609536
0 0.6417031156694522 0.5762168157422918 0.05566934740221221 0.05720457386326174
0 0.7251974541432106 0.5385998133066597 0.06808752678536116 0.05273526217486459
0 0.8324038023562018 0.3513510036468574 0.048982970779006506 0.032095479707460586
0 0.8528838977298191 0.386875446422687 0.04593979139585791 0.036728432629559826
0 0.9805725211066136 0.4141118766166148 0.0191045560063543 0.020639782467404187
0 0.93765258969487 0.5001078778344309 0.0680602532464107 0.05117276217486459
0 0.7338672962704171 0.623933341309837 0.052271612012708954 0.041525026785361165
0 0.8016314947282895 0.6368384902541768 0.033412517856907444 0.034947744317956976
0 0.7624326270335378 0.6439691517804184 0.03322160308425506 0.024010244317956973
0 0.7945536059302194 0.7289305328678506 0.047638659090609534 0.044568206168510115
0 0.8108468076345028 0.690922018257354 0.030232970779006864 0.031768197240056396
0 0.710137695621794 0.7298015117645322 0.03807274431795715 0.0334670649348082
0 0.6887166631543898 0.7481833189887027 0.039798885551659245 0.04286933847375849
0 0.7043456172943052 0.7930009411476813 0.042978432629559825 0.046048885551659244
0 0.7399149245184755 0.8147219825435391 0.04782957386326192 0.05550570616851012
0 0.8266979042259361 0.7677845271858077 0.0680602532464107 0.05117276217486477
0 0.8324024334469293 0.799143621341609 0.05873980032431163 0.054134120941162676
0 0.8223455949731708 0.8380424801079072 0.05248980032431163 0.05402502678536116
0 0.8618796534151573 0.9012515921206159 0.06657957386326174 0.05583298863591431
0 0.8581876375868447 0.8441385215037649 0.060384120941162675 0.05884889448011279
0 0.800785609580372 0.37189928286785057 0.031768197240056396 0.030232970779006774