0 0.3885601194260676 0.06046869701262433 0.06087179802252853 0.04576885698624167
0 0.535539026231002 0.0872891134400276 0.0735574683211162 0.07115080290255767
0 0.4752207051564391 0.6489632234214942 0.054294016091543364 0.04086310217691817
0 0.5064050031789677 0.6042310767795387 0.05484031930985207 0.04867560217691817
0 0.53495633807616 0.6640227390305908 0.07580838317182241 0.0587599303072194
0 0.680230997226883 0.7820857143510015 0.049027361884498966 0.05470734736759475
0 0.5084381246987222 0.8426388123515686 0.05516810124083733 0.05336310217691818
0 0.3669061885606927 0.8382291092636762 0.038778276735205175 0.04187996515360979
0 0.9033888998444436 0.4773634648991557 0.020388909654926124 0.02409226442797028
0 0.6419418455408541 0.036812909086191115 0.060981058666190434 0.04733135698624167
0 0.5986888722760592 0.00892853358044595 0.07762225544788173 0.0178570671608919
0 0.7143635127373488 0.13793641026731746 0.05248014381548423 0.05950397477225655
0 0.8148716111281942 0.13832330146697727 0.05273151609154354 0.04080853847458741
0 0.8230940205310189 0.18791407369949584 0.04670003737886681 0.04371528366526398
0 0.8074090363704606 0.22275286516930812 0.04670003737886681 0.04371528366526398
0 0.7405164673127101 0.19859116807186578 0.08794775025210164 0.07632937622353535
0 0.6432204862542451 0.10768840427686768 0.04960651609154336 0.040699411069925695
0 0.8421775202789172 0.26050583631336754 0.06766810124083733 0.05379961179556503
0 0.8698054935437121 0.3000668441179159 0.06977690445914604 0.06166667549789597
0 0.7862449585106338 0.43625236997863154 0.03285605866619044 0.046349210344286185
0 0.8078910935240418 0.6170832185273527 0.06766810124083733 0.05379961179556503
0 0.8449319076381137 0.5331794444807356 0.05727690445914604 0.06123016587924912
0 0.6055362718684011 0.5797270953838602 0.052622255447881724 0.03924603847458741
0 0.6107265164205196 0.616954276872206 0.04644866510280767 0.062410719962933216
0 0.8630870558930732 0.730498388582953 0.08358803218308672 0.08085318511654283