0 0.374279826095116 0.3030811108471433 0.05026207995351371 0.048710210772388504
0 0.2869219377275135 0.3228936410977643 0.05004355866619026 0.04558521077238851
0 0.21775132064723435 0.33968571047780094 0.04281021287323465 0.031486349336070064
0 0.23108184713033797 0.3725891140685971 0.039106058666190255 0.04552157825883123
0 0.26481770876273536 0.39310614714788855 0.057386165102807675 0.06124657220870704
0 0.3446855252225959 0.4021680506404888 0.04491901609154336 0.039307939695149584
0 0.32072885517610966 0.35357146935659556 0.07984031930985207 0.0473204275949012
0 0.2956738608760928 0.24244307181592353 0.05037134059717552 0.050272710772388506
0 0.44589383807616007 0.6872475534691592 0.05037134059717552 0.050272710772388506
0 0.45800071814588944 0.760003797419035 0.0667611651028075 0.06130111436318479
0 0.6036027952494116 0.7678849959929792 0.04670003737886681 0.04244203005422946
0 0.5750189733416695 0.7966367098886258 0.0506991225281606 0.05496021077238851
0 0.5163270343536482 0.8424077521412994 0.06130884059717552 0.05033634328594587
0 0.48802707173251514 0.8000384449597069 0.065340776735205 0.040988614363184794
0 0.5905950608367518 0.8756656797362006 0.06399679802252863 0.04410452400410492
0 0.688480175823344 0.6941298543060398 0.05451253737886681 0.04248748184962743
0 0.7680095026747645 0.775094028875879 0.06552644703379293 0.06597952400410492