0 0.3603861998543507 0.42333409334674793 0.049755959092057725 0.04728617688202626
0 0.3491555316702352 0.333059261825817 0.048329851411925875 0.0519100098858317
0 0.3326834340192331 0.25081976479156654 0.053381064264907255 0.06460101087441492
0 0.7063759644358271 0.5938296881763705 0.07659124373179385 0.05774351581733086
0 0.468890336301724 0.6308826550960152 0.05917642319868044 0.04923067885919252
0 0.5656122236070271 0.6754364683281573 0.04350595909205772 0.04703150889724857
0 0.5518141480593488 0.7119788047920041 0.062392351411925874 0.05248301285158128
0 0.6245553145941116 0.6581733724727705 0.0566424565847754 0.06941584486680377
0 0.7707998287798766 0.6842835918266921 0.05779577962517113 0.05541701186299797
0 0.7180158095795467 0.6981670196973014 0.04001724623907634 0.03440417490485981
0 0.7679619852855096 0.721161509317178 0.051136602665567035 0.04109984387822045
0 0.6109534673388209 0.7283412924347145 0.05582410266556703 0.04129084486680377
0 0.614433820004388 0.7673082919404228 0.04207985141192587 0.05165534190105418
0 0.624877226510021 0.8036450399632564 0.05306281551854841 0.05366351087441501
0 0.6856245098961159 0.8215063606097723 0.06538095909205772 0.04792284684397004
0 0.6736496956312086 0.759420196085036 0.05922188730530316 0.050793178859192524
0 0.6786267006457736 0.7154155281002584 0.061057171945039276 0.060231845855386726
0 0.47990937047924176 0.955818988099821 0.046585494985435 0.0455963428896375
0 0.8467796555811962 0.6342570755150697 0.08857441818411545 0.0941266847906915
0 0.6429536250980952 0.7528492025108265 0.04801160266556703 0.0409725098858317
0 0.7134479815245859 0.7562341876820791 0.05279003087881229 0.04428851087441501