0 0.39078173070495276 0.2887950876596843 0.04551249466899989 0.017978432629559827
0 0.3136919720321349 0.24214618425111767 0.04407726400381797 0.028888659090609538
0 0.2992663927036801 0.2778245856310894 0.031649989337999784 0.03492047077900677
0 0.30140051002545337 0.1927228827089901 0.03317612667090888 0.031822744317957154
0 0.35079198269413514 0.20842574918592582 0.04418635200509069 0.03826365909060954
0 0.3793340586807721 0.11050644642598226 0.02369203866963625 0.022284103084255102
0 0.41564427601845366 0.1431649878218401 0.0348477146721816 0.041225017856907444
0 0.30592383068109025 0.11156834009531628 0.0315227200031817 0.023982970779006775
0 0.6995702161043589 0.7808049042160503 0.052089758672817864 0.04621252678536116
0 0.7685929361075405 0.8054424399298652 0.031795440006363404 0.047420470779006865
0 0.7376236520925866 0.6947679926898088 0.042605670671545325 0.03667388555165907