0 0.7570092372692757 0.46743890476914657 0.036446577339272326 0.04395907825883114
0 0.7297205786123662 0.39572753123257964 0.0348840773392725 0.043949987899751616
0 0.7816830679503659 0.3610525493829523 0.04593066534054504 0.05338862041330898
0 0.6691739772835932 0.36248830523668474 0.04729317067154533 0.03621021077238851
0 0.4340279126352741 0.22870924463724682 0.02856135200509069 0.03766362646343317
0 0.4788137013049104 0.20657516940347773 0.05666817067154532 0.03626475292686626
0 0.494774508633047 0.24476097063314178 0.020585220003181703 0.023555674668035032
0 0.4686750852960017 0.27225471155795544 0.03155908267027261 0.026744307181592396
0 0.46355232797581924 0.17541607299427392 0.03470226400381797 0.02832498789975162
0 0.8253854252466859 0.6334360886105637 0.04264203333863605 0.039307939695149584
0 0.754972927912186 0.6424389047691466 0.036301126670909054 0.03145907825883114
0 0.7389661199077315 0.6753423083599428 0.06920453333863605 0.03946247579950324
0 0.6113656418682789 0.9666899919067724 0.04885567067154532 0.036219301131468026
0 0.5623105238701879 0.9529138382177802 0.04596702800763595 0.056513620413308985
0 0.5027446198679606 0.9696655218628057 0.0395715773392725 0.04397725897699054
0 0.4343218838717786 0.9419404976623088 0.03637385200509069 0.037709078258831144
0 0.42072246053473333 0.9693615157144857 0.040824994668999894 0.017423849336070062
0 0.7216417125636865 0.7543440071302787 0.04763861600890866 0.06589771077238851