0 0.19627154148209836 0.637623240728422 0.045091256939830335 0.04555793969514958
0 0.15756069246954746 0.5819499576491306 0.04805557063492083 0.06744203005422929
0 0.2169752652639366 0.6072863009350764 0.0576913864894796 0.047193162567786474
0 0.37718608420081445 0.8893635236113215 0.04957849784053163 0.042460210772388506
0 0.4173895820413461 0.9317691922292326 0.05845285009228505 0.03470225292686635
0 0.7060833258767081 0.33054862245641237 0.05759125693983034 0.04563066256778665
0 0.6776288564138065 0.27649692671113846 0.061317034237726276 0.055023843285945874
0 0.20149475786268098 0.3900897105759968 0.05164164558877822 0.050281801131468115
0 0.23603044416759045 0.36842378883482796 0.05154151603912895 0.048719301131468204
0 0.35846784623477373 0.29260215309981685 0.05723031153562221 0.06437157220870704
0 0.40034178438538454 0.9582226079202771 0.0429279796419344 0.03617384933607006