0 0.30269073800377877 0.5865295672344081 0.08321491439185813 0.0445516335443795
0 0.3433542793601076 0.619767964568841 0.10058650496239877 0.0825062746106063
0 0.4226415190210254 0.6088555451310844 0.0690068651776464 0.0410174565847754
0 0.3337566474332382 0.5480748209953319 0.08572348428423426 0.06490959765100221
0 0.3848439584342741 0.5027790413701607 0.07896406203449331 0.05379024122451135
0 0.28740387820281577 0.4766688339274555 0.10363873035529289 0.08103470282385157
0 0.4533756346129566 0.49609112067876265 0.07754711124870503 0.05686977711788863
0 0.49771429362813124 0.6082357680131956 0.06148546360606986 0.04704013605166182
0 0.5841976031814251 0.6174539921489481 0.1061815334984459 0.06862563103709682
0 0.6213123054149555 0.5577009074300698 0.07554796360606986 0.04744931301126609
0 0.7029647198068136 0.5975697379923132 0.09092040653397522 0.07598348997087001
0 0.8688316224118475 0.6819267029568656 0.1093065334984459 0.06871655925034226
0 0.7672327351082946 0.6841006198873398 0.07246150496239867 0.08168792069139794
0 0.6270849623632155 0.4800843727903337 0.09724318114108108 0.07772784639736088
0 0.5376414727022978 0.4912923089211379 0.08474318114108108 0.0773641335443795
0 0.4804068614535928 0.4381960526529317 0.09978598428423435 0.06531877461060631
0 0.858895734489122 0.435006238850243 0.09909677956950454 0.0840233105039836
0 0.5428683200972639 0.40195702428140184 0.12068068114108108 0.0784098079967011
0 0.4551991920993359 0.31688935398571527 0.10298375889134022 0.06697220282385156
0 0.42015641211554655 0.3875344745979709 0.09026543507002263 0.061920989970870186
0 0.4512544007430071 0.2825825501456493 0.0909204065339754 0.07598348997087019
0 0.536682478493266 0.2691445242814018 0.0729323858558109 0.058295884798020656
0 0.5238892260120667 0.2296190230277606 0.08103598428423417 0.06477320533113406
0 0.4229024607105857 0.14415654763836683 0.08812073821317572 0.04937552586424747
0 0.35217258374611504 0.1540376644896988 0.08459763192686945 0.07423913354437942
0 0.625340410048632 0.19068089199066365 0.11228598428423417 0.0656824874635877
0 0.860501083951003 0.5366596670634883 0.08074488585581108 0.058523205331134066
0 0.4538763248547749 0.08692906934597919 0.0888142510334573 0.09776756175762477
0 0.3487307524811994 0.035592856030779316 0.11308650496239876 0.07118571206155863
0 0.17617527977439235 0.4736467854976659 0.08252570967712844 0.06325616943775678
0 0.9199209716688405 0.38472744253202434 0.048548815963434674 0.03730142319868044
0 0.8730074303125116 0.3516709016240821 0.0852140620344933 0.05397209765100204
0 0.7479303475998539 0.2864671019406512 0.040954639784752264 0.041761602665567034
0 0.7259119524384181 0.31761781353999147 0.05167381596343468 0.03739235141192587
0 0.7424851763835701 0.3711148865803873 0.06461046360606985 0.04713106426490725
0 0.7449980543814982 0.45866035068701 0.058578787427387445 0.05163670783841656
0 0.7728897679875681 0.5032226929277357 0.04720463978475227 0.041943459092057725
0 0.8040841100058508 0.4843219287419707 0.04636988585581072 0.057522994985435005
0 0.8317061499144376 0.5734837171426305 0.04542381596343503 0.03721049498543501
0 0.8649017936281311 0.5975517029568655 0.045496590570540715 0.038772994985435
0 0.8107793738595896 0.6280719287419707 0.09389985731976366 0.07294941818411545
0 0.6708841581866052 0.395885217538342 0.08608735731976366 0.07272209765100204
0 0.5902313176160645 0.3606811549227874 0.08059933664159917 0.055398205331134064
0 0.5313464691876411 0.35613605892113787 0.04258991439185813 0.04336956677218975
0 0.4675022930089587 0.36268758729266787 0.061412688998963995 0.045477636051661816
0 0.5138122127775004 0.33239468204067607 0.042080492142117266 0.03243206677218975
0 0.5289085198495949 0.3037923089211379 0.052037688998964174 0.04520485141192587
0 0.6190048269216895 0.2730076586837111 0.052328787427387446 0.05145485141192587
0 0.5882835198495948 0.302064672869476 0.051819365177646404 0.040517351411925785
0 0.4325899838699495 0.20098320915856474 0.06468323821317572 0.04869356426490725
0 0.3648973697257604 0.25927909395658544 0.07413101282028159 0.050528848904643375
0 0.2772603209258334 0.10771424544765348 0.11065070967712849 0.06407452335696498
0 0.5057236927185084 0.5618465013201482 0.08750430810555195 0.06964256175762476
0 0.978985544663843 0.49612193210718303 0.042028910672313916 0.07052310015828453
0 0.965860556243525 0.5428067154932779 0.06827888751295 0.049148205331134065
0 0.18086901033908223 0.006411472882111306 0.06173802067816445 0.012822945764222613
0 0.23009649234700494 0.42201007765924936 0.07402400496239876 0.08173338479802066