0 0.6882078061369514 0.1419316071497313 0.04947836829088246 0.04253500988583174
0 0.593081480564785 0.3565127133852415 0.053804922886674156 0.061412343878220546
0 0.5034158081395361 0.47296006714929373 0.10979410703211538 0.08395318874502422
0 0.5002686266149887 0.5827489026245573 0.06650518198597269 0.06504667984777565
0 0.5462529526485802 0.5424939757425312 0.07497901603912886 0.051366181824942105
0 0.688316944010707 0.7058959480622022 0.08216975478036197 0.09061968281352524
0 0.39739395048911197 0.5908571743733871 0.0679675524363235 0.06354784684397004
0 0.4087610495016628 0.6460075893924152 0.07744268198597286 0.0654923488211363
0 0.3073289574289423 0.6399578606469534 0.07764294108527148 0.0686173488211363
0 0.16848530536175899 0.7223777242968374 0.1083922933370249 0.06207818874502422
0 0.22886519354928164 0.5522933759699926 0.06444203423772628 0.05717051285158128
0 0.331799228866742 0.5817806047154545 0.08801923658176473 0.08462435079830274
0 0.12371781615910064 0.5127135642207252 0.06922966378737554 0.058924013840164415
0 0.1312521090347002 0.3980462277568786 0.07275518198597286 0.06530134783255317
0 0.20377795110742078 0.4052737959319366 0.0780434592838688 0.0748673488211363
0 0.25972756245847284 0.3982942840689384 0.08102875693983033 0.04849584980971962
0 0.4115718622739027 0.32317758444949934 0.07830427513842757 0.05461851581733077
0 0.29157024290328615 0.30848502616027307 0.08056768198597286 0.06561968281352523
0 0.14979614820967194 0.17405297083679633 0.09745479333702489 0.06163251977166349
0 0.13492331739571833 0.1253117233082543 0.09160531153562217 0.06762785178688593
0 0.055785332355113106 0.19824915760465425 0.07547966378737556 0.059178681824942014
0 0.3041179125507579 0.4309502751716899 0.06404151603912896 0.05092051285158128
0 0.338060918410854 0.4961468522439965 0.07588018198597286 0.0654286818249421
0 0.4667087476836482 0.3890771570731816 0.08203005243632351 0.06412084980971962
0 0.421680442626431 0.19978916399326382 0.04921755243632351 0.06278384288963737
0 0.6417006508305656 0.2840355355146322 0.0874184592838688 0.07524935079830275
0 0.38761153300110857 0.42598159087529003 0.07331638648947969 0.04974001482874755
0 0.3987283081395362 0.4772257558943179 0.09130492288667424 0.06294035178688588
0 0.5972065784976017 0.4331070468833387 0.0842934592838688 0.07512201680591399
0 0.9972311551495021 0.4388597093937278 0.005537689700995685 0.059213173916276673