0 0.46865491161771766 0.021875 0.08144017676456468 0.04375
0 0.3143683080885883 0.109375 0.08070647095570589 0.0546875
0 0.18418205538929597 0.1984375 0.07000576929603186 0.0578125
0 0.2104261692913875 0.13046875 0.07445647095570589 0.0546875
0 0.41326498152916075 0.24765625 0.08203217261537965 0.0515625
0 0.4460406701165801 0.3203125 0.08503877344521679 0.05
0 0.5837532350536456 0.3484375 0.07050267676456468 0.04375
0 0.5421801190769617 0.4125 0.11960395020978147 0.09375
0 0.5951857972914188 0.465625 0.0709762734452168 0.05
0 0.7670976087039995 0.39296875 0.05319677759440165 0.0421875
0 0.7425110831841902 0.4390625 0.06304537427505359 0.0484375
0 0.6766385520653037 0.38046875 0.07495337842423862 0.040625
0 0.6768627723963097 0.41875 0.056180067636357835 0.0609375
0 0.3071395004009853 0.565625 0.05269987012586883 0.05625
0 0.21213557633571303 0.5203125 0.06702247925407559 0.0390625
0 0.14338649895109282 0.46875 0.10641686597668398 0.0640625
0 0.016685518146878364 0.56640625 0.03337103629375673 0.0546875
0 0.19168840869471068 0.76953125 0.09917305103961845 0.0921875
0 0.3237988172121507 0.31484375 0.07445647095570589 0.0546875
0 0.5524854599580438 0.01875 0.08252908008391255 0.0375
0 0.4465814313147349 0.5296875 0.06965057178554286 0.053125
0 0.49369322965506096 0.5265625 0.0756637734452168 0.05
0 0.8232488298601981 0.62109375 0.07900226099766208 0.0734375
0 0.7937962829697645 0.72109375 0.08440015601864026 0.0828125
0 0.6299561580700107 0.8625 0.08539397095570571 0.0546875
0 0.4837915530909889 0.853125 0.07890717261537983 0.0515625
0 0.30503959105835277 0.83046875 0.07386447510489073 0.046875
0 0.6154587180326988 0.69296875 0.08790366431700995 0.0671875