0 0.24077464934024043 0.6520265556026127 0.01512225544788164 0.037718188311602674
0 0.3360932311353396 0.839974794645564 0.0461537341605581 0.035138659090609536
0 0.4105305024226631 0.8355543015454228 0.03020095222957302 0.030178423701106283
0 0.5144417422832045 0.6886053892084025 0.025404191585911208 0.028534103084255236
0 0.5684572529268662 0.6861019521146157 0.036341691585911204 0.028725017856907443
0 0.658049630650807 0.6658109971639214 0.04335651609154336 0.039771612012708776
0 0.7346449816395427 0.6863223202164045 0.03645095222957302 0.03028751785690744
0 0.7322576729733523 0.7316211834469294 0.05360560124083733 0.05243525324641087
0 0.677444122857137 0.6116320117744181 0.04070140965492612 0.024119338473758488
0 0.6622886524423336 0.5159200913197228 0.046372255447881726 0.03826365909060954
0 0.8478819450169806 0.5064381769541075 0.04324725544788173 0.038209112012708955
0 0.7873486366028917 0.4794041185121213 0.03888753737886681 0.04281479139585791
0 0.8041262272000672 0.42917229343104324 0.04081067029858794 0.02568183847375849
0 0.6906642967620209 0.3109871294691698 0.05851162252816078 0.05564207386326192
0 0.695887028324689 0.2586161059302195 0.051278276735205 0.04147047970746058
0 0.5098074166922915 0.24157643060426026 0.0538241225281606 0.055560253246410875
0 0.46937380480779256 0.29534235876959325 0.046044473516896466 0.033576159090609535
0 0.6447851701233608 0.7885490677807725 0.04113845222957302 0.03036933847375849
0 0.6426488697550438 0.7409882751670988 0.05829310124083733 0.05251707386326192
0 0.37892023348112813 0.9305219281686284 0.041214861884498966 0.05377956493480838
0 0.5363113884444772 0.7217763993546722 0.03666947351689629 0.033412517856907444