0 0.5328710487320606 0.65703125 0.0753142605154494 0.065625
0 0.3814479895960921 0.58515625 0.0598530348257091 0.06875
0 0.6554133548158114 0.43125 0.08814845318850324 0.0421875
0 0.8571893752808839 0.76328125 0.06758364767057934 0.0671875
0 0.7614641174789677 0.7703125 0.09932497060135788 0.0765625
0 0.5096249785148157 0.7203125 0.07646732473980081 0.0578125
0 0.5389683197629598 0.78828125 0.10022572930778502 0.09375
0 0.5147927561044354 0.5953125 0.07210737336031983 0.0640625
0 0.4545679070543751 0.534375 0.07375176051544959 0.065625
0 0.42271039744343675 0.49296875 0.07868492198083885 0.0703125
0 0.49952852498762806 0.453125 0.09207903663473135 0.1171875
0 0.32094317955561236 0.4890625 0.10984639077317429 0.0984375
0 0.37401951266315614 0.3390625 0.06930992198083885 0.0703125
0 0.5025915699901025 0.3625 0.07498671189493056 0.059375
0 0.5802186030067892 0.3828125 0.06322369629109836 0.0734375
0 0.6935441186106214 0.36875 0.06675813206674697 0.08125
0 0.678884075078485 0.2828125 0.12712242198083884 0.0703125
0 0.5118979709400421 0.3015625 0.09669129353213642 0.0859375
0 0.4486709526226765 0.24296875 0.06873671189493073 0.059375
0 0.6859352572360893 0.19375 0.05689845318850324 0.0421875
0 0.6734419012886239 0.1640625 0.10236808344622812 0.075
0 0.25997918758467103 0.05625 0.10532930913596861 0.071875
0 0.27368756275401324 0.16875 0.08509869629109837 0.0734375
0 0.6743105189947343 0.50859375 0.09291119629109837 0.0734375
0 0.7644254274079059 0.215625 0.04727779172311415 0.0375
0 0.7332982581406003 0.21796875 0.042508404567984215 0.0359375
0 0.8387836182719373 0.14375 0.0490040660333733 0.040625
0 0.7577515400256335 0.63984375 0.048676517412854635 0.034375
0 0.7859871619156152 0.88046875 0.05566350180902226 0.0484375
0 0.6404931982116622 0.77265625 0.06282090456798421 0.0359375
0 0.5673202125722991 0.509375 0.04875840456798421 0.0359375
0 0.5245085928300239 0.5421875 0.05574538896415202 0.05
0 0.5857703194242756 0.56328125 0.0670923247398008 0.0578125
0 0.6513919973980082 0.578125 0.07038109905006032 0.0609375
0 0.5566826057203226 0.45546875 0.05533595318850324 0.0421875
0 0.7750298139972086 0.41796875 0.05229284034363317 0.04375
0 0.7885866236990042 0.2890625 0.057553550429541286 0.0546875
0 0.5084509871097012 0.08671875 0.06002345318850324 0.0421875
0 0.3231342848257091 0.06875 0.04612472749876275 0.0453125
0 0.32939425090451113 0.02421875 0.0689071302577247 0.0328125
0 0.4266487884437537 0.165625 0.07235967887824372 0.0390625
0 0.3394287494341731 0.20078125 0.05204717887824373 0.0390625
0 0.4380853346894235 0.32421875 0.04192190637700666 0.084375
0 0.35677445895425447 0.4125 0.0717798247398008 0.0578125
0 0.428158136023476 0.403125 0.05509029172311415 0.0375
0 0.3285343515364512 0.559375 0.055827276119281774 0.0515625
0 0.6788054257104251 0.81796875 0.042426517412854636 0.034375
0 0.8260788161449153 0.69140625 0.05689845318850324 0.0421875
0 0.8776346720923804 0.72109375 0.06528416327441136 0.053125
0 0.7106442509045111 0.02421875 0.05245661465389269 0.046875
0 0.4828954664174864 0.18046875 0.0448078889641522 0.05
0 0.5912546002932558 0.31015625 0.04439845318850324 0.0421875
0 0.6281127911572872 0.23828125 0.049413501809022264 0.0484375
0 0.6297682236535757 0.37421875 0.0573078889641522 0.05
0 0.5338781122790434 0.19921875 0.04653416327441153 0.053125
0 0.6151845024863908 0.4984375 0.05064845318850324 0.0421875
0 0.61830725972248 0.6921875 0.05566350180902226 0.0484375
0 0.6169627657153739 0.63671875 0.05187676051544958 0.065625
0 0.9387260645630355 0.2171875 0.058297178878243726 0.0390625