0 0.48302049065086433 0.15027704953513785 0.08357611600890866 0.07141581411407198
0 0.6779677219525931 0.3969110209583473 0.06166475334181776 0.06676116510280768
0 0.6103262359564111 0.36403318295906184 0.08655566534054522 0.059134335401395434
0 0.5094684292250504 0.8339307836956961 0.07405566534054522 0.058260250252101645
0 0.7739763718969138 0.8141145824745293 0.08346702800763595 0.06204081411407181
0 0.625613239258458 0.5957584303611718 0.06478975334181776 0.06697968639013112
0 0.5546109432686392 0.515732440752732 0.07727157200827221 0.0662912715394249
0 0.4400960992998197 0.27785039247810184 0.05859429734245403 0.07123014381548423
0 0.5625239879455934 0.4404428636492098 0.08524770401018138 0.08090007475773361
0 0.6513410399427298 0.46776447033792873 0.07599997334499946 0.09118201089576328
0 0.42925585992204895 0.6047024695816241 0.08508407200827221 0.06683757475773362
0 0.4008485019096405 0.6941966583175437 0.07741702267663583 0.07879127153942492
0 0.5695445052514583 0.6434421775111803 0.101018154678545 0.09449268119435103
0 0.6144110152371407 0.7521341164992015 0.0991829346753633 0.07094592055068923
0 0.41260306723427737 0.7591332434668375 0.10554202267663584 0.08075796312533612
0 0.44330762722791395 0.8081934563400722 0.08989884134309048 0.0781028566887187
0 0.6152553525620957 0.8139621271428631 0.07587270401018138 0.08024451089576345
0 0.6850411412317319 0.7969492257858104 0.08991702267663584 0.0796653566887187
0 0.7123752532225052 0.8668846673717215 0.10721361067790855 0.09024222376899793
0 0.5560610712126419 0.9286694833273789 0.09611247867599956 0.07541489926336595
0 0.41333776921550547 0.8975783844323303 0.13989884134309047 0.08159919728589457
0 0.43599347187305126 0.9664047940872562 0.06927725867281787 0.050119968321116204
0 0.21845143586891513 0.9715797050795645 0.11954997867599956 0.056840589840870946
0 0.2592877105745043 0.6975898200661567 0.09158861067790855 0.08914961733238051
0 0.34478031524509495 0.6746382751457212 0.07423747867599957 0.07388525025210164
0 0.4800729252466859 0.6723705708224614 0.10556020401018137 0.08232046312533611
0 0.26610516331159195 0.17889445038798754 0.05681362133990877 0.0523708831718225
0 0.5211921053071376 0.22957106562668123 0.08037839067472703 0.06494729282674853
0 0.6481791299331849 0.537913079372436 0.08330339600572714 0.04797831411407198
0 0.714312112587549 0.6332362870498907 0.07249316534054522 0.058150989608439826
0 0.3363394645528689 0.8624824825710743 0.059902258672817864 0.04946440445914604
0 0.21257470054905087 0.8819758917217972 0.06451703333863615 0.04354218639013112
0 0.14064515654841453 0.8816374021133573 0.053688621339908774 0.05215236188449879
0 0.030125660626206408 0.6267863751260508 0.060251321252412816 0.0605111651028075
0 0.20586381325591266 0.585171947537996 0.04573067067154524 0.039106058666190255
0 0.1526842692552763 0.586144585653497 0.07554544000636336 0.05211951089576328
0 0.1826439419160039 0.6320251682049008 0.07874316534054512 0.058588032183086725
0 0.20736322593095774 0.5235078278598267 0.04571248933799978 0.037543558666190434
0 0.1774666405951851 0.5394006256302539 0.04255112667090888 0.03420003737886681
0 0.14460978194622975 0.4065281414696956 0.051980670671545236 0.03954310124083733
0 0.24590065662795632 0.30258332266404675 0.06309998400699968 0.055932925746469395
0 0.35784776798218265 0.15637994804219907 0.06462612133990878 0.05291718639013112
0 0.6677798212126419 0.9364816193491929 0.08039657200827222 0.06650979282674854
0 0.7676632845719589 0.7519041595780515 0.0598840773392725 0.047901904459146036
0 0.5346053365690955 0.7567180736724529 0.07136701734563573 0.09554172896477801
0 0.7778178925445965 0.9543407447273452 0.056795440006363405 0.050808383171822416
0 0.7129735952021423 0.9960298149964274 0.08957157733927232 0.007940370007145248
0 0.3564781471992789 0.9991362585499747 0.07060340133672707 0.001727482900050603
0 0.3069508618714605 0.9682633169640635 0.08350339067472685 0.06347336607187301
0 0.37975365722473226 0.827205900271772 0.09920111600890866 0.07250842055068922
0 0.5913200552594124 0.5863234462006137 0.0520715773392725 0.04735560124083733
0 0.43310428186668803 0.9964536549633489 0.06448067067154532 0.007092690073302066
0 0.4795558519255489 0.5824175601787995 0.05043635200509069 0.04099634059717552
0 0.49396379726291234 0.5537134059717552 0.0536340773392725 0.047464861884498964
0 0.43368936859486695 0.5596631211907784 0.0676965773392725 0.04844820767745457
0 0.1652228212921837 0.31492514951546735 0.051907945337363426 0.033293101240837245
0 0.5000887172979107 0.2961194272590787 0.07423747867599957 0.07388525025210155
0 0.5663040632956836 0.3171692546147024 0.07412839067472703 0.06451025025210155
0 0.5531131726209566 0.3756701694654085 0.06469884667409058 0.05916718639013112
0 0.5134785079567292 0.3549152730520343 0.06940452800763594 0.06105746832111638
0 0.7157938912715028 0.5058925370498907 0.05992044000636341 0.05102690445914604
0 0.726858113263867 0.5629619918773537 0.05530566534054522 0.05694912252816078
0 0.5491110898711422 0.9812108852270722 0.05056362133990895 0.037578229545855636
0 0.5941872325350515 0.9914790727900975 0.06780566534054522 0.01704185441980499