0 0.1830909932170532 0.41015625 0.04967862739018099 0.04375
0 0.6654553053709842 0.5390625 0.04322836829088246 0.040625
0 0.5098594540420814 0.1875 0.05602875693983016 0.0453125
0 0.5683239936784785 0.23828125 0.04352875693983034 0.0453125
0 0.48183338602805426 0.125 0.025640350092285047 0.034375
0 0.1261202999723134 0.43359375 0.04841651603912896 0.0484375
0 0.1391931940199322 0.534375 0.04479086829088237 0.040625
0 0.09794763032484169 0.55625 0.05023983189368777 0.028125
0 0.11050818708010186 0.5796875 0.04957849784053168 0.0421875
0 0.10639238356404417 0.61953125 0.032090609191583706 0.0375
0 0.13551058220745482 0.7015625 0.03379281153562217 0.0640625
0 0.17393723627722288 0.45546875 0.05975453423772623 0.0546875