0 0.43339377699335413 0.5491033575246513 0.053404404688076924 0.05545378742738745
0 0.6686069910575849 0.4002079009478948 0.061817681985972685 0.06519266046291676
0 0.6887564096253225 0.2569673231976358 0.07598031153562221 0.06741013192686944
0 0.6670525879106675 0.3021877779123655 0.07169332973421945 0.07344180810555186
0 0.6373545959302319 0.2765135357702484 0.06384125693983034 0.0481507096771284
0 0.6283207549372455 0.30743605003827207 0.061617422886674156 0.062067660462916764
0 0.589890508176448 0.36911625868194314 0.0999184592838688 0.0763142510334573
0 0.5789808914267252 0.2581231007002258 0.07628070018457009 0.07209763192686944
0 0.5137866880029526 0.26057170450533274 0.09971820018457009 0.0731892510334573
0 0.6127539165651527 0.20797970553879003 0.05154151603912886 0.05069351282028158
0 0.6395154781007749 0.14497243734182497 0.04156573874123311 0.04088186517764645
0 0.5985795974713914 0.12347627294996681 0.07638082973421945 0.07366013192686945
0 0.5782158351328903 0.06219201653982602 0.05703005243632351 0.06341183664159915
0 0.41727953269656676 0.11581566852568734 0.04352875693983034 0.04720463978475227
0 0.3869726665651527 0.19746377481199362 0.07658108883351807 0.07678513192686945
0 0.6243272624953846 0.45534701116314247 0.06973031153562204 0.0671190334984459
0 0.701921336369508 0.4550431042148825 0.05270349784053181 0.044516287427387446
0 0.7018922555555542 0.5044074034290942 0.05037953423772627 0.05687073821317572
0 0.6481757726744174 0.4744801548768363 0.07638082973421945 0.07366013192686935
0 0.6771833497877433 0.5353834216260592 0.06872901603912887 0.05149403349844608
0 0.6397427089793271 0.49602766914485985 0.06836807063492074 0.07017125889134021
0 0.7029355189737897 0.5859485018575177 0.06826794108527139 0.06860875889134022
0 0.6359377860926527 0.5554026691448599 0.06267927513842757 0.05432793507002263
0 0.623078038252121 0.5971171341986719 0.0704312183831675 0.0780565334984459
0 0.5732480189737896 0.5799082094677315 0.06726664558877822 0.052983758891340216
0 0.6864513209486878 0.6964493542148824 0.07199371838316751 0.07812930810555194
0 0.730292156081578 0.7337524551245054 0.11291910703211538 0.08470894789030403
0 0.7673496699612388 0.6445829472666225 0.07904475478036196 0.09092040653397522
0 0.6270169617571042 0.7312930810555187 0.07894462523071262 0.08935790653397539
0 0.5898569232004413 0.6997862158778723 0.07854410703211538 0.0831079065339754
0 0.5064646298634164 0.7538872109154735 0.07089229333702499 0.06094180810555194
0 0.4825846437430769 0.6618794933804623 0.06600453423772627 0.05759848428423435
0 0.4756244424787727 0.7093538068626976 0.0686684592838688 0.07485875889134022
0 0.4132629472591347 0.6186881114535928 0.08439358883351815 0.07714900496239867
0 0.405862655001844 0.697485199542934 0.060616127390180984 0.046442660462916764
0 0.6895601272425227 0.892489600285941 0.07521884793281686 0.07983735731976367
0 0.613107051208931 0.8505332326270952 0.08771884793281667 0.08041955417661058
0 0.43100475247323533 0.794253191685051 0.07199371838316751 0.07812930810555194
0 0.5184360988648926 0.8727656435042966 0.0717934592838688 0.07500430810555159
0 0.3820992782299718 0.9338036892038517 0.0907437183831675 0.07900260339082195
0 0.3350833783222568 0.8971362890800172 0.09376858883351816 0.07758565260503403
0 0.5163783667497228 0.13453574338046223 0.05104086829088228 0.04288101282028158
0 0.5152760302325566 0.6163872109154735 0.045091256939830335 0.04727741439185813
0 0.6004790384090046 0.9619972715022247 0.039903109191583755 0.03924659057054072
0 0.44391815777962107 0.935115786184533 0.04937823874123311 0.041245738213175544
0 0.48763548427463804 0.803159464844415 0.054165868290882456 0.04302656203449331
0 0.5274093831026189 0.8183328546291673 0.054966904688076926 0.05552656203449331
0 0.5768271946382411 0.7563808182352372 0.05154151603912886 0.05069351282028158
0 0.5050067635751188 0.47094627832665026 0.0427277205426357 0.034704639784752446
0 0.38962399059615954 0.5596020558292403 0.05875323874123302 0.0416823858558109
0 0.678657409782206 0.6224296573580356 0.06520349784053181 0.04509848428423417
0 0.33293629473052605 0.7105438176160646 0.04957849784053163 0.04437073821317572