0 0.46016116216623393 0.37982681864952184 0.029598219962933214 0.04349744292790536
0 0.49527522823081754 0.5395314584342742 0.02814484736759475 0.0465496683207995
0 0.4875693664352525 0.6033392473094036 0.003343254809323426 0.006395549214211727
0 0.497090699374877 0.5771770076484859 0.03606647477225664 0.05003854135632881
0 0.5683456512816428 0.6430974141824611 0.02000496515360961 0.036810795285270356
0 0.35490077640886986 0.1448631596343472 0.04102679328391083 0.0580693651776464
0 0.4505555275899962 0.2291354598820162 0.030252984390903313 0.06224744292790545
0 0.5168675191524758 0.3245614298982269 0.03779266587924894 0.05479881596343468
0 0.4638789284083028 0.3181808432566277 0.06059524881887359 0.08238016046291677
0 0.39971722468743853 0.29562944706173466 0.020114092558271412 0.03993579528527036
0 0.4603570804077359 0.4862587551672865 0.038973219962933216 0.04393409057054054
0 0.554660151914615 0.5196042562007438 0.03784722958157989 0.056361315963434674
0 0.45517601788653134 0.5673995932566277 0.02970734736759475 0.046622442927905364
0 0.45172114647231937 0.6439257059530747 0.01638889183263199 0.02260274607105863
0 0.5275296783234849 0.6466740243977089 0.03299603847458741 0.05145549214211727
0 0.45510160681660566 0.6143473678637336 0.03768353847458741 0.05167381596343468
0 0.5068352324071688 0.6566654545053326 0.03751984736759475 0.04698631596343468
0 0.48475933576521346 0.6838079973094036 0.027872028855940555 0.0387371683207995
0 0.4630008976534457 0.7242681774170274 0.045223219962933214 0.044225188998963993
0 0.42143344574667996 0.6597304884180635 0.044206356986241604 0.05977741439185813
0 0.38751974801626543 0.7121448589723934 0.036339293283910834 0.05785104135632899
0 0.43419385137431005 0.742489484489122 0.028799611795565026 0.0652996683207995
0 0.34908473059307027 0.6923567437947471 0.036612111795565026 0.06566354135632899