0 0.4921875 0.52734375 0.0171875 0.03828125
0 0.47578125 0.52421875 0.01875 0.04375
0 0.45859375 0.51171875 0.01171875 0.028125
0 0.44140625 0.4671875 0.02734375 0.03046875
0 0.4140625 0.49140625 0.0203125 0.028125
0 0.39453125 0.50703125 0.025 0.0328125
0 0.41484375 0.51171875 0.01875 0.02265625
0 0.421875 0.52578125 0.015625 0.025
0 0.4265625 0.5375 0.01875 0.028125
0 0.3953125 0.5359375 0.0171875 0.025
0 0.42578125 0.5765625 0.0203125 0.02578125
0 0.45390625 0.61328125 0.021875 0.02265625
0 0.496875 0.6578125 0.02734375 0.025
0 0.484375 0.6796875 0.025 0.0328125
0 0.4609375 0.671875 0.01875 0.01796875
0 0.4921875 0.7109375 0.0171875 0.02578125
0 0.4375 0.34296875 0.0375 0.05078125
0 0.4671875 0.63359375 0.021875 0.028125
0 0.4421875 0.5109375 0.02578125 0.03125
0 0.44609375 0.665625 0.01640625 0.02421875
0 0.45078125 0.68515625 0.01875 0.028125