0 0.5396615818885974 0.5709234948336386 0.05479881596343468 0.03624657220870695
0 0.5530177605484792 0.5356990671405415 0.03866439371369381 0.02521816861791084
0 0.5696466424753487 0.46374679908836464 0.02609161910658777 0.023582945745273774
0 0.5934822487616549 0.48860135334309085 0.04327911910658777 0.023682939695149584
0 0.5912455066195378 0.5198558985226306 0.05508991439185813 0.04249657220870695
0 0.6961792173301236 0.3630377510801545 0.04974744292790554 0.028406801131468207
0 0.7080649412752755 0.30907695892567677 0.048548815963434674 0.03621021077238851
0 0.696744297561582 0.3341360462596943 0.03590326674922295 0.03301248789975162
0 0.20791496815869306 0.6673591750608184 0.03961046360606986 0.045530668617910844
0 0.16976215074751627 0.6480551840378089 0.07798375889134013 0.06449883723582168
0 0.1696486807313056 0.7175682533196497 0.06668238585581085 0.056622704722264314
0 0.06154939040843403 0.6572761688143025 0.06482878742738744 0.050363614363184796
0 0.2940686379272347 0.6957563649523599 0.040517992142117175 0.03147725897699054
0 0.30434901241050605 0.743339892079723 0.052328787427387446 0.050290891490547905
0 0.3423198933039181 0.7665501331027326 0.06268409057054054 0.03785452400410509
0 0.25774368610798903 0.7881302173134921 0.03477741439185813 0.04237839754067192
0 0.31709941542982467 0.8049677384889268 0.05508991439185813 0.04249657220870695
0 0.3558708170014012 0.8109904795119363 0.04066354135632881 0.03460225897699054
0 0.4041991550907424 0.8130524283804682 0.04444351282028158 0.048682939695149585
0 0.28513878598415454 0.8371762504909792 0.05777826674922295 0.03313975292686635
0 0.2865000787882255 0.85825636495236 0.059195217535011224 0.030023843285945873
0 0.2718125324694979 0.9723734071068375 0.05534247146395277 0.014380662567786829
0 0.3013737539334506 0.9581427354638647 0.05508991439185813 0.04249657220870695
0 0.3237410595578031 0.9306762656162899 0.05018409057054054 0.03778180113146803
0 0.36043838482686275 0.9812302566392994 0.035321069892376135 0.02051248789975162
0 0.1780282992187209 0.9401154190106944 0.05374573821317572 0.047174981849627075
0 0.23469567618319162 0.9475961209042882 0.05174659057054054 0.03779089149054791
0 0.02296842576890687 0.7980875211754348 0.03314213978475229 0.040806807181592394