0 0.7034001163776693 0.5145037942319364 0.026515878424238793 0.04103410308425506
0 0.3832112126341142 0.8789348924482226 0.05572978174358649 0.03530230032431163
0 0.3913654095199033 0.9674752410682508 0.03238737012586892 0.05674092370110628
0 0.33885663877397887 0.927444530435514 0.04263778589277134 0.027271612012708602
0 0.270580235454631 0.9199944947216989 0.059801975104890735 0.04785684740221221
0 0.21807146470870659 0.8799637840889618 0.05932837842423862 0.04160684740221221
0 0.08583930516558134 0.8596631465087079 0.029404080083912577 0.03796365016215582
0 0.13491634520753765 0.8417449894466931 0.06605197510489073 0.047965941558013724
0 0.1269271690676729 0.7923216879045656 0.04228258838228234 0.022584112012708955
0 0.06468820081125942 0.7568148360381265 0.07817346680652097 0.06378185633066594
0 0.07733636907696166 0.41439551095704863 0.04081517676456468 0.0444045649348082
0 0.08316123920283054 0.358172784495999 0.03745337842423861 0.041225017856907444
0 0.4436573408578601 0.5561246838440805 0.04777557178554268 0.05388865909060954
0 0.3915979333893273 0.541134883519769 0.05814438672260831 0.02598184740221221
0 0.3909341599441105 0.5911894305976697 0.04801237012586892 0.057013659090609535
0 0.4187505840093829 0.6370474013766765 0.04488737012586874 0.05695911201270896
0 0.1598958022657963 0.6669495409888208 0.04228258838228234 0.02258411201270878
0 0.36700864002337874 0.741752492286067 0.043845088382282335 0.02261138555165907
0 0.24999873877862325 0.7373632268647915 0.04299298340326043 0.03195911201270896
0 0.27511621533340647 0.7878677873353727 0.0409568867226084 0.02568183847375849