0 0.7177838233810572 0.3309549086802771 0.042702710466874017 0.0631818384737585
0 0.7780681469738759 0.4280032325435391 0.05556673151356151 0.06965002678536117
0 0.7899457916698518 0.471135623777241 0.0441742052052021 0.061646612012708955
0 0.7081112337208743 0.5266804659044475 0.06347023677523325 0.07134889448011297
0 0.6556904309629814 0.6584429346548595 0.05373121572854576 0.06493525324641088
0 0.7606355361964183 0.6914929882255819 0.043901189420186525 0.05695911201270896
0 0.6006066307653374 0.8650826724799948 0.055202710466874014 0.06340002678536116
0 0.5581692308076895 0.8198559472367613 0.034814615756780756 0.03494774431795733
0 0.4992492571160489 0.8266320527566482 0.0559461631118273 0.04936480032431163
0 0.4982790203408157 0.756374099834549 0.03599768415851479 0.055260244317957154
0 0.4879260782897932 0.6992201189092724 0.04693518415851479 0.055451159090609534
0 0.5092605649238521 0.9181201233734992 0.0558397472985769 0.07433752678536151
0 0.4766755780780317 0.9214536290555422 0.0488617052052021 0.06172843262955965
0 0.44452323073710254 0.8920155450460104 0.051258663111827474 0.04928297970746058
0 0.7266058155591366 0.254624233761355 0.06632222099021767 0.06671594155801364
0 0.6921097182182073 0.22514523944339793 0.06161931043863902 0.09316934740221221
0 0.8285029735504665 0.1549436079489285 0.04675317363517095 0.05232615909060954
0 0.7863525418816133 0.2486430150109431 0.04775423151356151 0.06951365909060954
0 0.6474272787980209 0.16817249066121387 0.043901189420186525 0.05695911201270887
0 0.7736767785862593 0.39280607223511355 0.036650131541796326 0.03966251785690744
0 0.6687812361399488 0.7492043023496111 0.04013915258848364 0.0459670649348082