0 0.1293362873964003 0.5799624151796895 0.07524219468185844 0.059067082791715644
0 0.037899945317142934 0.608874393669334 0.05916216837349917 0.05098184740221221
0 0.20841830069175424 0.7229663469984704 0.06723227360693614 0.08234094155801372
0 0.14458404286983367 0.8005652414785833 0.06871917889684287 0.054270488635914306
0 0.23593708496320845 0.7864833762194636 0.10840330517696728 0.0924250535707225
0 0.33728602431280785 0.6543782138824433 0.055202710466874014 0.06340002678536116
0 0.2856787507058717 0.7364464200509534 0.0691742052052021 0.062082988635914306
0 0.4080164822900202 0.7397741972433518 0.12660727360693613 0.08337733603812651
0 0.42034363509026534 0.9167224809285717 0.10638577886860805 0.08458528003177221
0 0.4343239791650742 0.22109238109072757 0.04408319994353036 0.06008411201270878
0 0.22425175817485649 0.2903174882321725 0.08634629465362353 0.08891822402541774
0 0.4021254001694092 0.17092478571711026 0.09415879465362362 0.08905459172016936
0 0.4524586001129395 0.11073157954860005 0.041519642065139986 0.04286933847375849
0 0.5940622711878618 0.13167355073464396 0.056037168373499216 0.050927300324311545
0 0.6319417027861277 0.15130421226088545 0.05943518415851479 0.05566934740221226
0 0.6811989791650742 0.21678316193657388 0.06127069994353036 0.06038412094116259
0 0.5874867765201207 0.20437071104306942 0.0909427893919517 0.08743754464226869
0 0.5213304264777685 0.1610394967568844 0.06127069994353036 0.06038412094116259
0 0.2950251166744139 0.9243731140445991 0.061741136803468065 0.04166139448011279
0 0.35143442640718126 0.08986174634984731 0.05769067363517104 0.05251707386326192
0 0.3523055376081618 0.7985003607981882 0.0929757262518895 0.06874209172016936