0 0.3968640388980389 0.6960113227570142 0.04546298620519007 0.06348192496187507
0 0.40737432948949925 0.2566578820275698 0.05088747060135788 0.07765352773541671
0 0.41057133480502445 0.7628176162600004 0.06806832654882307 0.10770470364722229
0 0.3639829398479786 0.7562578385245837 0.04497166327441153 0.05410692496187508
0 0.3824629449363613 0.8364726685967018 0.06610303482570909 0.07020470364722228
0 0.3631187234304923 0.9369266102760768 0.04989818068726608 0.08855466014423641
0 0.3245818458863009 0.8961373029053823 0.04077548620519007 0.06337282218833344
0 0.321481179332529 0.8209736487450698 0.06207063206674714 0.08259560087368065
0 0.27774446743759845 0.8794030913743752 0.050478034825709096 0.06984102773541671
0 0.1763590298529274 0.9333619331300003 0.048506099050060314 0.061992160144236405
0 0.2336226532132472 0.8705541150257293 0.05368492198083885 0.07147626291777769
0 0.24966705506769804 0.9076910923243059 0.048669873360319825 0.06511716014423641
0 0.2910013839913704 0.9548031348773612 0.06281426051544958 0.06700696846486096
0 0.24157235131336785 0.74871548261691 0.05771068068726617 0.08873649810013902
0 0.35708332315792113 0.425225390861285 0.04924308344622812 0.07605466014423623
0 0.3432432304394389 0.31617704597152807 0.06601450361804462 0.09829333605604171
0 0.20060535108622526 0.3214613451740974 0.03863977611928178 0.05239895459715278
0 0.28415707824630376 0.5033127168493405 0.04579053482570909 0.06973192496187508
0 0.3064415140219525 0.4960093631258683 0.029019114653892508 0.047493249050069505
0 0.4014773750578005 0.5482823375746532 0.03321529172311397 0.038227351823611144
0 0.399246489711693 0.5012982348011115 0.023267081637205856 0.02707164627652787
0 0.3385812273872212 0.614087869109792 0.034607373360319826 0.06478985182361115
0 0.36183061963073354 0.6928493019554518 0.027047178878243726 0.03964438145888884
0 0.29319680631089345 0.6591815103523266 0.017017081637205854 0.026926175911805572
0 0.38111504466379015 0.32488055195545174 0.039540534825709094 0.06958645459715278
0 0.24019463704358807 0.6556012622521876 0.04324538896415202 0.050945557370694415
0 0.21585305631089344 0.657381314588889 0.025566566033373483 0.041170513867708355
0 0.20726927238969556 0.7017670942241668 0.07637879353213642 0.08761040919430556
0 0.28880919945891703 0.7130513927611462 0.025075243102595034 0.03179551386770836
0 0.30476174807943607 0.7071650686729517 0.030254066033373484 0.041279616641249996
0 0.3577683186353654 0.5464827950215975 0.02334896879233561 0.028634146276527873
0 0.3749148750578005 0.5476640885245837 0.032799211894930555 0.06006598423243048
0 0.3259594759168831 0.43701622283326425 0.07078389077317437 0.09996493882958327
0 0.3963571850982802 0.45195219823197946 0.035105340343632996 0.044513719414791805
0 0.2645594719601542 0.7578547464846184 0.03642217887824382 0.0398625870059723
0 0.3045747195853051 0.6062565321038197 0.041764776119281775 0.05247168977951393
0 0.3055916649718922 0.5570014145126392 0.04817855042954129 0.05574216014423605
0 0.45764216587640333 0.5362921370615629 0.029019114653892685 0.047493249050069505
0 0.494558989711693 0.5035166578631254 0.03025406603337366 0.041279616641249996
0 0.4294209113538476 0.6568767407850351 0.02918288896415202 0.05061824905006951
0 0.42775542853955956 0.19612042553055592 0.028773453188503238 0.04280574905006942
0 0.43268751074259215 0.37066648385118095 0.03658595318850324 0.04298758700597229
0 0.4127125254419132 0.40852950655260456 0.033297178878243724 0.039789851823611146
0 0.3991347043201571 0.369103330640799 0.0374048247398008 0.05861258700597229
0 0.3636332163059447 0.4793498464083684 0.025484678878243728 0.03960801386770836
0 0.37778092548734177 0.4929765885245837 0.028855340343632997 0.04436824905006951
0 0.3148592808689802 0.2607621941479169 0.02343085594746528 0.03019664627652787
0 0.3537845827688596 0.3836918542921531 0.04143722749876275 0.04622168977951393
0 0.24499284317276748 0.9670297247331252 0.02006019448207601 0.025436411094166545
0 0.2582740931727675 0.9673388492581599 0.017098968792335523 0.028488675911805574
0 0.3407833779984766 0.9004254126127782 0.034116050429541286 0.055414851823611146
0 0.33897961782171127 0.7408140232701046 0.03230788896415202 0.05069098423243048
0 0.22118900949939677 0.6152665497712502 0.034859678878243816 0.03982621941479163
0 0.2776536934660232 0.6572553344405211 0.029101001809022264 0.04905574905006951
0 0.20978667853955954 0.19104714656086824 0.02359463025772479 0.03332164627652778
0 0.19714283638690416 0.28305280860496546 0.03181656603337357 0.04131598423243057
0 0.18206006897404964 0.3171186840799307 0.024085953188503283 0.042696646276527785
0 0.1729683519907364 0.2965697947372571 0.020142081637205766 0.026998911094166723
0 0.17472892582602606 0.2629760447372571 0.02712906603337357 0.041206881458888935