0 0.8444098257661399 0.38288380297817987 0.029763909654926125 0.023601126463433174
0 0.7986049249132903 0.5989355289740749 0.04579310124083733 0.05180793969514959
0 0.849380457096377 0.6773241493873836 0.037543558666190434 0.04551248789975162
0 0.8060128693491929 0.6825383693331544 0.02463936708027923 0.017323855386194253
0 0.8203320954639797 0.6974593873853312 0.02474862772394104 0.018886355386194254
0 0.8175184519005969 0.7130616614876321 0.04037362772394069 0.01897725897699054
0 0.8087279599463685 0.7325338241536146 0.07238845222957302 0.03009656615858276
0 0.8173981196012946 0.7560122307694729 0.04215464901126431 0.022111349336070063
0 0.7479925557393241 0.7462372549699697 0.045028276735205 0.040870439695149585
0 0.712186095716081 0.7702378363520589 0.04437271287323483 0.031495439695149584
0 0.7128798644055145 0.7913270411725191 0.045279649011264314 0.022129530054229286
0 0.7755983856928379 0.7948156555357038 0.04895095222957302 0.02996021077238851
0 0.78230720760058 0.8237491766129427 0.05251299480421991 0.03622839149054755
0 0.7770787582209986 0.8494895199970844 0.039685212873234656 0.031468168617910665
0 0.7546081785195865 0.8743486194313503 0.04168475544788173 0.037727258976990544
0 0.7545424765421149 0.9180804387131911 0.024748627723940687 0.018886355386194254
0 0.7121528807491594 0.9037770441975812 0.03143567029858776 0.025172716822513052
0 0.7795589020364828 0.9072929296380046 0.039685212873234656 0.031468168617910665
0 0.818741734335785 0.8645696193331546 0.03310743094224975 0.026744307181592576
0 0.8248331972090199 0.8958423452308534 0.04960651609154354 0.03933521077238851
0 0.8811160481977556 0.8743036885167992 0.049715776735205 0.040897710772388504
0 0.9025322262900135 0.8455337939029934 0.046262994804219915 0.03619203005422946
0 0.8857928405203008 0.8071707306712771 0.036232430942249746 0.02676248789975162
0 0.8221073989343897 0.7786866614876321 0.054075494804219915 0.036237481849627426
0 0.8747789308653751 0.7836786885167994 0.05585651609154354 0.03937157220870695
0 0.3549588317182246 0.5643362525340828 0.047825494804219916 0.03620112041330899
0 0.830216285789383 0.3585923301055429 0.04437271287323483 0.031495439695149674
0 0.8567570064562879 0.33609970656897603 0.04637225544788137 0.03775453005422928
0 0.8117287297210826 0.2952292668738264 0.05316855866619008 0.04560339149054773
0 0.695350340849277 0.127432712815492 0.04099634059717552 0.05021816861791084
0 0.7140403566887189 0.09318043266306683 0.04760697351689647 0.033076120413308915
0 0.5505894979063131 0.16797992388246813 0.05676345222957302 0.030005662567786605