0 0.4107368250381249 0.02455413701522958 0.09662173328249998 0.04910827403045916
0 0.3753253486894791 0.06474097930624845 0.0776898953265972 0.052896757821920604
0 0.48844359773954854 0.032458006788851315 0.09829333605604162 0.06491601357770263
0 0.3706722566495137 0.1640962371987562 0.04949216014423623 0.0481336631118273
0 0.45595579321864566 0.15366770043764044 0.15243662860909737 0.11342400512049751
0 0.22207110248920126 0.17977298705758188 0.10468880642076392 0.07319384727034199
0 0.2678388505893402 0.12405433709993419 0.09840243882958344 0.07126732622365464
0 0.25775141650940947 0.32281035551578563 0.07343880642076392 0.07137374203690508
0 0.42243347198024284 0.2195958083019134 0.125328614741389 0.08843941567207611
0 0.4100412683330205 0.2827328451336163 0.1080320119678472 0.08275085779368574
0 0.4495752405976039 0.3272417083301482 0.1472399823325695 0.0912759893354819
0 0.2198318827900691 0.41005972653423817 0.09415134992375007 0.08974431043863902
0 0.34374150826503436 0.4161060582313262 0.1012728656913195 0.06051183674699843
0 0.30102602498253433 0.4747676976656302 0.08277743882958344 0.07035727360693614
0 0.3614004805296177 0.461888995091264 0.07601829255305556 0.04811825256024882
0 0.1453176195879508 0.6617202080477995 0.07805357123840287 0.06852175782192056
0 0.2518228459365967 0.6110461028849498 0.03848192496187508 0.044371626280124234
0 0.3123609556439925 0.5911361503105835 0.06417290919430556 0.07551521046687401
0 0.3102886561570828 0.6466504029414194 0.125328614741389 0.08843941567207594
0 0.341810106670173 0.7002080424463106 0.0781626740119445 0.07320925782192056
0 0.4306031157882287 0.5389982556851949 0.10977634992375015 0.09065436305535748
0 0.4784600407501037 0.4940805978350394 0.07983427678548623 0.07798776308359248
0 0.3979711473233675 0.6001933609186318 0.11940592306201392 0.10213789462538862
0 0.4874336908263537 0.5778185610033365 0.06373649810013901 0.05676521046687384
0 0.44876927469819383 0.6635509346526248 0.08612064437666671 0.07991428413027997
0 0.49584429644968697 0.6522270268024695 0.05745013050895835 0.05483868942018653
0 0.6798932945498258 0.588454411186863 0.07685474715020853 0.08405575256024882
0 0.6799829071070133 0.6516446559251913 0.06882404160312508 0.07422572625188942
0 0.6412282252112841 0.7077350322053156 0.09876611474138901 0.08689232622365459
0 0.6660639178405896 0.74685844538773 0.05112739532659738 0.05134966837349921
0 0.5305251549228117 0.804684897891509 0.06548083605604163 0.06466871572854557
0 0.6457864790110062 0.8135755085277923 0.07805357123840295 0.06852175782192056
0 0.7366303377684715 0.765373955981661 0.06667966014423606 0.04913472099021767
0 0.8981120452154159 0.7996594087677887 0.05861258700597247 0.037742194681858444
0 0.7605574938286452 0.8100116217949115 0.04985583605604162 0.06375866311182747
0 0.864190333684409 0.8492267692628974 0.06500805737069441 0.044356215728545575
0 0.8263662914156938 0.6977321586972015 0.12587412860909736 0.11187691567207611
0 0.5414698402370135 0.4350171399990014 0.07009560087368065 0.061816731513561506
0 0.7814778976077079 0.3804683349632084 0.06537173328249998 0.059981215728545846
0 0.867997279066597 0.3504630455712568 0.07983427678548623 0.07798776308359248
0 0.6238628065176732 0.5152591058687215 0.05745013050895835 0.05483868942018653
0 0.6052017658644786 0.6130896611162759 0.08099673328249998 0.06089126834526439
0 0.5510773103173954 0.6256043426439547 0.07176720364722229 0.06659523677523324
0 0.5678115218484023 0.5770380400272362 0.07638196846486114 0.06374325256024882
0 0.434475611038576 0.40614025305435886 0.055778527735416715 0.050060184158514785
0 0.4801758496394096 0.08516062414339864 0.07176720364722229 0.0665952367752332
0 0.5165003289347563 0.7368449505082276 0.08099673328249998 0.06089126834526439
0 0.5688986303215271 0.7314525242422206 0.07638196846486114 0.06374325256024882
0 0.808018947760208 0.5474437323606074 0.08099673328250034 0.06089126834526439
0 0.7437577324294787 0.492672203350825 0.055778527735416715 0.050060184158514785
0 0.6858543134515273 0.4999456480326835 0.07474673328249999 0.060527247298576906
0 0.7682304023573606 0.5138723691640754 0.05745013050895835 0.05483868942018653
0 0.7395436643252079 0.43908447176667653 0.0620648953265972 0.0519867052052021
0 0.2614894398764231 0.5644518239457545 0.06667966014423624 0.04913472099021767