0 0.35078125 0.29158170938095235 0.05 0.04589430267345431
0 0.40546875 0.6851868060550429 0.0453125 0.04896475867281787
0 0.44765625 0.6567714520607699 0.046875 0.04273294000636341
0 0.48828125 0.7002129167329515 0.0484375 0.038063621339908774
0 0.45859375 0.737367471395588 0.0421875 0.03955339600572696
0 0.51875 0.7818174527370877 0.04375 0.044259077339272326
0 0.525 0.6568901780712695 0.034375 0.026962489337999784
0 0.5859375 0.6779117500795419 0.0359375 0.036355670671545326
0 0.61875 0.7040748080839961 0.0421875 0.03955339600572696
0 0.65390625 0.7107338880887687 0.03125 0.04098862667090888
0 0.71015625 0.6535759160964046 0.0546875 0.0365738466740904
0 0.69765625 0.6159304654280412 0.0359375 0.023855670671545325
0 0.65546875 0.596689569422314 0.015625 0.02518181333545435
0 0.66328125 0.6655304760900413 0.0359375 0.036355670671545326