0 0.3070594751063803 0.26940425171585963 0.09154264381548423 0.06035848997087019
0 0.4702807409458222 0.2989600564138554 0.10669775025210164 0.07639266693047428
0 0.5158992435437122 0.315564883215175 0.03343521287323483 0.03215928213245363
0 0.6923303395887693 0.22310929559330278 0.0772616225281606 0.056824313011266
0 0.8046500231289089 0.2112648619697811 0.06130884059717552 0.05168217194503919
0 0.6532949727605918 0.1681095585254265 0.08183986188449896 0.055398205331134064
0 0.4436743183014459 0.2334630885463091 0.07613616510280767 0.06302884890464337
0 0.5631777071732514 0.06313856518934406 0.08674588317182241 0.05865959765100208
0 0.6470235574056826 0.30239363031218114 0.05516810124083733 0.05306281551854841
0 0.5927677461416023 0.331260427884041 0.05920003737886681 0.04382420783841656
0 0.6300438710155515 0.3668198431651626 0.06366901609154337 0.04083560015828454
0 0.4670414904416191 0.44563046793405336 0.0928866225281606 0.05727895407749273
0 0.41272569501698053 0.5088040693459792 0.10771394703379293 0.06862563103709682
0 0.5485264372233104 0.4510561023363627 0.08024451089576327 0.07718227711788864
0 0.8168543642302876 0.022606982317674048 0.07915190445914604 0.045213964635348096
0 0.6395652445521184 0.029020944114869975 0.12399451089576327 0.05804188822973995
0 0.3294536451528665 0.3170915939565854 0.12054172896477802 0.07367684389007838
0 0.343964259383154 0.35487273878373593 0.0668704257464694 0.06431856426490726
0 0.43999802522259585 0.386383500066507 0.07915190445914604 0.06155727711788872
0 0.6106543686697629 0.2761637509244368 0.08951025025210164 0.07589256175762475
0 0.6763672139585155 0.40679397380654814 0.09005655347041017 0.08370506175762475
0 0.6017442723726043 0.4370330547645028 0.09721348960843983 0.07455738229073816
0 0.8627310488557078 0.46218485279858107 0.08282320767745474 0.06946070533113406
0 0.5207842134543125 0.5578971357224575 0.11763525025210164 0.07671091567683312