0 0.1831097054765761 0.6195672301033597 0.044543178859192525 0.06051599784053163
0 0.06449896832815737 0.5508696900055373 0.03484984387822052 0.05210272054263569
0 0.010072065932155327 0.5936894432447397 0.020144131864310653 0.0665657387412331
0 0.024957601749704877 0.6454417103636029 0.049915203499409755 0.05622901603912887
0 0.2168878447924416 0.7517579688445928 0.05366351087441492 0.05486677513842757
0 0.19185069410786962 0.6741743869509049 0.03504084486680368 0.056790220542635696
0 0.4604694070360006 0.8676285024640101 0.05835101087441501 0.05516716378737563
0 0.4917247242224754 0.9463938525562952 0.05854201186299814 0.059854663787375625
0 0.4284116407243781 0.9431198557954978 0.04278967787060921 0.05572836829088246
0 0.42466189962162676 0.9005819023717251 0.05666117688202608 0.051942034237726274
0 0.2326017336140155 0.8851409677648586 0.06839717292769346 0.03399307063492074
0 0.2965859791653912 0.9103900940753054 0.06842634783255316 0.07295544108527138