0 0.7796875 0.04079143881279422 0.0484375 0.0502620799535138
0 0.48984375 0.03684053821204607 0.059375 0.04633940445914593
0 0.58125 0.17185504055783457 0.0515625 0.05516810124083724
0 0.80625 0.15221525787054474 0.065625 0.059276447033792846
0 0.86015625 0.1976645156642149 0.0203125 0.01860788836760254
0 0.9 0.21206586925084064 0.0546875 0.07101162252816069
0 0.91953125 0.11148136120506895 0.0515625 0.056730601240837245
0 0.9390625 0.26558435315929724 0.05 0.05193384059717552
0 0.934375 0.3510683850902825 0.0453125 0.040668558666190256
0 0.9546875 0.3902729967226799 0.040625 0.037215776735205174
0 0.83125 0.334842087571957 0.065625 0.056151447033792844
0 0.73203125 0.6183426384444772 0.059375 0.04165190445914604
0 0.83046875 0.6177092178937877 0.0546875 0.0444491225281606
0 0.81328125 0.6689110849740668 0.0515625 0.05985560124083733
0 0.90390625 0.5461677176416864 0.0296875 0.045825952229573017
0 0.8453125 0.5205774917790014 0.0359375 0.05095049480421991
0 0.846875 0.47203073113533967 0.0546875 0.0585116225281606
0 0.8828125 0.4585802363311197 0.0546875 0.0475741225281606
0 0.95078125 0.43507739833183423 0.0453125 0.04379355866619043
0 0.93046875 0.45602903669943673 0.0515625 0.06141810124083733
0 0.9109375 0.48005104474520854 0.046875 0.056402819309851894
0 0.65546875 0.7893214099839021 0.0375 0.04949725544788173
0 0.615625 0.7858575563972765 0.046875 0.05327781930985207
0 0.5828125 0.8240895299141728 0.040625 0.049715776735205
0 0.4734375 0.3051752749704943 0.0421875 0.05920003737886681
0 0.41953125 0.3261322671768242 0.034375 0.0602162341605581
0 0.4328125 0.2775473017056994 0.03125 0.04124771287323466
0 0.63515625 0.5219917983515047 0.0359375 0.055637994804219916
0 0.4953125 0.61927062595923 0.0546875 0.04444912252816078
0 0.53359375 0.03924999018951749 0.053125 0.06933986188449899