0 0.46718009863353915 0.2773267488128658 0.04834821996293322 0.04355142319868044
0 0.27531254636395375 0.33687054803407823 0.07383929328391084 0.058341348904643375
0 0.22010918039203736 0.3908737379258061 0.057614092558271414 0.04069920783841656
0 0.19156008365741473 0.4691267700582597 0.05637897477225655 0.05002874373179385
0 0.14920394726707836 0.5774992112036289 0.0684424651536097 0.0378924565847754
0 0.17473717140636272 0.5024621072844205 0.04985615626060227 0.04203438730530316
0 0.33954869427185347 0.6087168043022844 0.04867560217691826 0.05292642319868044
0 0.4059003805695226 0.6052220797708204 0.06569941106992569 0.04873902837152997
0 0.3433383823836212 0.6500548581423503 0.07227679328391083 0.058295884798020656
0 0.30328630125809514 0.6676431749145401 0.04985615626060227 0.04203438730530316
0 0.2577109064302383 0.6838281160599091 0.07216766587924912 0.05517088479802066
0 0.761170723127794 0.6339869596207832 0.05966766587924912 0.054807171945039104
0 0.47766130788151706 0.7118381411327338 0.07162202885594056 0.03954588479802066
0 0.5049430596956157 0.7540567333734596 0.04516865626060227 0.041897994985435005
0 0.4522000056119316 0.7665400129986308 0.05794147477225664 0.05007420783841639
0 0.41341775860715646 0.7309124015575751 0.07049603847458741 0.052000420691397944
0 0.35690735297952647 0.8146712876092369 0.06117560217691827 0.053290136051661816
0 0.30142619009550226 0.7263505851810967 0.04042659255827141 0.04019910266556703
0 0.506237719584415 0.8807101615867049 0.05298115626060227 0.04212531551854859
0 0.4295313758450172 0.923608366917839 0.01611607332097762 0.014517141066226813
0 0.5804639040679855 0.833973902415505 0.06893353847458741 0.051954956584775405
0 0.6609797832867458 0.8777717150310596 0.04549603847458741 0.05127299498543501
0 0.6524058806543407 0.923379731724107 0.07016865626060227 0.042625420691398117
0 0.7098885092401288 0.8450668636191339 0.052018856986241604 0.05926735141192552
0 0.5357441703100544 0.8970565756141852 0.041825401451278846 0.03555706677218993