0 0.47895479852673173 0.20417330377355897 0.048338947033792934 0.0668979949854351
0 0.45132147142320955 0.21038619985435073 0.03463707995351371 0.04934678213245362
0 0.409696700135886 0.20605640102884965 0.030058840597175517 0.05077288981258556
0 0.3438367533541947 0.2119366764973857 0.05193384059717552 0.05140938730530316
0 0.37594441300912074 0.23626072657652797 0.04077781930985207 0.04796613855894431
0 0.41584814716967883 0.27172686513547234 0.025294930942249393 0.02724446159934022
0 0.4383294345485457 0.31448266646825584 0.03787134059717552 0.051000210345698974
0 0.47938612328446534 0.2883891794003796 0.04859031930985207 0.048193459092057724
0 0.3028400487788332 0.272336967405328 0.03140281930985207 0.04769335391920819
0 0.31060862613445694 0.33883414561857333 0.047137079953513794 0.049710494985435096
0 0.293497535789383 0.36172607633910114 0.051463947033792846 0.06698892319868044
0 0.42167716611121386 0.366235383082161 0.04135697351689629 0.033949102665567034
0 0.4515285570767064 0.3694429511079919 0.02013753737886681 0.04268760517284953
0 0.48069153319149294 0.3851050550272002 0.0336537341605581 0.035284282132453625
0 0.49139372243161566 0.5047045011871342 0.03176345222957302 0.030551318025830908
0 0.5914158657428967 0.41873356043747656 0.055386622528160775 0.056187815518548415
0 0.22596546438584397 0.47748981716790106 0.0539333831718225 0.05770485141192587
0 0.2067127198337256 0.5143533196751836 0.0664333831718225 0.05806856426490725
0 0.3100176723154001 0.6202743622324784 0.04255884059717552 0.051136602665567035
0 0.3678630233041359 0.6001269982841404 0.056151447033792934 0.06712531551854842
0 0.4453488849365333 0.5821104356685858 0.07904264381548423 0.05999477711788863
0 0.2397323054872226 0.6743648171679011 0.04546531930985207 0.04810253087881229
0 0.35869547293581877 0.6474195354311589 0.04168475544788164 0.03863660266556703
0 0.3317012841998991 0.6739221994586393 0.033074579953513795 0.04930131802583091
0 0.3650600874182078 0.6826894456977156 0.047464861884498964 0.054397994985435
0 0.2938078002914425 0.7118026326864497 0.07021394703379294 0.06753449247815269
0 0.2609678031414341 0.7662029761808166 0.05484031930985207 0.04837531551854859
0 0.31823935376185275 0.7935982019659218 0.04390281930985207 0.04805706677218975
0 0.3181025959681826 0.8473907916993652 0.05127827673520517 0.04203438730530316
0 0.3263628462202841 0.9209192199126104 0.047246340597175515 0.05127299498543501
0 0.36493403730199225 0.8035331431112909 0.04579310124083724 0.05279003087881229
0 0.35693014918649124 0.8563171623116208 0.05157320767745457 0.06855142319868043
0 0.3952171170034045 0.7794651572970558 0.05727690445914595 0.060920779625171305
0 0.4071272551189056 0.7267947983632826 0.07290190445914604 0.06137542069139794
0 0.44160616192383995 0.6958319548689157 0.05607503737886681 0.04373327962517113
0 0.46961082962453765 0.7395281305748785 0.04768338317182241 0.057522994985435005
0 0.51504366192384 0.6979687678801817 0.023732430942249395 0.0271989974927175
0 0.5555483296245377 0.742028656439126 0.05102690445914604 0.06073892319868044
0 0.5083669630484616 0.8700794486007094 0.04357503737886681 0.04336956677218993
0 0.4275540056231087 0.8739653150563299 0.054949579953513704 0.049937815518548236
0 0.5744026004076581 0.5991197424116456 0.06451025025210164 0.07516513605166182
0 0.41451986599499835 0.4868744920159342 0.03587179802252862 0.044704746239076346
0 0.41376574916682074 0.5429880996960661 0.04423060124083733 0.05274456677218975
0 0.24400490622385673 0.57937056591426 0.031872712873234656 0.03211381802583091
0 0.2110338690970915 0.6095976235152496 0.03387225544788164 0.03840928213245363
0 0.4114644658984533 0.9226157637235467 0.040559298022528625 0.04484113855894449
0 0.4510022133005632 0.9416983843358022 0.04379355866619043 0.046494566772189924
0 0.21429489893438972 0.7788788209288248 0.03710651609154336 0.04006271034569906
0 0.5407431484301866 0.6418013359060126 0.04077781930985207 0.04796613855894431
0 0.4732053592097344 0.8355309523616331 0.055714404459146036 0.06087531551854823
0 0.2858753319703261 0.6429617044732042 0.04201253737886681 0.043324102665567035
0 0.20392085560343812 0.5524754453020042 0.040887079953513795 0.049528638558944495