0 0.5824417416202228 0.25908166666531357 0.07765363855894432 0.041512470601357876
0 0.494993217405328 0.3098828488229177 0.06809678213245363 0.03477114767057934
0 0.2855272891920826 0.29578497003553095 0.06431856426490726 0.06577548620519007
0 0.6712267599626228 0.4150660730423201 0.05641513605166182 0.06224105042954129
0 0.5578091176427548 0.4044417542954132 0.05784124373179385 0.057635437584671045
0 0.48354490353613216 0.3989896144267499 0.07765363855894432 0.041512470601357876
0 0.6212471435070024 0.49357285334547346 0.07020485141192587 0.05360303482570909
0 0.774276518275893 0.6591646330827998 0.049528638558944495 0.04003850180902226
0 0.6134861192921075 0.5485502804146949 0.05935827962517113 0.0561548247398008
0 0.4591024961725694 0.5240781456344143 0.07829013605166182 0.06338747060135788
0 0.3966192165473982 0.4677595465843541 0.046767351411925694 0.05237472749876275
0 0.13324468982522086 0.5311824802122963 0.049755959092057725 0.04785100180902226
0 0.100347273290458 0.5801622127994417 0.04506845909205772 0.04760534034363317
0 0.07610344272821475 0.6584576311622359 0.055869566772189704 0.04349105042954129
0 0.14637047862159208 0.6605800531430748 0.04658549498543509 0.04612472749876275
0 0.19314619022093224 0.6864332242194024 0.055960494985435094 0.04661605042954129
0 0.34505671654739817 0.4650572704650722 0.05168217194503919 0.0604328889641522
0 0.8107449348771629 0.14311690920208173 0.07332985141192587 0.05376680913596861
0 0.8533416118367672 0.15939036239058502 0.09529577962517095 0.05803822930778511
0 0.8283392633278351 0.23842608717581432 0.07819920783841638 0.06026247060135788
0 0.7527866485215672 0.4567832615315023 0.10181856426490725 0.06774077792830405
0 0.4211826105166188 0.6149178296010408 0.08234113855894432 0.041758132066746965
0 0.5274566572305488 0.8357836075293449 0.10673338479802066 0.07579893939369313
0 0.8858335145814763 0.23051841191561517 0.0923071719450391 0.06256195499752559
0 0.7357964106622681 0.19457318860072387 0.10159124373179385 0.05992827792830413
0 0.6375062924907879 0.5966126441640764 0.07034124373179385 0.058290534825709096
0 0.683089228621592 0.6887082909301445 0.073147994985435 0.047516809135968605
0 0.7125099556603385 0.7347135097224801 0.07815374373179385 0.05869997060135788
0 0.7083034919494272 0.8850443803692665 0.1141821719450391 0.0637083751693421
0 0.6975454998669861 0.9710670895506635 0.07939799498543501 0.04784435775648745
0 0.5160214005666313 0.7376769781761313 0.05086381802583091 0.032307888964152195
0 0.5172442344275797 0.940556316710742 0.06891513605166182 0.06289614767057934
0 0.4261094544066973 0.7306247167561706 0.04088106426490725 0.06454717887824372
0 0.3594842440609982 0.692810456240721 0.06422763605166182 0.06265048620519006
0 0.5701262273679508 0.6937089721832376 0.07346624373179385 0.05845430913596861
0 0.6891848012662765 0.5228752510160528 0.06662521034569906 0.03781426051544958
0 0.14508677493981065 0.7236975288328152 0.0641821719450392 0.06108798620519007
0 0.5701011468057076 0.7732736414505429 0.05725021034569906 0.03732293758467105
0 0.513160825018953 0.773409760288307 0.058994566772189574 0.0436548247398008
0 0.798565812944759 0.5824317147200058 0.07627299498543519 0.04768058344622794
0 0.734591611836767 0.15316693860072386 0.06975021034569906 0.03797803482570909
0 0.4214133134069774 0.24752228968694912 0.04796613855894431 0.03995661465389251
0 0.8523680775262352 0.769345216529028 0.07609113855894449 0.04143058344622812
0 0.2948835011206272 0.9390436471047524 0.04622178213245363 0.03362472749876275
0 0.37454826906731586 0.9424386420163697 0.08664820533113407 0.08254690637700648
0 0.29088970526462704 0.5605058893028364 0.05412521034569897 0.03715916327441171
0 0.3873087495377816 0.3354416915413999 0.09221624373179385 0.05943695499752568
0 0.6077783062143344 0.9421807717082678 0.051136602665567035 0.0416828889641522
0 0.5677216075471179 0.9595829556748943 0.05582410266556703 0.04192855042954165
0 0.27619305628084145 0.4575479856393632 0.07332985141192579 0.05376680913596861
0 0.7738636781467384 0.5109318509706243 0.04622178213245363 0.03362472749876275
0 0.7326847486798517 0.5165743413596859 0.046767351411925874 0.05237472749876275
0 0.7290883872387961 0.5538286798942966 0.04511392319868044 0.049167840343633175
0 0.5522196618494023 0.6412866570543752 0.056142351411925875 0.05286605042954129
0 0.507529287476223 0.6334841231331773 0.05145485141192587 0.0526203889641522
0 0.49683216521461465 0.45351001809022307 0.06372753087881229 0.04546298620519007
0 0.5036264198334681 0.25807136533126107 0.07011392319868044 0.050478034825709096
0 0.2087531551854848 0.5257790072360893 0.05917642319868044 0.049904824739800804