0 0.6527429662932431 0.5535591197697494 0.03857665258848364 0.04656746515360979
0 0.712398687354048 0.5642535723094874 0.036741136803468064 0.041825401451278665
0 0.18737702957447971 0.6672594549868087 0.062196163111827296 0.05051092068857237
0 0.2287840085983795 0.7493378342055689 0.10124325256024873 0.07838294954451293
0 0.1765613559393087 0.7185491364751544 0.055582142065139936 0.044042665879248946
0 0.21386320584048665 0.6157341605217714 0.0652147472985769 0.07556548439090349
0 0.18158132685893916 0.5785962590704926 0.0726632262518895 0.06958830290255769
0 0.14712302687305662 0.5922668894703793 0.057872684158514695 0.05659722958157989
0 0.0962885689664314 0.577966287293461 0.08167420520520212 0.06366568511654265
0 0.4634334824311946 0.9140997717691824 0.025348610495108836 0.03363095553496294
0 0.12039246885349193 0.4598164880191004 0.04575211575678066 0.03590278366526398
0 0.10836988196531924 0.41086063284695734 0.06697466837349916 0.052237111795565026
0 0.1500098923474886 0.2604439705959053 0.0730272472985769 0.07583830290255769
0 0.3187290712443315 0.213102723042976 0.06806673151356132 0.07098711179556502
0 0.26299501073510523 0.22916174346139603 0.07486276308359248 0.08058036660488854
0 0.31356967633659416 0.03286958601966745 0.06661064732681173 0.04598711179556508
0 0.2770791685146735 0.1083135301218849 0.04528167889684287 0.054598219962933126
0 0.3361433553746113 0.12916423266162286 0.044553636803468064 0.04209821996293313
0 0.4202805348361515 0.6738269466341062 0.04418961575678075 0.03584821996293321
0 0.4825823847373295 0.571884989918017 0.034359589448421345 0.027708337748947896
0 0.32030510871131895 0.871525347452413 0.05191111049510884 0.03455853847458741
0 0.3640481324594294 0.940377040373504 0.0481336631118273 0.05001984736759475
0 0.28362488509026534 0.936785759703465 0.05069722099021767 0.06726191106992588