0 0.5029271762346883 0.798375871174776 0.03821070533113406 0.08084818091374953
0 0.4678224020197935 0.740124740675945 0.04101745658477522 0.07014747925407558
0 0.6167336119697812 0.8696374097668398 0.04704013605166182 0.06280857593472752
0 0.4961198644105565 0.41342053071790125 0.027835494985435007 0.04576278589277152
0 0.5105400655850555 0.4560107724195316 0.03730142319868044 0.0495981809137497
0 0.5119100004622185 0.35511112324936855 0.03275031551854859 0.05393048340326043
0 0.4641029862764535 0.3835903981444778 0.03118781551854859 0.0538120842330974
0 0.6560798861181689 0.4592093952446928 0.05218227711788863 0.0787887734452168
0 0.5737758514784328 0.46236843881113393 0.03118781551854859 0.05381208423309758
0 0.5760992179340534 0.543973636321623 0.07170516693047428 0.10677206348717298
0 0.3816121173800574 0.7429877863169787 0.04464256175762475 0.08757177759440164