0 0.17920489001918133 0.441343878769786 0.05531479139585782 0.03912268415851479
0 0.15860206372028746 0.411990307737216 0.04610343262955983 0.04795165258848364
0 0.10268330032760684 0.43454087094786537 0.053943206168510206 0.04996917889684287
0 0.041305469564486094 0.4114149131118273 0.03349433847375849 0.040973610495108836
0 0.09315038758354935 0.35343508411616237 0.036428423701106126 0.030218121018452494
0 0.043563444807719766 0.3716621683734992 0.03187729139585782 0.037757605233437005
0 0.009486273945987432 0.3608842920933748 0.018972547891974865 0.031143584186749607
0 0.21426963677277047 0.4934369997882385 0.07110343262955983 0.049407736775233246
0 0.16346111323382012 0.4920418287839034 0.04432274431795715 0.035360647326811726
0 0.3426985998411395 0.528288683876166 0.04769320616851021 0.04960515785015538
0 0.3586372455390684 0.5112299864928845 0.0600295649348082 0.04095819994353036
0 0.3816110953769126 0.5391575654179623 0.049337526785361255 0.054383663111827296
0 0.3739252804421045 0.576248041740439 0.061619338473758486 0.0426117052052021
0 0.39350139489044533 0.619618610142173 0.055560253246410875 0.05318518415851479
0 0.3108661728936225 0.604639081273565 0.06479888555165925 0.04591871572854593
0 0.3505326448904453 0.6171159654461971 0.038181838473758486 0.04124662628012441
0 0.29913774026406265 0.6493145444418621 0.055423885551659155 0.04537268415851479
0 0.36258263149776465 0.6436252575395719 0.058576159090609536 0.047117194681858446
0 0.3370780710271834 0.6710754233528224 0.030205697240056395 0.03141659997176518
0 0.30008658563768 0.6845617997035338 0.05229888555165925 0.04519067363517095
0 0.356395086855496 0.7292897417545564 0.07148526217486459 0.07128273677523325
0 0.26511156778077255 0.7169346839467533 0.04785684740221221 0.05898015785015538
0 0.2378223648586732 0.7122170918674959 0.028643197240056484 0.03132559471009344
0 0.20578143222911333 0.7557094866340589 0.07590002678536126 0.05593075256024882
0 0.22797403206695757 0.7835915629283006 0.08711026217486459 0.0721927893919517
0 0.14297174067109975 0.8146147787980208 0.06811480032431154 0.05703822625188941
0 0.10682178084914158 0.7350869025178964 0.039798885551659155 0.044462631541796326
0 0.08443826623864496 0.7181423262236546 0.03516593262955987 0.047314615756780753
0 0.19663430317027591 0.6973054524331919 0.046021612012708865 0.04326415258848364
0 0.1521576002481766 0.6915868024755442 0.046157979707460536 0.05107665258848364
0 0.10489681656295653 0.6661548919945528 0.027298885551659158 0.043734589448421346
0 0.055350784095552455 0.6820382262518895 0.03190456493480816 0.03932010523343692
0 0.06677920779665857 0.6545502630835924 0.0637273092527653 0.07395271046687384
0 0.13646046226088543 0.6500062472279897 0.05079093262955987 0.048224668373499216
0 0.2037434196472116 0.6484507234798793 0.06816934740221221 0.06016322625188941
0 0.2545383064166868 0.6506271444842143 0.06501707386326191 0.058418715728545755
0 0.242774691968346 0.6077116023908395 0.04591251785690744 0.03701415258848364
0 0.18492128165992044 0.6066881577089811 0.06359094155801359 0.06614021046687384
0 0.20196845982525344 0.5709249629565356 0.03974433847375849 0.04133763154179633
0 0.23284631290950855 0.5492620655591366 0.041197744317957155 0.03517863680346807
0 0.1649048364484589 0.5437408366764112 0.052380706168510205 0.049878173635170955
0 0.11726222321793407 0.5401839261954198 0.05098184740221225 0.05916216837349921
0 0.0701008510589555 0.5538600183452643 0.04451365909060954 0.04629814732681172
0 0.14939288474417559 0.5811575366905286 0.03492047077900677 0.033252115756780755
0 0.12150366396516876 0.6108149446112712 0.028643197240056484 0.03132559471009326
0 0.09944743182207624 0.5751203683170294 0.034865923701106104 0.030127115756780752
0 0.40223546672511235 0.656883391712204 0.03968979139585791 0.03821263154179633
0 0.24558209213050178 0.5812856102833474 0.02694432954530477 0.023422089448421345
0 0.10789690584749394 0.49427989199455274 0.0333034237011061 0.030036110495108837
0 0.0728537041432106 0.530559026237772 0.026998876623205437 0.026547089448421345
0 0.3057440706201463 0.49485455759604163 0.02694432954530477 0.023422089448421345
0 0.30064746753589117 0.5180190418110261 0.0411431972400564 0.032053636803468066
0 0.05405488555495447 0.44265720783603807 0.033221603084255105 0.025348610495108836
0 0.1615774646965174 0.7343658366764112 0.03631932954530477 0.02396812101845249
0 0.09405695373946879 0.8391373656861933 0.03327615016215579 0.02847361049510866
0 0.3508269253292545 0.689863220707869 0.041197744317957155 0.03517863680346807
0 0.06719799351047354 0.5857547604527567 0.034865923701106104 0.030127115756780752
0 0.061170135961991556 0.6174674920369051 0.033248876623205435 0.026911110495108838
0 0.14631097484278716 0.7577200366905286 0.031659103084255104 0.025257605233436918
0 0.2862752759778776 0.5797454970868154 0.041088650162155814 0.028928636803468067
0 0.24890768953271403 0.5251721181758551 0.03489319724005639 0.031689615756780753