0 0.22054567059711117 0.33184139422102227 0.05211046360606986 0.04560339149054773
0 0.6743084096388564 0.5892378212267484 0.04415241439185813 0.04243293969514959
0 0.6008967582721676 0.1855764900410509 0.05687073821317572 0.04719316256778665
0 0.6469498128630629 0.2538315863520589 0.04437073821317572 0.047120439695149674
0 0.5869841155919312 0.11516399609117511 0.028236315963434677 0.03609203610435352
0 0.15839027295447602 0.34085732503737737 0.05083906203449331 0.051844301131468117
0 0.1463739623677248 0.4478476684215191 0.04571491439185813 0.042442030054229286
0 0.10051565281443087 0.45930279800821017 0.052945217535011316 0.029987481849627427
0 0.10783584719007835 0.48669654498314807 0.052037688998963993 0.044040891490547726
0 0.09422495740532606 0.527253367290051 0.03306936517764645 0.0392443071815924
0 0.10399375558608046 0.6195226805217675 0.034379308105551856 0.06736930718159222
0 0.20053923159814718 0.3754868550916067 0.0619948858558109 0.056595433645025575