0 0.2934033522734762 0.10765692213395224 0.0362647824674041 0.01895907825883123
0 0.28962378733866806 0.1451751028521115 0.03651024431795715 0.03302157825883123
0 0.20141903490633134 0.5440853015242516 0.03190456493480811 0.0376818071815924
0 0.2147451493546722 0.586190988292535 0.02880683847375849 0.039226126463433174
0 0.10025595536102658 0.5665466296848869 0.0680057061685102 0.04726588544042354
0 0.2695030129922341 0.7608546450065892 0.03845457386326192 0.05490566861791084
0 0.16804960714803546 0.7551955183467645 0.05994774431795715 0.033157933645025395
0 0.15943826623864496 0.711500060501242 0.05227161201270887 0.04092498184962743
0 0.2173286327155807 0.661949512394836 0.041197744317957155 0.033048849336070066
0 0.2060893494373977 0.8135620093697739 0.05150004464226869 0.08622839149054791
0 0.24605978450258953 0.8508256600337039 0.05569662094116259 0.05813066256778683
0 0.28379160958366745 0.8373262414157929 0.04103410308425506 0.023673849336070064
0 0.3119672025216528 0.7895109101318998 0.04914661201270887 0.04090680113146803
0 0.3622711655900218 0.8165592234618121 0.06789661201270877 0.04101588544042371
0 0.34605978450258956 0.8502438770526084 0.019295470779006774 0.03135908430895569
0 0.3623472577172283 0.9017063831027325 0.041225017856907444 0.03461134933607006
0 0.09946897687138204 0.6563858345053472 0.03346706493480815 0.0376908975406721
0 0.16389966964721164 0.6349193797830829 0.06172843262955987 0.04566702400410492
0 0.329051336855496 0.7058262565411035 0.034865923701106104 0.02832498789975162
0 0.2244047471639215 0.7040915605994379 0.059893197240056484 0.030032933645025395
0 0.41267413474417564 0.5694160578689634 0.02748980032431163 0.05327953610435347
0 0.2930685669666983 0.3506029462362532 0.052380706168510205 0.04717498184962743
0 0.5512686250016477 0.2373933773471959 0.06937729139585791 0.03633747579950315
0 0.5837032495962582 0.3036041846269841 0.07282957386326191 0.05510565651766246
0 0.3460062008935044 0.09250864510478506 0.03494774431795715 0.0330124878997516
0 0.408011323052483 0.07574332592114016 0.07735343262955982 0.04575792759490127
0 0.3176396931828667 0.15126147638867837 0.039607970779006865 0.031477258976990455
0 0.35731584780924935 0.11587796741168792 0.034865923701106104 0.028324987899751575
0 0.4850726550334198 0.13622630796715926 0.03949887662320535 0.025227258976990453
0 0.43545448457872454 0.11464219945770704 0.05051819724005639 0.029978391490547773
0 0.5115493802766535 0.09623256704234558 0.028561376623205348 0.02516362646343313
0 0.2921157674531657 0.2709290817748726 0.04755683847375849 0.03933521077238851
0 0.25620949513203134 0.31410236485416404 0.06011138555165916 0.042532933645025396
0 0.6330407763816195 0.251759883495516 0.030178423701106107 0.028297716822512697
0 0.14262032792374696 0.24289550624651596 0.06202844155801359 0.0628545240041051
0 0.1823334387186398 0.1606415424490653 0.056986385551659156 0.04251475292686622
0 0.18145713677277048 0.4793642713718264 0.04432274431795715 0.033067030054229285
0 0.16533153044210447 0.5528881297830829 0.058439791395857824 0.03627384328594587
0 0.34144401704942384 0.577642169207086 0.07299321509696392 0.06448065651766247
0 0.5358529415646042 0.896791103244895 0.04766593262955983 0.04558521077238851
0 0.09310415422593613 0.752506855582586 0.04785684740221223 0.056522710772388504
0 0.03923090625453102 0.6614233133299124 0.05295345048646734 0.07998748184962742
0 0.2672798141273246 0.5749489612633678 0.0666068474022122 0.056631795081344014
0 0.2771809196472116 0.6342603287498105 0.08557503571381489 0.06924087939029952
0 0.39018943425770825 0.6492262777165383 0.13250458279171565 0.07263859016268803
0 0.38968882792704224 0.7226592325369985 0.09673072402541774 0.08180451190385671
0 0.18960305317027593 0.6839835936787293 0.05386138555165916 0.04249657220870695
0 0.443511482960462 0.8613944796101322 0.05865797970746058 0.048773843285945875
0 0.46886958766627485 0.5722138049420972 0.052871629869616396 0.07529998184962743
0 0.5741416944039779 0.6723723653451433 0.04289661201270896 0.040870439695149585
0 0.4640364427824202 0.9386109645830174 0.049201159090609535 0.044031801131468026
0 0.3159125884803491 0.9215057986955812 0.03974433847375849 0.039289758976990184
0 0.30194159172675994 0.8715921571068377 0.06329093262955983 0.04567611436318479