0 0.4696874735063122 0.2051934293798537 0.05012897477225646 0.04928297970746058
0 0.6023660534507119 0.1441895198822071 0.05637897477225664 0.04939207386326192
0 0.7538764458314979 0.3274128973161914 0.05821429328391083 0.05723184740221221
0 0.7669468755057451 0.37845324593621965 0.0535813569862416 0.058712526785361166
0 0.8520485618034144 0.3815021538090132 0.05750496515360979 0.03691934740221221
0 0.2966616242398008 0.6157064151763942 0.06602679328391084 0.05736821509696384
0 0.7312375208817562 0.5951498222351136 0.07082342068857254 0.06057503571381488
0 0.7678992179791986 0.664581660708872 0.05723214664195542 0.02910684740221221
0 0.7405455442954011 0.6867742605467162 0.04818452885594056 0.038318206168510116
0 0.6534869991973917 0.7845338762128731 0.05687004809323426 0.06345457386326192
0 0.6848659739696483 0.7366145734529296 0.05616071996293304 0.04314207386326174
0 0.7106273766020534 0.7824043603845604 0.05766865626060227 0.04160684740221221
0 0.719801479960098 0.8107066383877377 0.05890377404661713 0.03225912094116268
0 0.6844071277831798 0.8616827573003054 0.06408234736759474 0.04640344155801372
0 0.7001214078202468 0.9041702662287591 0.060902783665263985 0.04478639448011279
0 0.7385589144436687 0.8555924443940921 0.04376984736759475 0.046048885551659424
0 0.776922009997165 0.8539168960983755 0.05821429328391083 0.05723184740221221
0 0.8201635785088193 0.8468544184195098 0.04075397477225664 0.04911933847375849
0 0.8534225118112635 0.8122572759679919 0.033958337748947895 0.03338524431795733
0 0.8857910677090463 0.7807714967469985 0.06613592068857273 0.060493215096963836
0 0.7417161746952877 0.7204089208551417 0.04344246515360961 0.03667388555165925
0 0.7527255965649866 0.7409259723972694 0.054379965153609613 0.03686480032431163
0 0.8059324421184829 0.7395095227215809 0.04651290145127866 0.035165932629560005
0 0.7651611091788583 0.7653765474783472 0.029052582939624472 0.027053423701106104
0 0.8019344228811892 0.7644549756436803 0.030505955534962936 0.023955697240056396
0 0.8275420580903992 0.792262375805836 0.07334821996293321 0.043442082791715644