0 0.601957030380215 0.3414404652858326 0.0446907387412331 0.04127345318850324
0 0.6406214073089705 0.21577207993972514 0.03465440468807692 0.05476274310259503
0 0.6823244532668891 0.40482793588719035 0.04156573874123311 0.041109678878243724
0 0.7019708289590272 0.6628042101974498 0.05067992288667433 0.06183161465389268
0 0.7279814188722794 0.7163353239468313 0.03485466378737563 0.057887743102595125
0 0.7940057395072001 0.7867573665744565 0.035155052436323685 0.06257524310259513
0 0.6125321013196775 0.9438727464934971 0.04362888648947951 0.049004066033373664
0 0.6422591741140666 0.9703467152858327 0.030728368290882456 0.04209896879233525
0 0.7070633513196775 0.948826919378847 0.04216651603912887 0.050484678878243726
0 0.6299432395072001 0.7781592152858325 0.04190570018457009 0.07071529172311415
0 0.5570564520302714 0.7829042689947343 0.03617733189368764 0.029926517412854636
0 0.6023386736526414 0.7969568029159322 0.0351154796419344 0.03765713025772488