0 0.5909097812170951 0.3606075623515685 0.06981124203690499 0.07416667549789598
0 0.5417288285721419 0.37641610082615584 0.05013577886860805 0.08439484736759484
0 0.4171075311465081 0.44104657441728606 0.058418715728545935 0.06597222958157989
0 0.41116761526267054 0.5406745521847676 0.04786064732681172 0.04533234736759475
0 0.42133854679034927 0.5943352655242786 0.06475972099021768 0.06775298439090331
0 0.39644423357969993 0.6507861621662341 0.05033319994353036 0.06101191106992569
0 0.3627132466632924 0.73024797287334 0.047117194681858446 0.05934028366526398
0 0.4211095755883701 0.7516938977382638 0.056310184158514784 0.056542665879249124
0 0.3930454887707846 0.7268402306778883 0.023513094710093264 0.02888889183263199
0 0.41484270698899195 0.9397940984639032 0.04895271046687384 0.06408234736759474
0 0.4790361966774098 0.7113119451985258 0.04399219468185844 0.05923115626060227
0 0.48021999410304356 0.6509920040915332 0.056310184158514784 0.05654266587924894