0 0.6578108579726376 0.17081522849777525 0.059956802673454136 0.052765435070022584
0 0.5538597019812281 0.1124098771738677 0.08562951201463562 0.1117423287837163
0 0.5170131353039559 0.19220869313730243 0.10686816534054504 0.058073673283198256
0 0.6266603079646835 0.23082808333633947 0.0787977093411815 0.061451230355292895
0 0.45351535132877296 0.016928422871168143 0.047347714672181594 0.033856845742336286
0 0.519594337324955 0.03748480583374948 0.06311816534054522 0.0560359842842343
0 0.6007261586569095 0.043856776264244904 0.06806020401018138 0.07812930810555188
0 0.6740887439529113 0.3152908205160579 0.06780566534054522 0.056254308105551855
0 0.6577273999443207 0.3792998165871165 0.08186816534054522 0.056909279569504534
0 0.4927023839513204 0.33545142494033736 0.12552725867281786 0.051134468568468615
0 0.4691108899586382 0.28267318135047814 0.10058180267345414 0.05465757485477489
0 0.3925847526257291 0.2831141370986652 0.12579997867599957 0.07457196856846852
0 0.29266656862668367 0.28074046195344 0.10690452800763603 0.06119867328319835
0 0.3371319945894581 0.5527395864367113 0.06933180267345422 0.053202082712657625
0 0.33928429324477677 0.6361877872224996 0.06320907200827239 0.06384848428423417
0 0.5177456479153676 0.5989852320124319 0.05370680267345414 0.05247433664159917
0 0.5881859645926397 0.5176217619962212 0.0819954346753633 0.06784677956950454
0 0.6370961792648213 0.47474074917593967 0.07561816534054522 0.05661818114108108
0 0.6849336952578217 0.5240472363556581 0.10370680267345414 0.05480312406898662
0 0.7366058306015484 0.4451195616247177 0.0882454346753633 0.06813787799792799
0 0.7631330626193659 0.31270516791102404 0.07565452800763595 0.05974318114108117
0 0.7740972872772298 0.3770031083577301 0.05370680267345414 0.05247433664159917
0 0.4781671692791389 0.37673139640429004 0.07852498933799978 0.038013730355292805
0 0.6108074939529112 0.31823819210384513 0.03642839600572696 0.04386131596343468
0 0.2440712432368226 0.6991844009524041 0.0317590773392725 0.04520549214211726
0 0.16907014855191435 0.8369798074863795 0.069240896005727 0.045389582712657986
0 0.5131950552594124 0.5203336931373024 0.06126476400381797 0.03096320967712849
0 0.5128292392186871 0.8201881439230908 0.07231135200509069 0.040847631926869354
0 0.5848587805538233 0.8035592619962213 0.1005090773392725 0.04840757485477489
0 0.5319888665659137 0.7170074859413733 0.08194089067472685 0.06315927956950454
0 0.4661826005729134 0.6685379067433723 0.06130112667090888 0.034088209677128486
0 0.1786029739417754 0.42035523366506167 0.06942270934118144 0.061014582712657625
0 0.242193306612048 0.39084536207727455 0.0789067973424542 0.0708262303552929
0 0.24711661660568462 0.4374656509524041 0.0676602146721816 0.04375430810555194
0 0.19512685526736667 0.47658596298689737 0.08174089600572705 0.04597177956950453
0 0.21274052192077636 0.573368917701627 0.09771134134309048 0.07638702564056317
0 0.3120427299490932 0.3602631420610639 0.07561816534054513 0.05661818114108117
0 0.3551927459420936 0.40978795306209986 0.07274770401018138 0.07834763192686953
0 0.35924389926800304 0.4642571292407823 0.05970226400381797 0.030890435070022447
0 0.4358791246021848 0.45444117349259533 0.06776930267345413 0.05312930810555194
0 0.39137405191759467 0.5884737251880063 0.07232953333863615 0.042410131926869356
0 0.45978769724700397 0.6141778924753487 0.06620680267345413 0.0530565334984459
0 0.6913649612508219 0.5752822506236818 0.0629727146721816 0.04353598428423418
0 0.7240587352403225 0.6510613465709059 0.059902258672817864 0.04807793507002263
0 0.6381121445735498 0.655845199961728 0.08633748933799978 0.03837760339082212
0 0.6265292072326865 0.711823372211469 0.08161362667090888 0.035034279569504535
0 0.6361491078930959 0.757444087265281 0.07870680267345413 0.053638730355292805
0 0.5697921426241382 0.2865729691921503 0.07845226400381797 0.031763730355292806
0 0.5857898599618199 0.2538139731210918 0.08782726400381798 0.032200377997927986
0 0.3129898013208187 0.07755980397172266 0.047165901336727066 0.02718323821317572
0 0.38546314330045606 0.22410301013419445 0.06615225867281786 0.04836903349844599
0 0.20306771928709302 0.3309823645584739 0.06295453333863614 0.04197348428423435