0 0.437838169999125 0.39868492326518745 0.03603034190105418 0.04162521034569897
0 0.8389550010257641 0.3760631478631584 0.05334517589344294 0.04525031551854841
0 0.9065417490485979 0.3647104592250717 0.04792284684397004 0.06538095909205772
0 0.8776554036875026 0.3084520990376573 0.05465300790866508 0.039045779625171126
0 0.8539287436113906 0.34042952474362026 0.045469008897248385 0.04346049498543501
0 0.6199118878701718 0.24086274841715438 0.03571200692008229 0.03381271034569906
0 0.7584119496566202 0.5301489057807172 0.03928267589344294 0.04484113855894432
0 0.8928187831547174 0.5270202426111666 0.04234400889724839 0.04336956677218975
0 0.8322142055881192 0.5561598248227625 0.03571200692008212 0.03381271034569906
0 0.9041528725843136 0.5556309759181192 0.030706171939110405 0.02586381802583091
0 0.9188812174511174 0.6099547630651377 0.046904174904859985 0.040380959092057724
0 0.852504142355977 0.6509949517032243 0.0424713428896375 0.04649456677218975
0 0.762389772811775 0.8773194224737647 0.056533842889637496 0.046903743731793665
0 0.7686968281352519 0.7441659416740946 0.04215300790866543 0.03868206677218957
0 0.7785864812912818 0.6797397288211131 0.03947367688202626 0.049528638558944314
0 0.6553439353593452 0.860879731724107 0.061348676882026255 0.05016513605166182
0 0.552952539543327 0.17163302678868428 0.04052684091247105 0.03707410266556703
0 0.5488526299615064 0.20538590116186367 0.052037343878220454 0.05145485141192578
0 0.4032828033834914 0.2416907771843957 0.045469008897248565 0.0434604949854351
0 0.8188347965005903 0.592529233835678 0.03928267589344294 0.04484113855894432
0 0.6970937421656966 0.7337345585254266 0.04164367193911041 0.026182066772189573
0 0.7156063202265864 0.7081662571926429 0.04164367193911023 0.026182066772189573
0 0.7313294793141154 0.6717286520197934 0.029462006920082117 0.03363085391920819
0 0.6416116991995097 0.9269821048436452 0.04084517589344294 0.04488660266556721