0 0.5043390241987179 0.6068677358788382 0.04283595318850324 0.04526587842423861
0 0.4438552255781989 0.6176761039301146 0.05130355042954129 0.05835787427505359
0 0.4053692576903745 0.6244831335991087 0.07638543758467105 0.061814760997662074
0 0.3946873852345658 0.6649780790350054 0.07967421189493056 0.06517655933798813
0 0.46101174807943596 0.6615086143030768 0.04283595318850324 0.04526587842423861
0 0.45990627148518437 0.682602364303077 0.057226001809022264 0.052581470955705714
0 0.4382868990293757 0.7239261039301146 0.05410100180902226 0.05234467261537965
0 0.42233767243512405 0.7461446460466634 0.04587906603337366 0.04394017676456467
0 0.39800605778123155 0.7946772344289458 0.03674972749876275 0.04791728174358649
0 0.3584112912728881 0.8077934636830214 0.06404921189493056 0.06399256763635819
0 0.3889309509292551 0.8490570811095978 0.06043288896415202 0.054380769296032125
0 0.5883134752395145 0.8308361869138123 0.06619156603337366 0.045479365976683894
0 0.5274611844209117 0.8486758049650888 0.07326043758467105 0.06157796265733637
0 0.2731023123037873 0.6835290147226397 0.03930151741285455 0.03721658008391273
0 0.23793941825125256 0.6566238952214708 0.057144114653892505 0.051018970955705886
0 0.247529102217879 0.6963609014452482 0.058624727498762755 0.04957487012586874
0 0.3432100944159629 0.6821073020653037 0.06873671189493055 0.06434776514684692
0 0.30026899988845834 0.6254438275851129 0.06306656603337349 0.04524256763635783
0 0.2890349287667021 0.5873877205314986 0.05590916327441153 0.05715057178554286
0 0.22180648518913726 0.5932601348485086 0.08172803482570909 0.07466995850815117
0 0.3445169668717716 0.6423227516503852 0.050566566033373575 0.04429537427505377