0 0.7047285564507184 0.5946514137681764 0.06307979333702499 0.060577935070022626
0 0.6488988610465103 0.5732451406088126 0.03445414558877822 0.05145549214211727
0 0.65396469772056 0.4575109786981538 0.04987888648947951 0.04905823821317572
0 0.5040309562015498 0.25384866955914465 0.05536742288667416 0.06177656203449331
0 0.5588173881875227 0.19371384429008504 0.0622182001845701 0.07144266046291677
0 0.8045933582687329 0.3446386052483398 0.05813147748246621 0.08059933664159917
0 0.6188270365540781 0.3822177262169545 0.08505492288667416 0.06315927956950454
0 0.5599271961794005 0.6043623999144374 0.07295544108527138 0.06882708271265763
0 0.5277574413990386 0.690625231593638 0.0530434592838688 0.07413101282028159
0 0.6189634322997399 0.6980075461093306 0.04795544108527139 0.067662688998964
0 0.640448406081578 0.7295679152159185 0.044329793337024984 0.05970463978475227
0 0.6620428038298247 0.7227378724118475 0.055327850092285046 0.03684933664159917
0 0.7064448434662218 0.7757387479285762 0.018328497840531633 0.042915246071058635
0 0.665850121843852 0.7856017454473768 0.03415375693983034 0.046767992142117264
0 0.6416919285991121 0.8079840136443419 0.030528109191583754 0.03880994292790554
0 0.6111824082410464 0.7705182468951188 0.04459060919158375 0.03946491439185813
0 0.5756849992340329 0.7375216563245782 0.03395349784053163 0.04364299214211727
0 0.536943871843852 0.7795978403611435 0.04977875693983034 0.047495738213175896
0 0.62746064544112 0.8833286160017068 0.03233044108527139 0.06693494292790554
0 0.5479734045404185 0.8764921110393079 0.044329793337024984 0.05970463978475209
0 0.4933860340900679 0.872382499790603 0.04619268198597286 0.06446491439185813
0 0.4544329580564764 0.8321727227022977 0.04579216378737563 0.05821491439185813
0 0.4418013525655205 0.7602784520241335 0.060455441085271386 0.06824488585581072
0 0.41251556832779424 0.8137651710068867 0.04619268198597286 0.06446491439185813
0 0.32511450031376704 0.7470078564911941 0.037579145588778305 0.051601041356328994
0 0.3085976287836822 0.7235146985094767 0.03345285009228505 0.03583049214211709
0 0.3044620388704299 0.7758220612059238 0.03551599784053163 0.04371576674922295
0 0.4876924483388688 0.6433114298982268 0.04124436613141391 0.08448631596343467
0 0.4110472100590611 0.5065327138109577 0.06051599784053163 0.04488016046291676
0 0.3320618144702829 0.5530031453663236 0.06644462523071262 0.08877570967712849
0 0.5386017111387953 0.5336303688971908 0.060455441085271566 0.0682448858558109
0 0.2533081539221098 0.6692231507430071 0.028765350092285046 0.0356121683207995
0 0.2828349676172003 0.6486580936709124 0.060755829734219446 0.07293238585581072
0 0.6839199128645249 0.32021218589408285 0.03501535009228505 0.03590326674922295
0 0.6220206901624208 0.3079262016098486 0.03677810919158375 0.03910104135632882
0 0.5895388571889988 0.31346557216417853 0.031128886489479514 0.04818494292790545
0 0.554595753396086 0.4552335411469318 0.028965609191583752 0.0387371683207995
0 0.481608836369508 0.44478188461295665 0.04332849784053181 0.04407963978475245
0 0.5218740885289763 0.4889706863083677 0.039903109191583755 0.03924659057054054
0 0.4760027791528224 0.5934013211307212 0.030327850092285048 0.03568494292790554
0 0.42390005861018676 0.6238850337033337 0.04342862739018098 0.04564213978475244
0 0.4290498311277206 0.7024830686495218 0.031529404688076926 0.054434942927905364
0 0.3781078948228111 0.6781701193114756 0.03601664558877822 0.05152826674922295
0 0.3587885934662218 0.7595463978475229 0.028765350092285046 0.0356121683207995
0 0.5462816941768157 0.9273461356464139 0.02427810919158375 0.038518844499482084
0 0.5690182873292704 0.9393752547530017 0.033252590992986344 0.032705492142117265
0 0.6167246021040951 0.9408136302697304 0.038540868290882456 0.042298815963434676
0 0.655125768050939 0.9284977208402709 0.03365310919158375 0.038955492142117264
0 0.6880279056201528 0.9041719629823881 0.038540868290882456 0.042298815963434676
0 0.7082192921096324 0.8580974836605526 0.030327850092285048 0.03568494292790554
0 0.6610136250830544 0.848846608143824 0.03345285009228505 0.03583049214211727
0 0.5691858729235861 0.8022562444139195 0.02926599784053181 0.0434246683207995