0 0.2767549751880064 0.3898447838483133 0.06112159057054054 0.03922763605166182
0 0.5699164319696507 0.20967258438967398 0.06482878742738744 0.05181856426490725
0 0.2557554245260526 0.3381829954476535 0.05621576674922295 0.03440374373179385
0 0.16455457403071455 0.5374448610453442 0.04458906203449331 0.05279003087881229
0 0.22498695988652542 0.4795126891003051 0.03485018899896399 0.044704746239076346
0 0.21468085256676184 0.5500297775801071 0.05389128742738745 0.05150031551854841
0 0.29469368424596226 0.5742281440357276 0.06021406203449331 0.0532446719450391
0 0.23831525165713904 0.5953733698208328 0.04215326674922304 0.03399456677218957
0 0.20094153019318634 0.6105042763264659 0.04178939371369372 0.02618206677218975
0 0.1989958864794926 0.6355270083797773 0.04593323821317572 0.048147994985435004
0 0.1583708864794926 0.6367090751519668 0.04891268899896399 0.04511392319868044
0 0.29796207940739805 0.6045605017158596 0.056797963606069854 0.046903743731793845
0 0.2542655833363395 0.6214357646479833 0.04200771753501131 0.03086956677218975
0 0.30426342928356354 0.6535291991294349 0.060141287427387446 0.0516821719450391
0 0.25819960442878864 0.754733997954936 0.04891268899896399 0.04511392319868044
0 0.2510442299455173 0.7073505325946721 0.06148546360606986 0.04704013605166182
0 0.3528785576957763 0.7153101336108865 0.052328787427387446 0.05145485141192587
0 0.32028222746431795 0.74512566574334 0.03946491439185813 0.043278638558944496
0 0.447285683212505 0.6649715013201483 0.03143409057054072 0.03836381802583091
0 0.46732420140947006 0.687013985880742 0.03499573821317572 0.04782974623907634
0 0.4250425020714238 0.7405170705996204 0.05330909057054054 0.03900031551854859
0 0.44802408375062425 0.7663748769469689 0.057016287427387444 0.05159124373179384
0 0.37859984160850707 0.7996025655850555 0.057016287427387444 0.05159124373179384
0 0.40928476137704867 0.8275768013992906 0.04593323821317572 0.04814799498543536
0 0.3538502446278257 0.8619578130777731 0.05062073821317572 0.048284387305303156
0 0.5082037967375216 0.9651329742022596 0.057923815963434676 0.03757420783841638