0 0.13597180690147948 0.45892143173944033 0.05127827673520509 0.04344616311182729
0 0.13491704131413923 0.35160946067863547 0.0349977128732347 0.033161110495108836
0 0.5639211163239745 0.16945305318141585 0.04401207995351371 0.05080363680346807
0 0.12423699538529757 0.5599756975244559 0.044154191585911204 0.030582142065139806
0 0.11473095540854068 0.5846494738328151 0.04113845222957298 0.03196263154179633
0 0.10144435156981339 0.6188802606645181 0.04255884059717552 0.052275131541796326
0 0.0925556706275639 0.6458522843420413 0.045170388367602544 0.022860647326811902
0 0.12914338065080702 0.6678414054310811 0.053966234160558194 0.03737817363517095
0 0.1538973622134751 0.6142690843985111 0.03466993094224948 0.028473610495108836
0 0.1810882929036231 0.65936948179591 0.04081067029858776 0.027275131541796328
0 0.12869563039870546 0.7410058896460655 0.03598105866619035 0.047223610495108835
0 0.1692988510656103 0.7612049975809256 0.04502827673520508 0.04308214206513981
0 0.21431070230644753 0.7072308581466216 0.04927873416055819 0.037105157850155376
0 0.3834756015698134 0.6024538109327493 0.05116901609154336 0.0418836631118273
0 0.25756367557124243 0.745171202927302 0.04513753737886681 0.04464464206513981
0 0.24752775787054473 0.7885494766048253 0.04470049480421991 0.0383946420651398
0 0.27581129499731005 0.8180248740022243 0.03609031930985207 0.048786110495108656
0 0.3192717178937879 0.8084909793062485 0.04368429802252862 0.046116136803468065
0 0.2908682124459062 0.847492566123834 0.03198197351689647 0.03454159997176518
0 0.28377697828534804 0.8821405819088495 0.05654493094224957 0.029747684158514788
0 0.49497692221704775 0.9328631057981344 0.054184755447881726 0.040503173635170954
0 0.5702882786536652 0.9129153558687214 0.02863845222957302 0.031234589448421703
0 0.3363606649275807 0.7421379372128737 0.05295003737886681 0.04509966837349921
0 0.5203646883085911 0.8924810295038925 0.0533870799535137 0.05134966837349921