0 0.5615948400049489 0.16130696679807222 0.050730340343633176 0.04544147477225655
0 0.37016093453245336 0.22803814292894034 0.056816566033373574 0.04253472958157989
0 0.7909603561746079 0.3677479066391204 0.042262743102594945 0.032668656260602266
0 0.7340785131174414 0.48592747696487315 0.04094590456798421 0.037301592558271326
0 0.7576488099289381 0.527214675876414 0.03124335594746519 0.03072421034428636
0 0.7482804539814728 0.5571749943880684 0.056489017412854635 0.036284729581580064
0 0.7901061058359236 0.5923659607228045 0.042262743102595125 0.03266865626060209
0 0.7051578957500153 0.6062499006486706 0.04538774310259512 0.03277778366526398
0 0.6751362030769616 0.5839036746952877 0.044316566033373486 0.04209821996293304
0 0.6397918453204741 0.6631199487419048 0.041764776119281775 0.052926592558271326
0 0.6725224581653443 0.6635366109929569 0.0376571302577247 0.03406746515360979
0 0.6659106100197951 0.7004190520999495 0.04423467887824373 0.04053571996293304
0 0.7002413444159629 0.685183432499836 0.048840291723114146 0.03913691106992552
0 0.7325282219601542 0.7238267810485572 0.04579717887824373 0.04059028366526398
0 0.7683052696761621 0.740513284043782 0.04094590456798421 0.037301592558271326
0 0.5141367480794361 0.6799850449283733 0.07350609905006031 0.06339286660488845
0 0.42301045906985546 0.6480753352170593 0.048751760515449584 0.06720734736759475
0 0.43001405359736006 0.7078769211519086 0.04094590456798421 0.037301592558271326
0 0.47105845545181085 0.7430951693378102 0.06635534034363318 0.04598711179556503
0 0.4882559215306129 0.7869443730586745 0.06684666327441154 0.05536211179556503
0 0.5335175118742459 0.741693871244576 0.04670458163720568 0.02814484736759475
0 0.5720643554972394 0.8245683694304773 0.05434666327441171 0.05492560217691818
0 0.5141699683421096 0.8281497264167189 0.07654921189493055 0.061939494009550344
0 0.5387704986452629 0.8795386116259291 0.060105340343633 0.0457688569862416
0 0.41961106286961414 0.8914979530030742 0.057144114653892686 0.048784729581579714
0 0.34059859226825634 0.9706795107149553 0.06981453301668683 0.022713302902557332
0 0.46740675373364554 0.961572350826156 0.06150406603337366 0.04269842068857273
0 0.5361976973112105 0.9583902979235983 0.011346935775648603 0.008194445916316084
0 0.5278053431727675 0.9399676801375833 0.052292840343633 0.04549603847458741