0 0.2533133700597225 0.34803194561520334 0.04011716014423614 0.045994338473758486
0 0.21677645801562528 0.35520351744987033 0.0672251740119445 0.0698954886359143
0 0.17678789086128505 0.38183815543716154 0.060684233282500076 0.05728639448011288
0 0.1345283088893059 0.4115568831160272 0.03855466014423614 0.0459670649348082
0 0.18013240282913232 0.45842792897611184 0.04963763050895835 0.052407979707460584
0 0.1536614750174657 0.4954506420444809 0.029288762917777822 0.050490923701106104
0 0.08560245924989626 0.523938106330666 0.04237064437666675 0.07570911201270895
0 0.15251785552642408 0.5469722317360555 0.052798998100138925 0.05402502678536116
0 0.1690734951534381 0.7549892832781829 0.07456489532659724 0.04971935633066593
0 0.12457926595500066 0.7893546006486231 0.04175239532659725 0.04914661201270896
0 0.3134242136182993 0.8168598120921391 0.061737587005972296 0.03543866801906326
0 0.35273998033579923 0.7613189241048479 0.06388196846486113 0.06046594155801355
0 0.3542939886008336 0.32480472564697543 0.044986498100138925 0.05388865909060954
0 0.08921972815159773 0.6122466298696163 0.06889677678548618 0.07461026217486459
0 0.5272866918668062 0.8120025369283356 0.04447735182361114 0.032013659090609534
0 0.4621741041952439 0.9970140292193456 0.04091594072944442 0.005971941561308825
0 0.3869344488006604 0.821266668422805 0.03045121941479172 0.0333306972400564
0 0.14261813829583386 0.6584727934244528 0.04473192496187504 0.042951159090609536
0 0.21907480157420206 0.8230222629856435 0.05258079255305557 0.04465002678536116