0 0.4306850355653606 0.2635593084386911 0.036412688998963993 0.04435001785690744
0 0.6241010876750565 0.1592105478853843 0.0608690334984459 0.06663412094116258
0 0.2435147911469319 0.5858086351446221 0.037975188998963995 0.04437729139585791
0 0.24655205396721347 0.6342597719140972 0.03187073821317572 0.047393197240056396
0 0.2945529063245783 0.6257302516215578 0.03590326674922295 0.033412517856907444
0 0.3101436730738013 0.6587882134721108 0.04393409057054054 0.038236385551659244
0 0.4613851495001528 0.7551019261334428 0.03299659057054072 0.038045470779006864
0 0.5201801066960818 0.7772047970746054 0.05501713978475244 0.04155230032431163
0 0.5228619968951189 0.6671849147693572 0.028381865177646404 0.03952615016215581
0 0.4302828527671404 0.7912479318154857 0.054944365177646406 0.03998980032431163
0 0.37813815591029354 0.7778479050301245 0.03321491439185813 0.04273297077900686
0 0.44976490694375093 0.8743331672049891 0.04720463978475244 0.041415932629560004
0 0.44580719127076635 0.6385183981302657 0.042953787427387445 0.05070911201270896