0 0.3815915728539235 0.17548911566419775 0.04785692496187508 0.04355142319868044
0 0.42579616774368045 0.1546848706787627 0.06351829255305556 0.045568564264907255
0 0.45600969139503456 0.1983068385463091 0.03844555737069442 0.04171613855894436
0 0.43280792752732616 0.2224035680923379 0.05603310087368065 0.05940374373179384
0 0.5084982585493748 0.22410480892113793 0.09029899810013901 0.055716454077492816
0 0.5338249136596179 0.24288590116186368 0.03379442496187508 0.043142246239076344
0 0.2667978017680205 0.41148410312778544 0.08114220364722229 0.06481866943775678
0 0.5804966258562149 0.41797081769662653 0.06057513050895835 0.053290136051661816
0 0.49261476614881905 0.4369230576674966 0.04785692496187508 0.04355142319868044
0 0.4470301624253469 0.4163892488128658 0.03208645459715278 0.036846782132453626
0 0.4044789865135413 0.4332417796916782 0.046003484232430655 0.031005959092057722
0 0.3725756762930552 0.3951340259307545 0.04487739532659729 0.049710494985435096
0 0.5248466911106942 0.39382627553504307 0.09680357123840296 0.0668358105039835
0 0.5601276148382981 0.5216186549227875 0.036701219414791805 0.033858174452321775
0 0.6914315130146871 0.5490269379131709 0.05708645459715278 0.03757420783841638
0 0.6970632639646176 0.5754075814866801 0.04774782218833344 0.03886392319868044
0 0.6496427500969092 0.6002090046853604 0.05890352773541672 0.0485571719450391
0 0.6315642441129856 0.63899035985821 0.06057513050895835 0.053290136051661816
0 0.6073104329425689 0.5741155176174843 0.03677395459715278 0.03698317445232178
0 0.5723905722852425 0.5649822100164946 0.04774782218833344 0.03886392319868044
0 0.6493349319926385 0.5463482187919831 0.04785692496187508 0.04355142319868044
0 0.6033321009705899 0.5437831599373523 0.046112587005972296 0.03569345909205772
0 0.49499357731923566 0.50243439740094 0.07180357123840295 0.06610838479802048
0 0.41801285002065924 0.5226308886254514 0.04792966014423605 0.04667642319868044
0 0.47070078571611057 0.5734061269469689 0.07162173328249999 0.058295884798020656
0 0.2662509814795482 0.5020636390211628 0.05603310087368065 0.05940374373179384
0 0.27395307228524257 0.5736658543814267 0.06526263050895835 0.05342652837152997
0 0.27705923527927034 0.60792719411487 0.0559603656913195 0.05627874373179385
0 0.3177751542572217 0.6028388773426803 0.05890352773541672 0.0485571719450391
0 0.5648488695879508 0.654203834389674 0.027362587005972293 0.03514788981258547
0 0.5712813607542355 0.6126384600164945 0.05247168977951393 0.04056281551854859
0 0.639793664990798 0.6879363252184738 0.06700696846486114 0.06128449247815269
0 0.6043276372553813 0.7358115355641729 0.07808993882958344 0.06785274122451135
0 0.69082883491868 0.7090922596999254 0.04774782218833344 0.03886392319868044
0 0.7442993270348952 0.6927027300747544 0.043060322188333444 0.03872753087881229
0 0.28995731915111056 0.6910890351019544 0.06824216014423615 0.0472674565847754
0 0.2970801413394438 0.6534071786754637 0.04785692496187508 0.04355142319868044
0 0.5323799020730202 0.7410278844688163 0.04774782218833344 0.03886392319868044
0 0.4064700590831243 0.8172985309453195 0.060647865691319504 0.05641513605166182
0 0.3434433822213882 0.808202327263538 0.07979790919430556 0.07414820533113406
0 0.2614848674037493 0.8074641928612287 0.07162173328250007 0.058295884798020836
0 0.11993445345979104 0.7506866586172041 0.04792966014423614 0.04667642319868044
0 0.17187946637756885 0.6992090751519668 0.051418336056041715 0.062392351411925874
0 0.24912903134770756 0.8687199416075874 0.06991376291777787 0.05200042069139812
0 0.20014601747999924 0.8935668289128905 0.06537173328250008 0.05811402837152997
0 0.15323530309920066 0.8629222341648823 0.054216027735416714 0.048420779625170954
0 0.15165527251399236 0.8301779303248165 0.07180357123840282 0.06610838479802048
0 0.4662983475521173 0.8631816807870349 0.04785692496187508 0.04355142319868044
0 0.4815973456522563 0.8096475038274307 0.06998649810013902 0.05512542069139812
0 0.5827240877684716 0.7918713189502677 0.043242160144236055 0.04654003087881246
0 0.49801339380798587 0.30560486150756266 0.05890352773541672 0.04855717194503919
0 0.48902090672576365 0.25590037820061007 0.044986498100139015 0.05439799498543509
0 0.4337138512549303 0.3511961578257813 0.08750130642076392 0.06968802586424747
0 0.6357465170987495 0.45930285985820996 0.07932513050895836 0.05383570533113406
0 0.6246083421368746 0.5017858765512575 0.08557513050895835 0.05401756175762475
0 0.6929381552071522 0.6184672596999254 0.04774782218833344 0.03886392319868044
0 0.5058368922893745 0.6738774883880245 0.06882404160312508 0.0722674565847754
0 0.45685518484243 0.6315823397999504 0.10963087955902787 0.08126202335696497
0 0.37655139542350646 0.559750455397641 0.08750130642076392 0.06968802586424747
0 0.3297854981970481 0.5564268785963215 0.07285692496187508 0.04427884890464338
0 0.4732412914156939 0.7325992705204781 0.0670797036472223 0.06440949247815268
0 0.43477820345979107 0.7415256411327338 0.06188305737069442 0.04239810015828453
0 0.37682088630545085 0.7158867951310844 0.10781380642076392 0.07027905925034225
0 0.40203778543177016 0.7729264053184988 0.043060322188333444 0.03872753087881229