0 0.3544500632336652 0.1372866573569106 0.0757800524363235 0.06344743030721936
0 0.29510534161129526 0.15105154619431768 0.11604410703211539 0.08356152286549076
0 0.29184063926725684 0.17766860989664854 0.054265997840531634 0.043988102176918266
0 0.26668115052602376 0.21752228358044592 0.07235466378737554 0.05865080290255768
0 0.19473749691768102 0.29408727278067276 0.07441781153562213 0.06651786660488854
0 0.23213736736803173 0.2943402439247322 0.05729086829088228 0.04253472958157989
0 0.15449442628276022 0.36252973793428245 0.0631799228866742 0.06144842068857255
0 0.3095113957456618 0.3033308088081894 0.05114099784053163 0.04387897477225655
0 0.2506079626799548 0.3467013520921002 0.06317992288667415 0.06144842068857255
0 0.27001929673311087 0.3600545239617991 0.044991127390180984 0.045223219962933124
0 0.3014299830380204 0.38078368621285114 0.05044009099298643 0.03294147477225655
0 0.5629508690660747 0.49637144756077856 0.05114099784053181 0.04387897477225664
0 0.6100959793373926 0.47835556834201826 0.05582849784053181 0.04404266587924912
0 0.26300213140457585 0.5668675191524757 0.0811288864894796 0.049603185116542645
0 0.2672996051864141 0.5971180143431523 0.05809190468807692 0.055034729581580066
0 0.2156801411221833 0.7579389524549199 0.07119268198597287 0.06484623920022692
0 0.26117191626061087 0.7049032324919868 0.04459060919158375 0.038973219962933035
0 0.2859821491417478 0.7313193995523622 0.04156573874123302 0.04042659255827132
0 0.31111135950535074 0.6797742577197303 0.05240310919158375 0.03924603847458741
0 0.3334777128368383 0.707834770333602 0.0507404796419344 0.03762897477225664
0 0.36123247301587114 0.7247940918404812 0.06852875693983033 0.04760417549789579
0 0.3994135934662218 0.7250197811333752 0.05516716378737563 0.058050602176918174
0 0.4390768707641177 0.7142806885751039 0.039402461443337165 0.030997028855940557
0 0.3519761913990385 0.650285165161459 0.046553627390180985 0.045277783665263985
0 0.30015287554447967 0.631827831040708 0.05839229333702489 0.059722229581580064
0 0.33332512338501136 0.5885763388452563 0.08409320018457009 0.07153274881887377
0 0.5543502197766687 0.6549106338584476 0.04791586829088246 0.04220734736759475
0 0.558996949418603 0.6188912883049513 0.05114099784053163 0.04387897477225646
0 0.5020157641934276 0.6201016134400276 0.04322836829088228 0.04204365626060227
0 0.4628636266242139 0.6471923922959681 0.0967934592838688 0.07509425843752045
0 0.35730044880029416 0.4333977655242786 0.18220932757475117 0.11861113466105574
0 0.45550980645071837 0.5429959656169459 0.07618057063492074 0.0696974303072194
0 0.38557923581579756 0.6124751411148418 0.053104016039128954 0.05018353847458741
0 0.5019749938353619 0.5842459589935238 0.06716651603912886 0.050674611795565025