0 0.3438163952101835 0.4777952928547678 0.06402800790866543 0.04077548620519007
0 0.34056671981103215 0.5192834300098976 0.04221667490485981 0.041191566033373664
0 0.4270016269213948 0.5599693057450665 0.07684634288963732 0.04924308344622812
0 0.4481285049057348 0.3475954585040285 0.05334517589344294 0.04645227611928178
0 0.35587733790954046 0.35398930065668394 0.09498884783255317 0.07358134215265535
0 0.4603446620160975 0.39217097410786084 0.12142401384016441 0.07184842378986112
0 0.6116352479856526 0.3717688636378398 0.11561968281352523 0.0824583751693421
0 0.5034937786317311 0.23243412596231164 0.1043001808363588 0.07251016508343389
0 0.4625385147915665 0.30006536126299055 0.0659725098858317 0.050232373360319826
0 0.43994068422203786 0.6824651034610744 0.08641234387822046 0.05442190637700648
0 0.3785057771116752 0.6404690332438294 0.08341467787060938 0.057383132066746965
0 0.8926027692030098 0.6509462720510113 0.05334517589344294 0.04645227611928178
0 0.5652311387843929 0.49659512324877825 0.10248301285158128 0.06617827792830404
0 0.5730409801911553 0.4579863246282592 0.08166117688202626 0.05261374491161739
0 0.4913917321683218 0.4529104002725711 0.10305601581733086 0.08024077792830404
0 0.4109083947158919 0.4766178951841885 0.09479784684397004 0.06889384215265544
0 0.5000159515594245 0.2029922874277009 0.07372134288963732 0.049079309135968606
0 0.49627950342286004 0.3520882066950063 0.0705963428896375 0.048915534825709095
0 0.8391156718647481 0.7200138545927282 0.06246550790866543 0.040693599050060314
0 0.7810166703818734 0.730074929332529 0.06890650889724874 0.04570864767057934
0 0.4016726575674732 0.4162945488476616 0.0867943458553869 0.06379690637700666