0 0.5146109040817756 0.3296356922422464 0.04551248789975162 0.03622134288963732
0 0.7003898436787294 0.23014898129128175 0.020521578258831143 0.036765170950527094
0 0.8003756872592629 0.37097425254582006 0.040861349336070066 0.04228034190105419
0 0.26477803396305416 0.5593563898473382 0.040897710772388504 0.04853034190105419
0 0.34337469087350003 0.750103406653252 0.040770445745273956 0.026655341901054185
0 0.4382781247149173 0.82429959342111 0.037718168617910844 0.03902800790866543
0 0.48672926025353663 0.823929520303136 0.022029536104353653 0.027453837946721647
0 0.4850127450300302 0.7160215198088445 0.026735216822512696 0.030769838935304605
0 0.5120196308632373 0.9093550257403435 0.01730567466803503 0.021012836958138336
0 0.3851445552366847 0.6892905820524036 0.03934430113146821 0.05002917490485963
0 0.334595109393215 0.6473776546760858 0.05499657220870695 0.055353344866803766
0 0.6107667239527915 0.7258342130024931 0.03616475897699054 0.04052684091247087
0 0.5914713024080143 0.8188202090481603 0.02991475897699054 0.04027217292769336
0 0.5329502752806514 0.8039326966908706 0.03775453005422946 0.04527800790866543
0 0.34530535041622457 0.6868858236494465 0.040852258976990366 0.04071784190105419