0 0.7493545845053472 0.13276027117888695 0.04559430113146803 0.049755959092057725
0 0.8226602742986927 0.15755333419015294 0.04406816256778647 0.055960494985435094
0 0.629339982831586 0.6152879631821859 0.07378293364502539 0.06151181301126592
0 0.660893988979906 0.6982512273679509 0.05501475292686635 0.05784124373179385
0 0.5657264138443329 0.8048756489172787 0.06132838544042354 0.06896060015828454
0 0.6624286970218201 0.8373819235278848 0.05653180113146803 0.05007420783841639
0 0.4099576819947055 0.8519144703083217 0.056513620413308985 0.046949207838416385
0 0.41251907973176916 0.9488803985215671 0.039307939695149584 0.04332410266556721
0 0.509286037184508 0.7016537090255508 0.044040891490547726 0.05127299498543501
0 0.47919908226585195 0.6351421589464085 0.04560339149054791 0.05131845909205772
0 0.4074558924725064 0.6103945600417651 0.029914758976990363 0.03992631802583091
0 0.44759910344128667 0.6943891268139548 0.04406816256778665 0.055960494985435004
0 0.4569791695016736 0.5594829294003796 0.07548178903121965 0.08499477711788864