0 0.646974410712917 0.4665693009492145 0.05112739532659738 0.05047484387822045
0 0.6434116931979864 0.38056813395302014 0.04963763050895835 0.053536176882026165
0 0.644681946047778 0.3010079679454089 0.05617857123840277 0.06629084486680367
0 0.3527016531134728 0.6668770711779886 0.07638196846486114 0.06243101581733086
0 0.5808084693178825 0.6753912026223696 0.06053876291777769 0.052419345855386726
0 0.49774270260038256 0.7282031848278725 0.046403527735416714 0.048721342889637496
0 0.5164388044239937 0.760185355284108 0.06373649810013901 0.05567167984777566
0 0.43976654844007007 0.7188162559686802 0.05941267401194459 0.07110567885919253
0 0.3080450761754867 0.7602795612921568 0.05912173328249999 0.058605678859192524
0 0.36049792894902843 0.7670999056646689 0.04146145459715278 0.037592841901054184
0 0.3174207293858687 0.794223479771226 0.05098192496187508 0.044224843878220454
0 0.4646769358828826 0.7830525109115959 0.055705792553055564 0.045978344866803765
0 0.467893508071216 0.8206480114058875 0.04495013050895835 0.05334517589344294
0 0.46322484507718825 0.8548001769192073 0.054361498100139016 0.05528967787060921
0 0.4107180941272577 0.8791979990485979 0.0651898953265972 0.051047846843970034
0 0.41167987566239655 0.8199184995428894 0.06057513050895835 0.05398184585538672
0 0.39977863449611173 0.7780665805695287 0.06235583605604171 0.06342051285158128
0 0.6238558333936813 0.9793565192959625 0.04792966014423623 0.041286961408075126
0 0.22988305537392423 0.7219717949805344 0.09124455547083343 0.09737901878308045
0 0.43955030252413263 0.8101270054743885 0.04941942496187508 0.0441611768820259
0 0.3742526108447576 0.8215154916342241 0.05417966014423623 0.04747717787060921