0 0.5795516873408633 0.09594981847667282 0.047547709341181486 0.06109031930985205
0 0.6465301020050906 0.08267927615412743 0.05039998933799979 0.03787134059717552
0 0.656968162675045 0.10760822033792872 0.06620680267345413 0.05458894703379284
0 0.6660079026893626 0.2136232735562374 0.07559998400699967 0.056807010895763274
0 0.730024949355499 0.2141967099463685 0.06159202800763595 0.06051116510280767
0 0.6615936700349984 0.30386586130342136 0.09315111067790856 0.08925887797604233
0 0.5076874200349983 0.29310368790274044 0.06784202800763595 0.06094820767745457
0 0.6286095420512249 0.42099337714286317 0.06144657733927232 0.048011165102807674
0 0.6666186193904974 0.4673656325907448 0.07381930800445424 0.03794775025210164
0 0.6997856553946336 0.5001288561076412 0.05205339600572696 0.04579310124083733
0 0.7584419453771343 0.375429140888618 0.06784202800763595 0.06094820767745457
0 0.8032277340467706 0.40041806923297746 0.09447725334181775 0.06905563861970414
0 0.8161549953850885 0.43801090438227136 0.08030566534054522 0.058697292826748536
0 0.8508305347310425 0.5333287582209987 0.08030566534054487 0.058697292826748536
0 0.7462981234086329 0.6064224147738315 0.05992044000636341 0.05102690445914604
0 0.7009856234086328 0.6032538561076413 0.050418170671545325 0.039433840597175515
0 0.6805191294159507 0.6556850874182079 0.045948846674090583 0.05785605866619044
0 0.6314367394175415 0.6639621271428632 0.05677725867281787 0.049245883171822415
0 0.5580992367520416 0.6674206268907616 0.08828179734245403 0.07330609604505725
0 0.5196799847230883 0.4516263820865417 0.06791475334181776 0.06719820767745457
0 0.5755941773949517 0.49378638493653326 0.03633748933799978 0.03688799480421991
0 0.617154968730088 0.5099630419935692 0.06918635200509068 0.042307468321116384
0 0.5651203014003606 0.5328653104309011 0.050345445337363515 0.03318384059717552
0 0.6370589360677696 0.543360050039341 0.06473520934118149 0.06229218639013112
0 0.7443799927195884 0.4415786647738315 0.05043635200509069 0.04099634059717552
0 0.799476572724361 0.4805590373019923 0.056759077339272324 0.04768338317182241
0 0.7536555427275426 0.5007733483139711 0.06319089067472686 0.06374542574646931
0 0.841864614735815 0.5678294443590282 0.05992044000636341 0.05102690445914604
0 0.7905202907383604 0.582973843118191 0.05844884667409041 0.05873014381548423