0 0.6178124271423584 0.5747752657153739 0.06279266587924912 0.056318599050060314
0 0.6735316590861912 0.6825744776103044 0.05843254809323426 0.06544793758467105
0 0.7414111290491242 0.6438671817033189 0.06430060217691817 0.05483798620519007
0 0.7458158868536725 0.674622536746273 0.06430060217691817 0.05483798620519007
0 0.7384721236068286 0.7728553188584486 0.045114092558271326 0.041355340343633175
0 0.8095906993748769 0.5965661357963333 0.061284729581580065 0.057799211894930556
0 0.6126437443880683 0.8124390400256335 0.0642460384745874 0.05327548620519025
0 0.6870063381274661 0.8570355670494262 0.04555060217691818 0.05385534034363317
0 0.7135241981089326 0.8372929551090673 0.060267866604888455 0.0733423247398008
0 0.46021317043411847 0.9414194538658718 0.04969246515360979 0.03847600180902226
0 0.5566690189828396 0.9778366918243133 0.07038691106992552 0.04432661635137336
0 0.7898238032810758 0.8264207321328602 0.07011409255827132 0.04266553482570927