0 0.490625 0.20475618328925788 0.0375 0.06446529172311397
0 0.5328125 0.28067023010075465 0.0453125 0.06956222749876276
0 0.58359375 0.27254014755903766 0.0296875 0.06093085594746537
0 0.53046875 0.35891806083344924 0.0390625 0.06454717887824382
0 0.4796875 0.32720439337516616 0.0375 0.05977779172311406
0 0.4515625 0.3833658621675017 0.0359375 0.056570904567984394
0 0.40546875 0.4834377832438294 0.0421875 0.06158595318850324
0 0.3859375 0.2571176226829513 0.0359375 0.0753209045679843
0 0.275 0.24886911069716366 0.034375 0.06430151741285454
0 0.37734375 0.6208492520361648 0.0390625 0.06610967887824373
0 0.4 0.6938806382867835 0.0453125 0.06956222749876276
0 0.3828125 0.7705626469932108 0.0484375 0.09003850180902226