0 0.591574656254531 0.6582098713952675 0.05709547970746058 0.04876475292686635
0 0.6758893806869859 0.7506786516458887 0.05062729139585791 0.036228391490547907
0 0.6844734480574259 0.795936609491411 0.04306025324641087 0.05024543969514959
0 0.71093080804154 0.8465587782075176 0.03988070616851012 0.04710225897699054
0 0.6721313608014834 0.8764689920049683 0.04289661201270878 0.04087043969514994
0 0.7614995982195818 0.7689286818965095 0.04306025324641087 0.05024543969514959
0 0.7220104042259361 0.7488479860530399 0.03686480032431163 0.053334078258831144
0 0.8402479354755243 0.6880099591220686 0.03985343262955965 0.045539758976990544
0 0.8439065438347851 0.5231616639425287 0.04607615909060954 0.04401362041330899
0 0.7683883465947285 0.5532855011783504 0.04928297970746058 0.048719301131468204
0 0.8059059375041191 0.5968127873808997 0.06011138555165942 0.042532933645025396
0 0.7060836209477531 0.9004877541052168 0.05213524431795715 0.033112481849627076