0 0.4305416872621494 0.11752371773989907 0.07716467787060921 0.05661818114108117
0 0.3277641971479812 0.15952281906380664 0.05589717292769345 0.03223461124870504
0 0.377475037071869 0.1930288318840882 0.03647601087441492 0.05316354135632886
0 0.31881762007567466 0.18873728411761853 0.03740184091247105 0.03761131596343472
0 0.3719545489348671 0.24891495884855894 0.06635451186299815 0.059233758891340214
0 0.303013547946284 0.24102537613590122 0.0617943458553869 0.06214043507002263
0 0.22391097977122598 0.30907970926284367 0.05991351087441492 0.054255160462916764
0 0.13015566258475114 0.3811301836222805 0.0709146778706093 0.05632708271265781
0 0.3691027574515549 0.44684303659881797 0.07285917984777565 0.06577485731976367
0 0.4797431215957305 0.5978126852749103 0.08102450692008212 0.03652400496239885
0 0.488334213002493 0.6364214210068868 0.0846588428896375 0.04916955417661058
0 0.48984497486549117 0.6926350337033338 0.09511618182494211 0.07616870181924576
0 0.6992451966908707 0.5690477921803891 0.06935217787060921 0.056254308105551945
0 0.44049357368662756 0.7636345843652876 0.04709517589344294 0.04586046360606986
0 0.38417458950395833 0.835869149295265 0.07853617688202608 0.05200345574818712
0 0.39443826885744243 0.8963892723307942 0.06922484387822045 0.05312930810555194
0 0.4580670287432742 0.9461388693114756 0.06798067885919253 0.0608690334984459
0 0.310294079123835 0.7833027673683954 0.059595175893442945 0.046442660462916764
0 0.38223274612002944 0.788212899295265 0.06673651384016441 0.06860875889134022
0 0.23732481132933786 0.6956892973521849 0.04840300790866543 0.03968323821317572
0 0.2019802189339921 0.651155893299409 0.0696068458553869 0.06250430810555194
0 0.06470305342067247 0.6502204778740935 0.06342051285158128 0.06377570967712849
0 0.13020998969423875 0.7460638248547748 0.048050180836358834 0.06929796360606985
0 0.19141674513144621 0.7746468972283503 0.07579317885919253 0.061232906533975395
0 0.07998449661432099 0.7764747628202816 0.05490767589344294 0.046224336641599174
0 0.058011337526791995 0.8113206437136938 0.05184634288963737 0.04764128742738762
0 0.1008182614430686 0.8476241708019989 0.0756021778706093 0.0565454065339754
0 0.21291901342023495 0.8622025552100677 0.04865767589344294 0.04593323821317554
0 0.2501444407965527 0.9146212338699495 0.04859400889724856 0.0443707382131759
0 0.3081479417851359 0.9220013943328663 0.08267984882113648 0.07714900496239849
0 0.3893143701500367 0.9760092670588094 0.07879084486680377 0.04798146588238126
0 0.43738445562530026 0.984986160772503 0.07365767589344294 0.03002767845499399
0 0.3814555188202614 0.501222321545006 0.06609984387822046 0.052983758891340216
0 0.3040626892764969 0.5155523411897132 0.07942751482874763 0.07387845574818694
0 0.18590027969467626 0.543578833746115 0.04728617688202617 0.050547963606069855
0 0.20760950053147265 0.4065711393704675 0.05691584486680368 0.057234611248705033
0 0.2992557614430686 0.8568665459044429 0.06823534684397004 0.0671190334984459