0 0.54296875 0.28046875 0.0171875 0.028125
0 0.56875 0.3046875 0.01875 0.03046875
0 0.31328125 0.66484375 0.02578125 0.028125
0 0.30546875 0.63046875 0.0171875 0.040625
0 0.359375 0.57265625 0.02890625 0.0484375
0 0.38046875 0.528125 0.02734375 0.02578125
0 0.38671875 0.55 0.0171875 0.03828125
0 0.38984375 0.58203125 0.01171875 0.03046875
0 0.44765625 0.5640625 0.03671875 0.0359375
0 0.440625 0.60390625 0.02578125 0.028125
0 0.425 0.64921875 0.01875 0.053125
0 0.478125 0.56640625 0.04453125 0.040625
0 0.50859375 0.57421875 0.0375 0.040625
0 0.48984375 0.67890625 0.03046875 0.05078125
0 0.4390625 0.75 0.02734375 0.040625
0 0.48828125 0.76015625 0.040625 0.0609375
0 0.55703125 0.6546875 0.03515625 0.05390625
0 0.378125 0.65546875 0.0234375 0.040625
0 0.415625 0.56875 0.03046875 0.040625
0 0.40546875 0.61015625 0.0375 0.0609375
0 0.36875 0.6828125 0.02734375 0.0484375
0 0.47421875 0.63125 0.021875 0.04296875
0 0.52578125 0.646875 0.05078125 0.03828125