0 0.499861144537754 0.6706958577238853 0.08110875889134021 0.0645170179539809
0 0.5678941687305752 0.8233941317279904 0.04862159057054072 0.03777271077238851
0 0.6264365688544096 0.8729401346548566 0.03212329528527036 0.018931807181592576
0 0.6758543719975628 0.8607310261454044 0.07242296360606985 0.04572156615858276
0 0.5402550121965998 0.7498157311622563 0.05865156203449331 0.05188975292686617
0 0.5900538050006707 0.7290174178323439 0.04891268899896399 0.04402271077238851
0 0.7166013424280582 0.7797401013791736 0.07434933664159918 0.05354315651766246
0 0.6795700692686945 0.7225088634794219 0.07583906203449331 0.05198974687674198
0 0.9449733985713941 0.7904832004206559 0.11005320285721183 0.05695904800821019
0 0.8785256077295391 0.8689394776462149 0.12522263192686936 0.0725840480082102
0 0.742626649085868 0.9025145260472087 0.14636988585581073 0.05708631303532456
0 0.7683565492097025 0.951869631433403 0.06439213978475226 0.04098861436318444
0 0.8164130595487847 0.9607406373853312 0.04066354135632864 0.03460225897699019
0 0.8733180310127373 0.9726032704880637 0.08401543507002245 0.05479345902387252
0 0.9639192785337926 0.9523155799091512 0.07216144293241485 0.061519282981095456
0 0.7258607183590715 0.6766969146108901 0.05926799214211727 0.031586343285945874
0 0.7894523374656595 0.7004980289740748 0.08401543507002245 0.059847698672140126
0 0.6380674658778723 0.6363531948615111 0.14495293507002244 0.06020222267624522
0 0.48495742845048484 0.585475975210328 0.06915241439185812 0.04257838544042354
0 0.5078341563245783 0.6238799450579029 0.06417381596343467 0.0363011143631848
0 0.4341055578961549 0.6172026981811608 0.09004711124870504 0.05519656010845857
0 0.3655717276646965 0.5879055627407372 0.11675516046291676 0.058476096212812044
0 0.314569999790603 0.5493379664297293 0.11319351282028159 0.04908291549465282
0 0.2681829973094037 0.5092351411959601 0.06090326674922295 0.033157933645025395
0 0.2369629224546288 0.40908060509160665 0.08557793507002262 0.059856789031219826
0 0.2994757309744654 0.32587319535249043 0.09142982878371626 0.08488406010845857
0 0.4198824303125116 0.37890326746300157 0.09084763192686954 0.07238406010845858
0 0.4892874017764644 0.39336574326250473 0.06424659057054072 0.03786361436318471
0 0.5045998786171005 0.33643903239192036 0.08557793507002262 0.059856789031219736
0 0.5538528618678775 0.30392196906200797 0.08692211124870504 0.05517837939029935
0 0.5745677762597357 0.3462185533709633 0.082851041356329 0.034847698672140125
0 0.5931572644729114 0.3931890021412993 0.097786836641599 0.05367951190385671
0 0.36280198448912204 0.46136124345889645 0.15937930810555184 0.0680965359079618
0 0.40561022270229785 0.5084725927949665 0.10367296360606985 0.045903373340175156
0 0.4987972965236153 0.5137009691602038 0.06995293507002245 0.059765885440423536
0 0.4951607202210984 0.4691606288011242 0.07598461124870504 0.055114746876741984
0 0.7297968935042967 0.5767469115858279 0.10639985731976367 0.07091246369925486
0 0.6795699534718753 0.4374298815315987 0.1014940334984459 0.06619769262201594
0 0.5630010376322753 0.45002935460062743 0.10327485731976367 0.07089428298109546
0 0.5715477458616616 0.5664537853187867 0.09615156203449331 0.05210792154477702
0 0.8891953564911941 0.3769474203664267 0.0986943651776464 0.03962610226293632
0 0.46002997146395275 0.01673506556940761 0.10443494292790553 0.028724963699254775
0 0.42974111972576046 0.2719583758742579 0.11286818114108108 0.0756363251355733
0 0.8179667117440431 0.2562531252850827 0.15163958271265762 0.06961358411256366
0 0.8748117171207266 0.18550935410964803 0.0852140620344933 0.052044289031219736
0 0.7743344898658056 0.392680983794535 0.15163958271265782 0.06961358411256366
0 0.855331932793711 0.4212695921075955 0.09756851282028159 0.04899201190385653
0 0.7402570504525569 0.49948497481754456 0.09077485731976367 0.07082156010845857
0 0.644054138541898 0.4965821677341481 0.08790241439185813 0.04268746974937905
0 0.9946480089937839 0.5510257906815397 0.010703982012432079 0.04082498789975162
0 0.9956550641014079 0.5088519262201592 0.008689871797184168 0.0376818071815924
0 0.49066784946188075 0.10438960167376113 0.08677656203449331 0.052053379390299345
0 0.5564278600058508 0.5101310624461497 0.08706766046291677 0.05830337939029935
0 0.47831986083442024 0.20819585772388532 0.07191354135632899 0.03478406615858276
0 0.7419071718354562 0.16599121876742032 0.05970463978475227 0.040961343285945875
0 0.37280826137253953 0.10604702956324999 0.06849744292790545 0.02851588544042354
0 0.5782106989237615 0.20643389070498083 0.05926799214211727 0.031586343285945874
0 0.6363721093866782 0.2645690984523073 0.05934076674922295 0.033148843285945875
0 0.6133369079817174 0.02153217075921015 0.07958049214211727 0.03170451795398089
0 0.9656528868892682 0.3422956852953455 0.0686942262214636 0.06766928903121974
0 0.9698160020669147 0.4071530708339649 0.06036799586617079 0.041079517953980904
0 0.6953746201400451 0.12276339353365122 0.06915241439185812 0.04257838544042354
0 0.5766395827126577 0.0720861617822197 0.08663101282028159 0.04892837939029935