0 0.53828125 0.34389029174146774 0.053125 0.05215236188449897
0 0.75546875 0.36064002121044886 0.08125 0.06974405347041017
0 0.83125 0.40500166242804303 0.0625 0.049682925746469486
0 0.88515625 0.4822086546343729 0.0609375 0.058948665102807676
0 0.96328125 0.5853279368174598 0.0734375 0.04732275025210164
0 0.9140625 0.5123549765421149 0.0546875 0.0506991225281606
0 0.77578125 0.6644041595780514 0.053125 0.06152736188449896
0 0.70546875 0.6774561806132734 0.071875 0.058150989608439826
0 0.78515625 0.7095909734400219 0.078125 0.06952553218308673
0 0.83125 0.718282912428043 0.0546875 0.05069912252816078
0 0.88515625 0.7243961546343729 0.078125 0.06640053218308672
0 0.34375 0.7920060916055818 0.0640625 0.06385468639013112
0 0.66484375 0.8074279038780683 0.078125 0.050775532183086725
0 0.65 0.8587336777632817 0.05 0.04880884059717552
0 0.7078125 0.859651321578766 0.0640625 0.05916718639013112
0 0.7375 0.8125085238083389 0.0765625 0.06316627153942492
0 0.82265625 0.8879944788879033 0.0671875 0.06251070767745474
0 0.853125 0.7807500614393073 0.04375 0.048371798022528625
0 0.68828125 0.9839914958126261 0.0578125 0.032017008374747746
0 0.596875 0.961268815878783 0.075 0.06149451089576345
0 0.52421875 0.9987317029858775 0.0484375 0.0025365940282448206
0 0.46484375 0.983991859790812 0.0578125 0.03201628041837594
0 0.66171875 0.9985429917897403 0.04375 0.002914016420519516