0 0.4901446996938013 0.9416205946053665 0.061603344866803765 0.05537839067472703
0 0.5251417822033153 0.9373052646005939 0.0347225098858317 0.04725680800445424
0 0.6543199462337601 0.923296213916322 0.057106845855386903 0.06001134667409076
0 0.6991841186671619 0.9501308865770495 0.053599843878220456 0.05059998400699968
0 0.7714583666899957 0.9399104545671865 0.05516234387822046 0.05061816534054486
0 0.9185840815952929 0.7717133432129601 0.0707236768820259 0.04923747867599957
0 0.958276639884519 0.6524451752069149 0.06986151384016423 0.06640679734245403
0 0.9731350469577007 0.4669343892027788 0.05372990608459851 0.06640679734245403
0 0.925259845929749 0.8396366398790965 0.0659725098858317 0.047620434675363296
0 0.37483946840251947 0.24106715861713862 0.07136034684397004 0.06486247867599956
0 0.4526169585166877 0.19326491060632095 0.045150673916276675 0.03488407733927246