0 0.5407886579898827 0.2637851991623286 0.06495536660488846 0.07285917984777565
0 0.6476016531805594 0.2743963884016444 0.06333830290255768 0.07123301285158128
0 0.5720088869384906 0.333122789580508 0.06339286660488845 0.07279551285158128
0 0.5959349710592414 0.3872982950177155 0.05999504809323426 0.06485567885919252
0 0.6758183893007432 0.49695447931411546 0.04727679328391084 0.05809634288963732
0 0.11682782441728605 0.39594119418223167 0.03902778366526398 0.04527800790866534
0 0.04529009719795879 0.6073933473382617 0.04582342068857252 0.06115767589344294
0 0.0379736158022803 0.7048904298477756 0.061339293283910815 0.0586693458553869
0 0.06156737242570226 0.6565630177944971 0.04533234736759482 0.04709517589344294
0 0.09336052024878402 0.7094943582126765 0.05196429328391081 0.05828734387822045
0 0.1335589343139346 0.7009616166156335 0.04754961179556512 0.06590884288963732
0 0.13379952569107964 0.5820524491251475 0.04059028366526398 0.04534167490485981
0 0.21708819692780632 0.7286183844101307 0.037465283665263985 0.045214340912470875
0 0.1733456314113769 0.7714306255128821 0.056979175497895974 0.06785334486680358
0 0.3525023964723194 0.6371232455885567 0.045877984390903404 0.06272017589344295
0 0.2815698483790851 0.6968218977560034 0.0504563569862416 0.059786176882026254
0 0.2498064716073956 0.5758263068435325 0.046150802902557686 0.07053267589344295
0 0.37326381897499045 0.5354798325466951 0.04426092068857255 0.061094008897248565
0 0.28409468077055555 0.46769281326932316 0.06846231252120454 0.08392401384016442