0 0.4809026034610744 0.47463166140195134 0.07259869629109836 0.07423747867599957
0 0.34360399932263147 0.45427261338317954 0.0676655348257091 0.0694954346753633
0 0.3834798060837509 0.2303811273869975 0.06602114767057934 0.06791475334181776
0 0.365077286861874 0.3130299953850885 0.0629780348257091 0.06944089067472685
0 0.4946574869981596 0.5701623374044967 0.049167840343633175 0.04429544000636341
0 0.5774013879480993 0.6320998107494962 0.08567855042954128 0.05565111067790855
0 0.39206143148023564 0.5439532787237246 0.056646147670579336 0.06780566534054522
0 0.5940787121220732 0.37354242341658705 0.0494953889641522 0.05054544000636332
0 0.810591182723431 0.29945258477876757 0.0514673247398008 0.05837612133990877
0 0.6097767124607575 0.14858787675045068 0.09175813206674696 0.08226815467854491
0 0.7407124519453079 0.21577647143535894 0.08032930913596843 0.07276588534372683