0 0.22722292158969454 0.5274915746740408 0.05641686597668398 0.06496252678536116
0 0.11988217303958706 0.42887106818121906 0.044768970955705846 0.05539661201270896
0 0.05230450934727695 0.45343864569792897 0.04114706348717305 0.06937729139585791
0 0.06449777864330883 0.5113875133926806 0.05606166846619491 0.06027502678536116
0 0.23770124814912216 0.6657728246740409 0.06219326929603186 0.05882162094116268
0 0.2266793925454004 0.5820972540571898 0.045124168466194894 0.06008411201270878
0 0.4639472072819733 0.8405894127407623 0.06856166846619498 0.060493215096963836
0 0.480556212055858 0.9259229407439395 0.0689168659766839 0.06518071509696384
0 0.41675382118406484 0.9076444991859258 0.05281826929603177 0.05865797970746058
0 0.42046989441950017 0.8640172301112024 0.06688076929603178 0.058903441558013726
0 0.22913357678314222 0.7998205422066367 0.07495337842423862 0.04187958279171564
0 0.2892432052073809 0.8414410263783243 0.08091995850815117 0.07943412986961604