0 0.25480272808590276 0.22621779273575662 0.05882162094116259 0.059831356986241604
0 0.3865806079555191 0.15577386188038309 0.07798072402541764 0.08392362141421197
0 0.15740380235620174 0.3424206568935745 0.07795345048646736 0.08236112141421188
0 0.2763583538983293 0.3348487482707195 0.06191934740221221 0.05837798439090332
0 0.5029485328777364 0.6546702080668515 0.049310253246410876 0.05169147477225664
0 0.4091655308491416 0.742857199629331 0.06795115909060953 0.04609623920022674
0 0.3070285121814552 0.9065799045313216 0.07118525324641087 0.05245536660488881
0 0.1645291408332555 0.7851265120657176 0.047747753246410875 0.0516369110699257
0 0.23095693588256133 0.8757812831171098 0.044595479707460584 0.04996528366526398
0 0.15913252882054668 0.825587820958725 0.0569045649348082 0.03946429328391084
0 0.18734330357731302 0.8664409994518458 0.030178423701106107 0.029161710344286006
0 0.03409980580613116 0.7774181610699257 0.06819961161226232 0.05865080290255768