0 0.3621364689339921 0.6371049391256769 0.05771434091247105 0.03691934740221221
0 0.26958687159573047 0.5722669176153214 0.06083934091247105 0.03697389448011297
0 0.25069229155767436 0.5882328368522007 0.07097834486680377 0.055887535713814884
0 0.21853104897204817 0.6239754679396331 0.09298067885919252 0.059394365259119654
0 0.1850062831547174 0.5495073019491648 0.08740184091247101 0.0374375446422686
0 0.16757604402913234 0.601410721186044 0.06115767589344294 0.04478639448011279
0 0.13054161764139777 0.5559306258124266 0.07190417490485981 0.04028980925276535
0 0.08894170805957717 0.590274398133561 0.06185801285158128 0.06197389448011279
0 0.15695156182362946 0.6860311830365969 0.0789818458553869 0.06071140340856651
0 0.1540122456257378 0.7673902771923983 0.09228034190105419 0.04220686525911965
0 0.2166104047132668 0.7303345620954345 0.06696200692008221 0.0339579886359143
0 0.2337634126219322 0.767561826705931 0.039728344866803676 0.0553420649348082
0 0.20059542695638824 0.8361578681017889 0.054462006920082205 0.03373980032431163
0 0.2782455830781677 0.7847669176153215 0.07030718281352524 0.07773526217486477
0 0.6919977934976597 0.19431782670922626 0.11150518577927464 0.09250687418757346
0 0.7443853058549494 0.25203882346281536 0.10806185079830274 0.0846398271096728
0 0.34019248475132285 0.7125413157488824 0.038900673916276676 0.03502956493480802
0 0.16439535281265014 0.48497719764709357 0.05184634288963737 0.04618525324641087
0 0.32590319718516225 0.5345390466741589 0.04527800790866543 0.03826365909060954
0 0.09360800893442962 0.4361772333609085 0.04371550790866539 0.03823638555165907
0 0.22906398376273973 0.7097902370143565 0.04990184091247105 0.036782979707460584