0 0.6211416327971382 0.674857315189344 0.05222627344521662 0.05140938730530316
0 0.7555534442097187 0.743762776392973 0.05272318091374952 0.03739235141192587
0 0.8294985844568121 0.6656628569552161 0.04756208423309758 0.031005959092057722
0 0.8423071603915396 0.7107025723154801 0.052344672615380006 0.05297188730530315
0 0.822239423664287 0.4975349825820368 0.03974958423309758 0.030778638558944492
0 0.8753411128764064 0.5163471670634883 0.05992037427505394 0.05007420783841639
0 0.8157185817575197 0.5768049454350181 0.0533151767645645 0.04520485141192587
0 0.6355369421351262 0.7511697626029192 0.024361382573423462 0.03344899749271768
0 0.7041191535430625 0.6332942893250966 0.06676237012586875 0.05806856426490725
0 0.36796078506757884 0.20617682600989676 0.06555506763635784 0.06271060015828453
0 0.3543136047785292 0.2637309132360576 0.05319677759440165 0.04364235141192587