0 0.4648947483784422 0.28475693235641464 0.022447744317957152 0.03370383794672147
0 0.46331465746905176 0.24091143186212305 0.023928423701106104 0.02908000494291585
0 0.42357031899529324 0.27838225695726326 0.03511138555165907 0.043588173916276673
0 0.41884586282678304 0.3250980894667773 0.05040910308425506 0.025474843878220542
0 0.3820822483784422 0.28138258155811186 0.03349433847375849 0.0403995069200823
0 0.36580663758354937 0.3628089950942652 0.02724433847375849 0.04014483893530461
0 0.3394759626646272 0.34844540615896047 0.028561376623205438 0.026146005931498982
0 0.3466611712687694 0.3847012411399325 0.032013659090609534 0.04502333992388792
0 0.3385389797107558 0.4469147396570577 0.04475912094116259 0.059595175893442945
0 0.3388605336885154 0.518072156653252 0.028888659090609538 0.04489600593149916
0 0.36804347321793407 0.5481880795809456 0.03204093262955983 0.046585839923887915
0 0.36111163474417557 0.5869959115961679 0.02875229139585782 0.03708350593149916
0 0.3800389127473528 0.5776036655505006 0.028997753246410872 0.051146005931499164
0 0.40995823782843066 0.5655320884781941 0.035165932629559825 0.046713173916276676
0 0.40229001380301294 0.6465274204934166 0.04465002678536116 0.05334517589344294
0 0.38283090179030416 0.6863884165390839 0.02754434740221221 0.05733233893530461
0 0.40957067979348133 0.6773145054743885 0.028943206168510115 0.04802100593149916
0 0.43278208320204803 0.60164334342111 0.04004434740221221 0.05784167490485981
0 0.45424007183796233 0.5368460143716371 0.030232970779006864 0.03245967292769336
0 0.45505254951682794 0.5798784313678315 0.025490923701106106 0.029143671939110227
0 0.506465045052601 0.5905731922422464 0.022529564934808198 0.03839133794672147
0 0.5261735730557783 0.5812127796946763 0.030232970779006864 0.03245967292769336
0 0.4705490901019068 0.6774537683259698 0.030478432629560005 0.04652217292769336
0 0.4957672784135096 0.6659724402650801 0.014526150162155815 0.02713550296574958
0 0.5068860105566021 0.700824942736538 0.01913182954530477 0.022639003954332715
0 0.4434547560923752 0.7068401793906651 0.042951159090609536 0.045469008897248565
0 0.48305304424182227 0.7225261877936221 0.036646612012708954 0.04208934091247105
0 0.36725076623864494 0.727971080075237 0.030423885551659157 0.043397172927693364
0 0.3679907004897626 0.41684257908665395 0.0175147824674041 0.019450336958138338
0 0.3638253518697344 0.4315271615961679 0.014335235389503431 0.01619800296574958
0 0.3667185267886565 0.44493574558855675 0.01587046185055314 0.014699169961943958
0 0.36571908847705376 0.45740391209045955 0.01751478246740401 0.019450336958138338
0 0.38676619967898374 0.5505145835352783 0.01754205600635448 0.021012836958138336
0 0.44220194765038884 0.6442446788963736 0.019077282467404012 0.019514003954332716
0 0.4471349095009419 0.6303731798849567 0.017569329545304768 0.022575336958138337
0 0.4715815304421044 0.5735156848278725 0.023955697240056396 0.03064250494291585
0 0.3643087727314668 0.6277800790866539 0.020803423701106105 0.028952670950527094
0 0.37469684781254464 0.6149126645619175 0.023873876623205437 0.02595500494291585
0 0.3957769610430694 0.6165534190105417 0.01754205600635448 0.021012836958138336
0 0.4045888993546722 0.604403587489611 0.02406479139585791 0.03689250494291585
0 0.4167888904262185 0.622100423459166 0.01913182954530477 0.022639003954332715
0 0.4242195608809137 0.644293758440138 0.017569329545304768 0.022575336958138337
0 0.5096428177807726 0.7220460267289267 0.017514782467404188 0.019450336958138338
0 0.49149283563768 0.686907022774594 0.01913182954530477 0.022639003954332538
0 0.5113240945661337 0.670515360227024 0.020721603084255236 0.024265170950527094
0 0.33388270738962145 0.48972432216657175 0.01913182954530477 0.022639003954332715
0 0.4378510073068959 0.26645525992301283 0.023901150162155816 0.027517504942915848
0 0.5114970129889388 0.3022919422422464 0.02231137662320535 0.025891337946721472
0 0.5253685982162863 0.3138024452079959 0.019159103084255235 0.024201503954332716
0 0.5233521306836905 0.2949569447137043 0.01913182954530477 0.022639003954332715
0 0.5044560803593789 0.3473497742574688 0.022393197240056395 0.03057883794672147
0 0.4810867642067548 0.34248851931455293 0.022393197240056395 0.03057883794672147
0 0.49795666436891056 0.3165945227745941 0.016088650162155816 0.027199169961943957
0 0.5064822305215347 0.3208509412536632 0.020721603084255236 0.024265170950527094
0 0.5398621517903042 0.6927869496566202 0.014498876623205348 0.025573002965749582
0 0.5475382840955525 0.7009177846375921 0.017678423701106106 0.028825336958138336
0 0.34437237378712693 0.6949848251323212 0.017569329545304768 0.022575336958138337
0 0.40203268953271404 0.526900669999125 0.02225682954530477 0.02276633794672147
0 0.4389599452147568 0.5612411779077904 0.020748876623205348 0.02582767095052709
0 0.44815193872193504 0.6616868468811511 0.023982970779006862 0.03220500494291585
0 0.4879684151829847 0.6648728552841081 0.019240923701106104 0.028889003954332713
0 0.42673090625453103 0.6795773424325268 0.023955697240056396 0.03064250494291585