0 0.5462570188393745 0.4165416293928527 0.08689232622365459 0.10018568380210838
0 0.4621095319935541 0.41607339718734987 0.0917772472985769 0.07700285178688589
0 0.4139604583301482 0.43985840707318163 0.04915013154179633 0.0409725098858317
0 0.49180400824544357 0.3478353917501424 0.05182010523343692 0.03328734387822054
0 0.49861472134315343 0.2844268077577536 0.04969616311182747 0.0503475098858317
0 0.5383359159544248 0.15109038433576857 0.07606124203690498 0.07480368182494201
0 0.5953594606786355 0.1355171224727705 0.04969616311182747 0.05034750988583174
0 0.5852263265060034 0.17567920745374246 0.07442314732681173 0.04667868182494202
0 0.704022558160739 0.2503370147543855 0.056310184158514784 0.0568521778706093
0 0.685255689561361 0.06404668768207897 0.08074874203690499 0.07499468281352517
0 0.1353019212160966 0.1659539693539216 0.0783671946818584 0.06086851581733077
0 0.13870837130080121 0.2546663008748524 0.08074874203690507 0.07499468281352524
0 0.10422768451145056 0.3114083907987403 0.08525423151356133 0.07206068380210837
0 0.21477950568519488 0.43394528258606363 0.0563101841585147 0.05685217787060921
0 0.2589236188111396 0.39863252368881513 0.053928636803468065 0.042726010874414924
0 0.32345655567107745 0.41470850984865065 0.07864021046687393 0.06555601581733086
0 0.30598135835838314 0.47387526281440023 0.09628273677523325 0.0740688527754692
0 0.13837038217708075 0.6217755464262281 0.08994173151356137 0.07225168479069151
0 0.14348427445398218 0.8016076264642843 0.06072466837349917 0.052355678859192525
0 0.1575537507058717 0.7340062909890207 0.10260833148532651 0.10238485376405215
0 0.1513885087395538 0.8800045404947291 0.09206567363517104 0.05519151878308008
0 0.2260846718513811 0.828638358669787 0.09655575256024881 0.07875635277546919
0 0.22523626144097691 0.9502586906850095 0.09508425782192056 0.080255185779275
0 0.2381072587395538 0.8764710222059403 0.08783319994353027 0.06281301779449748
0 0.29938639298277314 0.9082675088600676 0.08994173151356133 0.07225168479069169
0 0.3519422455853742 0.8757295814837498 0.0855272472985769 0.07674818380210838
0 0.3893978870152296 0.16573249897423578 0.14129139988706055 0.12422536167271767
0 0.43226865550166826 0.23257248908840406 0.0988617052052021 0.06482118676785786
0 0.38611472134315356 0.2890108314837498 0.1320984104104042 0.1269683596955513
0 0.02609388569981162 0.40631632558943187 0.05218777139962324 0.0889298488211363
0 0.10151293721287366 0.3847822238025459 0.10574874203690507 0.07601335475263546
0 0.14932881093274927 0.42024487992432535 0.0896687157285458 0.06756418479069151
0 0.14172914255925012 0.47043588091290844 0.10125866311182734 0.05244852076024671
0 0.1606541768307043 0.5335752094680899 0.10335178413027987 0.08838602076024671
0 0.25551935579813434 0.5507534392021347 0.06790013154179624 0.04173651384016441
0 0.3001570216113848 0.5738752628144003 0.04242969468185844 0.05940417490485981
0 0.2836072874669875 0.6439158487839554 0.0917772472985769 0.07700285178688589
0 0.30275983489262126 0.7031489273391367 0.09655575256024881 0.07875635277546919
0 0.22999019282748137 0.7482014421678842 0.0804757262518895 0.07030718281352506
0 0.3011070586548492 0.785052843346748 0.0855272472985769 0.07674818380210838
0 0.40426839796209635 0.6062646570731817 0.11705026308359248 0.08270902372599628
0 0.4508479953736127 0.6495716466930583 0.11915879465362345 0.09214769072219049
0 0.5122474979338614 0.572247801331963 0.06045165258848364 0.04766817885919252
0 0.3886140349067387 0.714459159050348 0.09444722099021767 0.06931768577927463
0 0.4028970718090288 0.7770082385941125 0.07836719468185845 0.06086851581733086
0 0.4657155902248803 0.7689928087463368 0.056310184158514784 0.05685217787060921
0 0.48688566395887334 0.8203497203053237 0.0676117052052021 0.06354784684397004
0 0.5101705164908872 0.7149618833471854 0.08341871572854576 0.06730951680591382
0 0.5534809007341066 0.747490540457548 0.08783319994353019 0.06281301779449713
0 0.6514773269295263 0.6172353546782734 0.0762586631118273 0.051429848821136305
0 0.6427555033367076 0.7134564386706621 0.10336719468185844 0.06188718775644109
0 0.6947737586689666 0.7838206768076641 0.12173776308359248 0.08290002471457943