0 0.7486182654198981 0.20256818858918849 0.0361102168225127 0.03136131596343468
0 0.3773240066392994 0.3885657704732767 0.05029998184962743 0.05389128742738745
0 0.43287456987101597 0.37191977192101866 0.042460210772388506 0.04883991439185813
0 0.47722401268942355 0.4010956956185018 0.04405907220870695 0.055162688998963996
0 0.2938110281093217 0.6470739373463342 0.03618293969514967 0.04386131596343468
0 0.38043887451852554 0.658659946651959 0.047029536104353474 0.02874573821317572
0 0.3521866094914109 0.6818448895798646 0.03152271077238851 0.048330492142117085
0 0.3918985492847564 0.7026453870986652 0.04716589149054782 0.05218323821317572
0 0.43892808538910993 0.6738996488854895 0.026735216822512696 0.030924668320799497
0 0.47472923000291567 0.6956633329220547 0.01428975897699054 0.03971747146395277
0 0.5708411607210749 0.6880626945850444 0.03153180113146803 0.049892992142117266
0 0.6115752450300302 0.6674205548002922 0.05029998184962743 0.05389128742738745
0 0.6174434499486864 0.7327544563718688 0.05039997579950324 0.07107878742738745