0 0.5003797115579556 0.4484415765119139 0.03942611436318479 0.0643193651776464
0 0.5950114763886785 0.29251260008556246 0.044031801131468026 0.05047518899896399
0 0.5024790636245 0.22184268920836098 0.041079517953980904 0.08001713978475226
0 0.5615904432111911 0.26438975413833843 0.06456246974937904 0.08892125889134021
0 0.5296177596643614 0.3900639962804555 0.05526019262201594 0.10098461124870503
0 0.5969643409482549 0.3595909381749037 0.031495439695149584 0.04364299214211709
0 0.6048808591968233 0.4755969278358215 0.04742042154477701 0.09593323821317572
0 0.3656921359314029 0.2399292173301235 0.04727497579950315 0.07093323821317572
0 0.38787568725926275 0.3201239855270886 0.04104315651766246 0.07376713978475227
0 0.6206962358566481 0.5763952944612101 0.03009656615858276 0.07169521753501122
0 0.5976672811343838 0.641513026264245 0.034820427594901206 0.078163541356329
0 0.5685610432346323 0.6772343564957033 0.04105224687674216 0.07532963978475227
0 0.5310610432346322 0.6789809470662439 0.052135192622015936 0.1008390620344933
0 0.5796071066627405 0.7923135469424094 0.05397040339440444 0.14778683664159917
0 0.6558565101553409 0.7083152284977753 0.040879530054229285 0.04564213978475227
0 0.6530633082617469 0.651429527711987 0.03790906615858276 0.07205909057054054
0 0.6264821066627405 0.7901303087292335 0.03779998184962743 0.053309090570540715
0 0.6608480163036609 0.7900917673729048 0.06300906010845857 0.09041098428423418
0 0.689018468099059 0.7809693244449993 0.04258747579950324 0.07071491439185813
0 0.7149997059988106 0.7453935434277527 0.050454517953980905 0.08045378742738744
0 0.666570775477043 0.8804256689444813 0.06308178298109546 0.10291098428423454
0 0.6398673749113091 0.9058815872652808 0.05822156615858276 0.07300516046291676
0 0.4909370547457055 0.326258361458102 0.03942611436318479 0.0643193651776464
0 0.554649055040293 0.517769465263209 0.05049087939029935 0.08670378742738727
0 0.540086585290914 0.6043619367271617 0.028415891490547907 0.05130994292790536
0 0.5658132931364364 0.6125361557099149 0.036228391490547726 0.05167381596343468
0 0.6121019649758009 0.7111341674967393 0.03618293969514959 0.04386131596343468
0 0.678154211852543 0.6346401339982932 0.028388620413308984 0.04662244292790554
0 0.5283395224519809 0.8782724716733498 0.031504530054229284 0.04520549214211726
0 0.49433774805509245 0.6814724003332315 0.03152271077238851 0.048330492142117085
0 0.501709886520578 0.6225511646012551 0.03932612041330898 0.047131865177646406
0 0.6233985341594459 0.6489059952469983 0.034747704722264315 0.06566354135632899
0 0.37313245208998563 0.16928923159814716 0.026853391490547728 0.05123716832079959
0 0.6761104437021703 0.583186795908952 0.034665891490547905 0.051601041356328994
0 0.7162581998504904 0.6633259061241997 0.05050906010845857 0.08982878742738745
0 0.5448938226014904 0.18081527481650284 0.02999657220870695 0.05450771753501131
0 0.5074170693800366 0.044317002690596345 0.04566702400410509 0.06304796360606987
0 0.4494086057789778 0.21494202584996014 0.028370439695149584 0.04349744292790545
0 0.5987076063681529 0.5969453889606919 0.02678975897699054 0.040299668320799495
0 0.7000372604499285 0.9007360148917055 0.023682939695149584 0.043279119106588125
0 0.6959446580887962 0.93294920140947 0.023601126463433174 0.029216619106587773
0 0.699579759958949 0.5766264268023642 0.029951120413308985 0.04669521753501123
0 0.47574891286237425 0.11764749483271349 0.025245439695149585 0.043351893713693725
0 0.48875745208998567 0.1639039106723137 0.033067030054229285 0.04527826674922304
0 0.5736843595896067 0.7363546453708327 0.03619203005422929 0.04542381596343468
0 0.616985949457707 0.40864486828252755 0.03779998184962743 0.05330909057054054
0 0.5958012958669109 0.4252523254784566 0.03467498184962743 0.053163541356328815
0 0.5564347897185907 0.345076827959656 0.025245439695149585 0.043351893713693725
0 0.4260034429166035 0.07622628226010093 0.026807939695149587 0.04342466832079959
0 0.4132807291191529 0.11508972911694779 0.033085210772388504 0.048403266749222996
0 0.44465240720503346 0.3612177123677248 0.02521816861791084 0.03866439371369372
0 0.42736088895646496 0.24564837034944215 0.033076120413308985 0.04684076674922295
0 0.5101450761175319 0.5151560415657259 0.040961343285945875 0.05970463978475227
0 0.6016457331261736 0.7631697024429274 0.02837043969514976 0.04349744292790554
0 0.49809452801112586 0.5727331011190199 0.01894998789975162 0.03524829528527036
0 0.6295445159108775 0.5322450341221276 0.02678975897699054 0.040299668320799495
0 0.5910678231906656 0.5676217619962213 0.028352258976990542 0.04037244292790554
0 0.5222006902843248 0.3224591193159848 0.03621021077238851 0.048548815963434674
0 0.39138300322145386 0.12001482361642979 0.028397710772388507 0.04818494292790545
0 0.5644553262157277 0.5774526803170208 0.033048849336070066 0.04215326674922295
0 0.6030092869881163 0.5287947024429274 0.028370439695149584 0.04349744292790554