0 0.7490904332079957 0.2097997912681342 0.06326628742738745 0.054617567636357923
0 0.3695786391610706 0.7136658780000313 0.03924659057054054 0.04034158008391255
0 0.4075709447854231 0.7382272475012004 0.05865156203449331 0.055824870125868745
0 0.33025927398342414 0.6774449580839439 0.04327911910658786 0.026634277594401644
0 0.2830610963569996 0.7413899815291607 0.07231595574818703 0.08177206348717299
0 0.3570465599630695 0.7812561197016616 0.06777400496239876 0.08454186597668407
0 0.40492328783716297 0.8160445941818523 0.054473484284234354 0.06640717261538001
0 0.46102558457017534 0.7749450748858205 0.061014582712657806 0.07313076929603177
0 0.2997092489620335 0.8295052881678565 0.06065070967712849 0.06531826929603177
0 0.35352991583509097 0.9077477647226398 0.05374573821317572 0.050782172615380004
0 0.6041870413518197 0.9365785466667189 0.06602741439185814 0.047041865976683896