0 0.7235318363940625 0.44678562061160376 0.0447356473268119 0.045223219962933214
0 0.7142926152626705 0.5300891939325814 0.032053636803468066 0.04166171034428636
0 0.8209157996329468 0.3580554481089327 0.0504242052052021 0.0625744110699257
0 0.5985710917969087 0.3039756164352525 0.056856215728545934 0.06591766587924912
0 0.36408269973176877 0.26989082623138455 0.04648015785015547 0.04840278366526398
0 0.3803909682182074 0.20043149810108343 0.058327710466873926 0.0644097295815799
0 0.30580819717151997 0.1967732739617991 0.05418624203690507 0.07362103847458741
0 0.2216452997741211 0.23024302758999618 0.0488617052052021 0.06251984736759483
0 0.24124443920842506 0.27104907686435675 0.036741136803468064 0.041825401451278846
0 0.21847406811938538 0.31020334610165046 0.0426117052052021 0.06230159255827141
0 0.23299857067963411 0.3848486820364999 0.05298776308359247 0.07981647477225655
0 0.7497596784027326 0.5476387924813026 0.05280575256024882 0.07669147477225646