0 0.6513313417263216 0.4276928920565547 0.06661064732681173 0.04673375889134022
0 0.3720372258283665 0.5284376389561828 0.06973564732681173 0.046879308105551944
0 0.5692090864646497 0.4223097251834972 0.06790013154179633 0.042119033498446076
0 0.5403714549228533 0.38201005686269757 0.05474768415851479 0.05708906203449331
0 0.5007405365493542 0.3302998535957099 0.04638915258848364 0.047350188998963996
0 0.4235564102692299 0.2893066724546288 0.06145271046687384 0.06519266046291676
0 0.4761739050781452 0.21618169561399259 0.06457771046687384 0.0653382096771284
0 0.4008931840173403 0.22124587716935848 0.054474668373499215 0.05240156203449331
0 0.33287966041040423 0.13704850558157128 0.06523015785015547 0.04978598428423431
0 0.22787291297065299 0.20695428308416125 0.07680469468185844 0.061232906533975305
0 0.3205077340032229 0.2323053475998539 0.06348564732681172 0.0465882096771284
0 0.35146160239083957 0.2688079278313123 0.058798147326811726 0.0463698858558109
0 0.16570611291418325 0.2632727495857152 0.0696446420651399 0.04531680810555185
0 0.21549328128768241 0.315455987798891 0.06595819994353028 0.062285984284234354
0 0.5158103416557344 0.4953983147205804 0.07295165258848364 0.04858735731976367
0 0.5360010152909054 0.5477613353987449 0.06237817363517095 0.05432793507002245
0 0.6147637811465081 0.4820871395753553 0.07662268415851478 0.05810790653397539
0 0.6094084232116479 0.5239107665398259 0.08196263154179632 0.042774004962398846
0 0.6166062731834131 0.5538529776646965 0.06192314732681172 0.04651543507002245
0 0.7707407653614925 0.4846771002859411 0.08654371572854576 0.06791955417661058
0 0.7327163915710297 0.5943217739834241 0.07680469468185844 0.061232906533975395
0 0.6281877862670056 0.6323054633966729 0.0722992052052021 0.06413958271265781
0 0.5849082231269433 0.6115905490048148 0.06871917889684287 0.0561815334984459
0 0.6164004178088017 0.6707129919327202 0.09739021046687384 0.06686647642635143
0 0.5465198282897932 0.7149852227022978 0.09915013154179633 0.04357452564056317
0 0.4790222441736308 0.6128918757216164 0.07211719468185844 0.061014582712657625
0 0.47064903107592093 0.5493923019002989 0.0700086631118273 0.05156680810555194
0 0.3611221126318346 0.568444054795783 0.04115562101845249 0.037756865177646405
0 0.4231516757718968 0.5900322644729113 0.05898015785015538 0.04949488585581072
0 0.3565402994211852 0.6235489317602537 0.08746917889684287 0.05705482878371626
0 0.338775946747997 0.6663528618678776 0.07019067363517104 0.054691808105551944
0 0.3867430098880592 0.6872861000810533 0.058980157850155465 0.04949488585581072
0 0.43989112571542693 0.6500258486333113 0.06210515785015538 0.04964043507002262
0 0.4500774677946843 0.6777698589723935 0.07295165258848364 0.04858735731976367
0 0.4725362967197621 0.7021898161683225 0.05981461575678075 0.03706766046291676
0 0.4037708861681836 0.7254774588485589 0.07019067363517095 0.054691808105551944
0 0.442673762448308 0.7646876621155465 0.0762586631118273 0.051857906533975394
0 0.5151780940042217 0.792217656738863 0.08617969468185845 0.061669554176610575
0 0.44724714135926824 0.8030780740262055 0.09077618942018653 0.06032537799792799
0 0.4467157913169159 0.8474637748119935 0.09528167889684287 0.057418701819245396
0 0.37330911242007303 0.79106391749223 0.06982665258848364 0.048441808105551945
0 0.3666642702702285 0.8375022698495951 0.08314569994353035 0.0630865049623985
0 0.5793169177382147 0.743003214844415 0.08314569994353035 0.06308650496239884
0 0.4493886811041558 0.5187951193114756 0.05191111049510884 0.035141287427387445
0 0.30362813104768605 0.5712201443328663 0.04987817363517104 0.05374573821317572
0 0.30190454928001087 0.7690390601724665 0.044280621018452496 0.03790241439185813
0 0.35528017826155833 0.7356850587247244 0.03655912628012441 0.03910104135632899
0 0.27650970713016637 0.814604117244561 0.037848610495108834 0.034486315963434676
0 0.31322845713016634 0.8163143205115487 0.040973610495108836 0.0346318651776464
0 0.7336257151638484 0.6901972001621066 0.04584312101845249 0.037975188998963995
0 0.6139873203266983 0.7898075942900851 0.04400760523343692 0.03321491439185813
0 0.5327079572713407 0.6785019131490039 0.05062162628012441 0.039756012820281586
0 0.27451456762527515 0.8472346807267964 0.04584312101845249 0.03797518899896417
0 0.7590821995200072 0.5386732415184354 0.04749662628012441 0.03961046360606986
0 0.35175190181202476 0.8757642491714306 0.05071263154179624 0.04131851282028158
0 0.4992206230845911 0.6520100337033338 0.04584312101845249 0.03797518899896417