0 0.2394502595669114 0.21863861756703568 0.049528638558944314 0.03947367688202617
0 0.22211800705962897 0.24124578802327115 0.04488660266556703 0.04084517589344294
0 0.1974673480467135 0.22738887646428424 0.043187710345698974 0.036094008897248564
0 0.5824501018076372 0.17885062840426952 0.048284387305303156 0.05034750988583174
0 0.6581524469513569 0.2805776130812303 0.06574467194503927 0.060422846843970035
0 0.6666889903000746 0.6814861970736191 0.04350595909205772 0.04703150889724857
0 0.38304273066665606 0.9331720083657759 0.045386707838416564 0.058032675893442943
0 0.4703070499461283 0.9483884900769872 0.04212531551854859 0.053217841901054184
0 0.2950138817620128 0.8647986931564674 0.05480717194503928 0.05997717787060921
0 0.21645096107061476 0.7991683759699926 0.05632420783841656 0.05847834486680377
0 0.17498487509809518 0.7719174678710468 0.041807066772189705 0.04228034190105419
0 0.11372912635173642 0.7634629807226281 0.04787521034569897 0.0362850098858317
0 0.08721209045835912 0.7661078196579327 0.041852530878812376 0.04384284190105418
0 0.13917775573948074 0.7240993917873235 0.05310827962517117 0.05522601087441501
0 0.17242451326132816 0.6570418843729496 0.04180706677218975 0.04228034190105419
0 0.22189096733882097 0.7441943744871179 0.06538095909205772 0.04792284684397004
0 0.29291652117888695 0.7389537761602731 0.058949102665567035 0.04141817885919252
0 0.3033826597378313 0.7760717741831067 0.05403428213245363 0.03341467787060921
0 0.2702349098043383 0.30889886163553665 0.08567673871722885 0.10181185079830275
0 0.1338668154520415 0.5146925582892262 0.09928459765100213 0.08675985376405215
0 0.19218543230337345 0.5834942964262282 0.072449313011266 0.07630251482874754
0 0.2365779414745735 0.6575565375289796 0.06450042069139794 0.07129667984777566
0 0.035405549550416866 0.8135849975285421 0.024164925705962903 0.02595500494291585