0 0.29508085459104894 0.5465004554501448 0.030232940006363406 0.04791171034428636
0 0.4259677752625942 0.5060068863055184 0.08964430267345413 0.053110131032858734
0 0.4343257152689575 0.45885906779386404 0.0692590773392725 0.046150802902557686
0 0.31459501794241174 0.41306047287333997 0.058430665340545127 0.0551438569862416
0 0.27118137261300246 0.38568200653860396 0.03944430800445433 0.034176592558271324
0 0.37224388594050273 0.4251041158870983 0.033357940006363405 0.0480208377489479
0 0.3758416006126843 0.38436998848243664 0.058394302673454225 0.05201885698624169
0 0.20372169995227493 0.34430552758999616 0.07716248400699968 0.05423612141421197
0 0.17338876261141162 0.40081098793428244 0.07543635200509069 0.04011905771188111
0 0.2476256939449571 0.3966567120735668 0.0853204293443631 0.08419643992586626
0 0.2812478106301835 0.2588194061757842 0.07074885200509069 0.03995536660488845
0 0.3497207118873688 0.8171378484639031 0.05377952800763604 0.058105165879248945
0 0.40553435988227815 0.8526735551799923 0.038136346674090583 0.05599702885594056
0 0.2850491372135964 0.8717187102594682 0.09923747867599957 0.07218751324684405
0 0.30010306723427727 0.718911168789656 0.0601204346753633 0.06613592068857255
0 0.5636115839035953 0.6901859349469068 0.06008407200827222 0.06301092068857254
0 0.6035831505808675 0.6106968423886354 0.0819954346753633 0.06689981252120454
0 0.7086615492520947 0.573447324332468 0.07412839067472703 0.061939494009550344
0 0.8088059052355498 0.6917756836809624 0.07894316000954511 0.07304068511654283
0 0.7242854545671864 0.7072221236068286 0.06620680267345413 0.0522916754978958
0 0.744642860558596 0.769766763625362 0.06144657733927232 0.04587798439090331
0 0.7622019832113692 0.8714557491973917 0.07243862133990878 0.05094743030721958
0 0.618434896562732 0.7437176735141614 0.06460794000636341 0.04911211179556503
0 0.4549445612269595 0.7673883304077359 0.07412839067472685 0.061939494009550344
0 0.548338930537915 0.9289036945655536 0.07107611600890866 0.06808036660488881
0 0.6832422838956411 0.7445782798674309 0.06964088534372692 0.07896330290255768
0 0.2797756699554566 0.31822168802694967 0.07403748400699968 0.054126994009550164
0 0.3305660106222293 0.3156671177011968 0.052089758672817864 0.04711310217691826
0 0.31010696526895754 0.46319688212916715 0.08161362667090888 0.03408731252120454
0 0.35746322326545765 0.4873139392080761 0.052089758672817864 0.04711310217691818
0 0.3282558865770496 0.648425053998866 0.08368520401018138 0.0778918762235353
0 0.4432536305697317 0.6982935900263827 0.06460794000636341 0.04911211179556503
0 0.3866036412317319 0.7346328833102935 0.04900112133990877 0.05012897477225646
0 0.4743956372533673 0.5722568796820964 0.06633407200827239 0.06322917549789579
0 0.6366769139083679 0.652492472788522 0.05677725867281787 0.04727679328391084
0 0.6307263585694136 0.69408969574668 0.052089758672817864 0.04711310217691818
0 0.6881394165738679 0.6592856206116038 0.07267497867599956 0.0712599303072194
0 0.5272371845560506 0.796101118249351 0.07403748400699968 0.054126994009550164
0 0.46340085654046037 0.9131274163425853 0.06629770934118148 0.0601041754978958
0 0.626864467218369 0.8246402913001762 0.07412839067472685 0.061939494009550344
0 0.5093257152689575 0.456240010081983 0.05677725867281787 0.04727679328391084
0 0.4845524345958214 0.5047419974681112 0.06148294000636341 0.04900298439090349
0 0.04788187464195569 0.1802852115254126 0.06157384667409057 0.05681548439090336
0 0.11274216394813874 0.3779389723251858 0.07578179734245412 0.06980655771188102
0 0.032847767982182634 0.2870808485487212 0.06569553596436527 0.053963302902557686
0 0.2885821225334607 0.9707737691524756 0.05981135200509069 0.039573420688572725
0 0.2619559878660517 0.9771701020921004 0.05968408267027261 0.028635920688572725
0 0.3804456425843674 0.5927182018219478 0.0614465773392725 0.04587798439090331
0 0.38862122191282217 0.628355601459128 0.0442227146721816 0.04215278366526398
0 0.39454395790900415 0.6562623466498045 0.03944430800445433 0.034176592558271324
0 0.14023245930141054 0.23016367123672668 0.058394302673454225 0.052018856986241604
0 0.2336331825668682 0.7266988761387173 0.061573846674090583 0.05681548439090349
0 0.5136757659134585 0.6193030052726596 0.05377952800763595 0.05810516587924912
0 0.7444075979074134 0.6557588273276929 0.05370680267345431 0.05185516587924912
0 0.7652382659134584 0.6105182491973918 0.05843066534054522 0.0551438569862416
0 0.3319417712046877 0.9356795173383773 0.06633407200827239 0.06322917549789579
0 0.2744030858927776 0.7799404380269497 0.05069089067472685 0.06112103847458741
0 0.3030547972231414 0.8008060095338289 0.0442590773392725 0.045277783665263985
0 0.5088059052355499 0.7022519145284868 0.06015679734245403 0.06926092068857237
0 0.4406377079090042 0.6546527174310444 0.06320907200827239 0.06312004809323427
0 0.4821530459102769 0.6438317793192766 0.05234429734245403 0.06898810217691817