0 0.4474817199126104 0.2932568711907784 0.03702863855894449 0.040012994804219916
0 0.17715381419840023 0.5417772266189896 0.04626724623907634 0.03598105866619043
0 0.15841818606429717 0.5677552185732179 0.040244566772189704 0.04335651609154354
0 0.2479580591838353 0.5903893252619368 0.04943771034569906 0.0377620799535137
0 0.23195262595602503 0.6298124581816577 0.04350595909205772 0.04826253737886681
0 0.301702836301724 0.668994926502774 0.05324467194503919 0.06141810124083733
0 0.3245242223533859 0.7298449451922074 0.07163095909205772 0.050229228964778015
0 0.27610109421928286 0.7537469849168629 0.05118206677218975 0.04412134059717552
0 0.3832269356020787 0.8984581873985373 0.06583560015828453 0.06541718639013112
0 0.4393489034696252 0.8711962008921906 0.05265363855894449 0.04110560124083733
0 0.5214028855229365 0.8777136346844318 0.044659282132453626 0.03430929802252862