0 0.8304510726375056 0.338226967155775 0.052903756939830515 0.04851664558877822
0 0.8071859484865271 0.23224707742709283 0.03657785009228505 0.03657785009228505
0 0.36486923812292416 0.20960223087855206 0.04861677513842757 0.054466256939830336
0 0.8661964103912896 0.43085575571243784 0.04575259099298634 0.03405362739018099
0 0.8800982240863799 0.4519297193152433 0.04429022054263569 0.03551599784053181
0 0.9007006207548924 0.4796344147194514 0.04549177513842757 0.05426599784053181
0 0.9155338787744569 0.5030020635474323 0.04691457279438893 0.02790375693983016
0 0.8863865993170927 0.5378171545404186 0.05719073874123311 0.04256703423772627
0 0.8506703423772624 0.49460737508305436 0.03471496144333699 0.031790220542635694
0 0.8368371822905146 0.548052550129197 0.042427331893687636 0.030728368290882456
0 0.9034925586009613 0.608891118143224 0.03894138648947987 0.0491779796419344
0 0.871120149593948 0.6423439682355092 0.04821625693983052 0.04821625693983016
0 0.8162230960778902 0.6058545581487614 0.0525032387412331 0.04226664558877822
0 0.634743756164638 0.5649255768087841 0.052803627390180984 0.046954145588778216
0 0.7851023064414931 0.6588386582410465 0.04821625693983016 0.04821625693983034
0 0.8056243599575508 0.6975309184200793 0.04791586829088246 0.04352875693983034
0 0.7853211543743098 0.7357015468899945 0.04060401603912887 0.05084060919158375
0 0.7425526634736086 0.7415801095053507 0.046753886489479514 0.04967862739018099
0 0.7780989396917704 0.7698960741878903 0.0351154796419344 0.03804022054263569
0 0.7926515954595814 0.8011262877906958 0.05825259099298634 0.03485466378737563
0 0.6084046082595078 0.9251109076227376 0.05739099784053163 0.045692034237726276
0 0.5336048673588065 0.9330421260059051 0.03169009099298634 0.033152461443336986
0 0.7097914258121096 0.6832762561738631 0.05602875693983034 0.04871690468807692
0 0.5751520172665214 0.8958634986157239 0.05799177513842757 0.05506703423772592