0 0.5899453435697618 0.6548599321629632 0.04053571996293322 0.044462631541796326
0 0.614471628416152 0.6892958453453778 0.05169147477225664 0.05134966837349921
0 0.6386283802302506 0.645007519051136 0.03557540145127884 0.03637711575678075
0 0.6979215346767542 0.6438930691076058 0.04969246515360979 0.03875866311182748
0 0.6596750010114902 0.6897816927568942 0.03077877404661713 0.03297909997176518
0 0.4303346974759605 0.8941561925451327 0.06251984736759475 0.0488617052052021
0 0.4804438248806222 0.8881190241716336 0.05141865626060227 0.04353716837349921
0 0.5162349919409976 0.9125429005223451 0.040262901451278844 0.036650131541796326
0 0.4803049264245683 0.9590762662791257 0.06482639183263199 0.02560621572854558
0 0.5530975856803954 0.9509382716113848 0.043115082939624474 0.029019642065139805
0 0.24660214837123595 0.23902688971665267 0.03579365626060227 0.042627115756780666
0 0.23567208285480654 0.28410417128668375 0.04516865626060227 0.04317314732681181
0 0.20198905281773963 0.24396428967430034 0.050019847367594836 0.0481336631118273