0 0.4673914822900202 0.7298139193378101 0.022026189420186526 0.05690476442797028
0 0.3821232982726798 0.9355034133473603 0.05456567363517104 0.05336310217691818
0 0.44778609562772653 0.9191765197006297 0.036650131541796326 0.04026290145127902
0 0.5310004140294605 0.8959994253282598 0.05116765785015538 0.04856647477225664
0 0.5680978666038267 0.8346700557281466 0.04638915258848364 0.04684028366526398
0 0.627836887650514 0.8263466350395741 0.05705363680346807 0.04253472958158007
0 0.6060374823606074 0.7990400905745367 0.06339464206513981 0.04431548439090349
0 0.640707884949091 0.7526090346767542 0.06413809471009327 0.03030754809323426
0 0.6785642007199891 0.7317955376719791 0.0478606473268119 0.04533234736759475
0 0.6771921455430219 0.822284128416152 0.03352513154179633 0.04015377404661713
0 0.7160271323888423 0.8248262858578806 0.06779371572854576 0.06629961179556502
0 0.8439231611868632 0.6636481944807355 0.027912168373499212 0.050873019237293704
0 0.8741713742845729 0.5994393615411111 0.06303062101845285 0.038065484390903494
0 0.8727677689805489 0.5566070207969382 0.07009966837349921 0.05234623920022674
0 0.7594410163497128 0.5613441392159253 0.06642863680346807 0.042862111795565025
0 0.8371256715690325 0.5126313315040442 0.03850105787839055 0.018497028855940557
0 0.8040247452324383 0.491956732955323 0.052366136803468064 0.04237103847458741
0 0.8394008031108287 0.47356883150404416 0.044462631541796326 0.04053571996293322
0 0.8656979926016024 0.4905827167132542 0.03959312101845249 0.037247028855940556
0 0.9168810610033364 0.4685241782386669 0.04133763154179633 0.04042659255827132
0 0.8691029846385074 0.41873499856441965 0.06688366311182747 0.050674611795565025