0 0.5298338991738442 0.4919319566950063 0.020114092558271325 0.04004514586155707
0 0.5461310217691825 0.4879471415661438 0.02189484736759475 0.04637703301668665
0 0.5628547302993702 0.4737651328597166 0.013482146641955416 0.028780097241038048
0 0.5776513510806099 0.42681156773085416 0.029270837748947898 0.034286468792335614
0 0.6065948066155727 0.44877509893851875 0.022857146641955418 0.029271420171816588
0 0.6282069117877158 0.46251337234426704 0.027762901451278844 0.03576708163720586
0 0.6073314165970393 0.4698688489385187 0.021130955534962935 0.02450203301668665
0 0.601572489918017 0.48425889755903767 0.018115082939624473 0.027463258706427317
0 0.5972942176854984 0.4962233090244269 0.02129464664195524 0.02918953301668683
0 0.6284623721320022 0.4922418159218319 0.01967758293962447 0.027545145861557076
0 0.6010293420949353 0.5359442282917323 0.02280258293962447 0.027708920171816587
0 0.5750496846532066 0.5764397535065029 0.024255955534962938 0.024665807326946166
0 0.5344990957231323 0.6255257066950062 0.029052582939624472 0.028036468792335612
0 0.5485169557045989 0.6459234158764033 0.027762901451278844 0.035767081637205676
0 0.5716543553417791 0.636101358549457 0.01940476442797028 0.019732645861557076
0 0.5426315434535468 0.6791044080744872 0.01967758293962447 0.027545145861557076
0 0.5716419093406452 0.299549704885984 0.04248016587924912 0.05525406603337357
0 0.5625050446346732 0.5982295443251059 0.024419646641955416 0.029353307326946344
0 0.5792064165970393 0.4713428177308542 0.029270837748947898 0.034286468792335614
0 0.5862525686812903 0.6282921805757244 0.019623019237293704 0.025982645861557074
0 0.5830556468115915 0.6488093984635489 0.021294646641955416 0.029189533016686652