0 0.8390583354153144 0.5845405076963535 0.059974984006999674 0.05294446846486114
0 0.8445901727402692 0.5226762873316313 0.022165901336727245 0.025509146276527873
0 0.7873209233768161 0.30207415302295076 0.04749316534054522 0.054216027735416714
0 0.7340050193745891 0.2869044011230897 0.04411362667090888 0.032268292553055564
0 0.6780630073599533 0.18036476681440916 0.0598477146721816 0.04200696846486118
0 0.6045346006922261 0.17426154359989532 0.06326361600890866 0.0670797036472223
0 0.5560789193586807 0.17382643892649258 0.03473862667090888 0.03205008700597225
0 0.528831002108495 0.7871265259324648 0.031649989337999784 0.03510235182361114
0 0.5830372441119949 0.8116530940367357 0.04091590133672725 0.025945557370694417
0 0.6030684807844946 0.8541672491469786 0.03944430800445424 0.03372168977951375
0 0.5321838161202672 0.873790724545694 0.04098862667090888 0.03219555737069442
0 0.48955142079085795 0.9036970833031592 0.050490896005727134 0.04335126291777769