0 0.39138382600936134 0.8373662370013693 0.04865767589344294 0.04511392319868044
0 0.7355886956279254 0.27952161091233024 0.030706171939110228 0.02586381802583091
0 0.5819743339180267 0.8053673939027137 0.045787343878220456 0.05127299498543501
0 0.515767060686322 0.9137278116911178 0.06396434091247087 0.037756064264907255
0 0.4989323877586287 0.942960670624891 0.05165534190105418 0.04207985141192587
0 0.45030388677004546 0.9462387833195878 0.05015650889724856 0.04359688730530316
0 0.5364178003061987 0.9636057912371466 0.043588173916276673 0.03560253087881229
0 0.5176213793556717 0.9824405673657569 0.03896434091247088 0.035118865268486135
0 0.5851590478347408 0.9767566605957612 0.037338173916276675 0.035420674452321776
0 0.6201561303442549 0.9768982668576497 0.039728344866803766 0.046203466284700664
0 0.33293199745417995 0.8129823509497074 0.05002917490485981 0.040471887305303156
0 0.3405561550588342 0.8562238855894435 0.04741351087441492 0.05288095909205772
0 0.29647057403219496 0.8439906585506971 0.04840300790866543 0.03886392319868008