0 0.6185610980467136 0.1959555313122908 0.09427884890464319 0.07778264342930993
0 0.3407650554894186 0.1174845820505713 0.07860838479802065 0.07521884793281677
0 0.2512168221824661 0.13339828115540725 0.07998902837152996 0.06906897748246607
0 0.18977085682220216 0.14672839836655543 0.072449313011266 0.07794332973421944
0 0.2939619148189032 0.25745754241417423 0.1484949874635877 0.11868704811738687
0 0.44541911473976087 0.21722616132336542 0.0688696719450391 0.06211807063492083
0 0.5672810575344827 0.397266509874491 0.12924488229073816 0.10029799352159507
0 0.4615538947606435 0.42204406925064486 0.07829013605166182 0.06428134793281667
0 0.5575627282258806 0.46676748149686087 0.11808006175762475 0.09178458667404979
0 0.7113636781467384 0.4263859060815781 0.10875052586424747 0.09274630937615384
0 0.2850141268139549 0.43413995836101815 0.11366534639736088 0.10085919802510172
0 0.39379809342786 0.4068183898855656 0.15313702335696497 0.11742493676633484
0 0.21060281169111777 0.5398776210686596 0.11550063103709692 0.11033432757475108
0 0.14723298198680435 0.460188923504983 0.0751651360516619 0.06408108883351815
0 0.31977688638086627 0.6604626264673303 0.10906877461060623 0.10368380937615385
0 0.1817493521368416 0.8125431654854186 0.09615959765100209 0.08882027297895938
0 0.3770474802709447 0.7726331570044287 0.08637542069139803 0.07415699568106326
0 0.6049020441401405 0.6680202984311538 0.09606866943775678 0.08569527297895937
0 0.49095320440669726 0.6792360055555544 0.035420674452321776 0.038140350092285044
0 0.734444791632858 0.6816346105850849 0.061329956584775226 0.07099242288667415
0 0.8160835850480828 0.6090901796788463 0.10825042069139812 0.07555880937615385