0 0.12631526379971772 0.14168180970179547 0.04766593262955983 0.04776911465389255
0 0.2944925194817606 0.16565049694778228 0.07282957386326191 0.05845430913596861
0 0.45316413595869626 0.10816114427967734 0.06189207386326192 0.057881099050060315
0 0.5962538425342435 0.22788938885261042 0.052380706168510115 0.049577276119281775
0 0.5469572260573079 0.2796466406616327 0.03349433847375849 0.0407821302577247
0 0.7554088798729117 0.3662890682966811 0.06340002678536116 0.05483798620519007
0 0.8531236310907276 0.4025364275235067 0.06043866801906326 0.06404921189493056
0 0.9434622589317492 0.4141932225259811 0.05876707386326174 0.057717324739800804
0 0.951415080766416 0.45046159317276746 0.047420470779006865 0.033706614653892505
0 0.9718718567409983 0.530565173000951 0.037055715096963836 0.06594590456798421
0 0.8601394699715232 0.5372013545927282 0.06030230032431163 0.056236711894930555
0 0.8937701761400334 0.4886067243350034 0.07296594155801372 0.06626680913596861
0 0.7040707021146158 0.5797241265281385 0.06340002678536116 0.05483798620519007
0 0.6353655665629565 0.6254737177762827 0.06013865909060954 0.04686171189493056
0 0.700856378658391 0.8085894329505738 0.08557503571381489 0.07317190637700648
0 0.7620257037394688 0.7921145839005133 0.055751168019063255 0.06380355042954129
0 0.8023524691607443 0.6729208485998344 0.06340002678536116 0.05483798620519007
0 0.8705763636408573 0.610024700929255 0.046267073863261746 0.05706222749876275
0 0.9441132751670989 0.6451975610605919 0.061837526785361516 0.05475609905006031
0 0.9746541631543899 0.6841848179579968 0.025872753246410696 0.0513101944820761
0 0.9684763011416809 0.725096423000951 0.03713753571381488 0.07063340456798421
0 0.8319251465152984 0.7673768554972393 0.06340002678536116 0.05483798620519007
0 0.8995120669699936 0.7856897642490951 0.046130706168510116 0.04924972749876275
0 0.9138103461909868 0.8161618362753625 0.0538341120127086 0.04340916327441171
0 0.9060290738698524 0.8594990784734463 0.042787517856907445 0.03658595318850359
0 0.8340586164835262 0.8687346376094149 0.055560253246410694 0.05286605042954129
0 0.7180381501687464 0.8974505370890167 0.052271612012708954 0.04332727611928178
0 0.591425057230761 0.9516987030769617 0.04720228246740419 0.021206614653892685