0 0.22725254097444925 0.5005887409548885 0.09257995658477532 0.0719369549975255
0 0.24896240492278734 0.5587354336279422 0.07521060015828454 0.06478619629109836
0 0.20558081479363266 0.709220112506186 0.061329956584775316 0.07029921189493056
0 0.11380014324430487 0.619643035391536 0.07686402837152992 0.06799308344622812
0 0.4038173894833812 0.5716814116925318 0.04980142319868044 0.049413501809022264
0 0.42336535985821 0.6237009350982803 0.062392351411925874 0.05319359905006031
0 0.41092754433966155 0.6758366451841885 0.028852425705962758 0.02647396879233561
0 0.44045591996648215 0.6797495392367232 0.06252874373179385 0.057881099050060315
0 0.5450812354850306 0.6227824869981596 0.04617631802583091 0.03206222749876275
0 0.3345074483380121 0.6213372529406761 0.053199207838416564 0.05895227611928178
0 0.3580465852476038 0.7238514213034704 0.06877874373179385 0.05820864767057934