0 0.7870160052912293 0.36082180212255655 0.04262385200509069 0.040203497840531635
0 0.7394330279678651 0.28428028608342754 0.05370680267345414 0.053404404688076924
0 0.6491892886298654 0.3128978369785916 0.04275112133990877 0.05114099784053163
0 0.6121347313017287 0.2722134777870079 0.06170111600890884 0.06953005243632351
0 0.4156960833068194 0.22209715453119339 0.04909202800763594 0.05935401603912895
0 0.46164492998090995 0.1703134114710237 0.060029528007635946 0.0600549228866742
0 0.6714653726527734 0.14544952112403275 0.06308180267345413 0.05400518198597286
0 0.3164227893061831 0.2204264281284615 0.0458215773392725 0.046653756939830336
0 0.6458717426002758 0.5308165222037668 0.05684998400699968 0.05516716378737563
0 0.7039211472788207 0.4469712507659671 0.06464430267345414 0.054105311535622216
0 0.7677194705999576 0.5409703770764139 0.061464758672817865 0.04921755243632368
0 0.7572268659293668 0.5692257850036934 0.04580339600572696 0.045091256939830335
0 0.8201541272676849 0.5365122169896661 0.052162484006999674 0.05486677513842757
0 0.8280398999443207 0.46352529996308817 0.03470226400381797 0.030327850092285048
0 0.7754950605904126 0.6118335895994852 0.052053396005727136 0.04549177513842757
0 0.7933269032463676 0.691941394195277 0.048982940006363405 0.04997901603912887
0 0.816528593252731 0.6465182726651924 0.03166817067154533 0.03794009099298634
0 0.6955524745783223 0.6958395473421944 0.03477498933799979 0.03657785009228505
0 0.6843882552514583 0.6474323257198246 0.04718408267027261 0.02956638648947969
0 0.5983945692234596 0.8483253948135859 0.0458215773392725 0.04665375693983016
0 0.643334351885778 0.8832604017534162 0.04749316534054522 0.056128886489479515
0 0.6857400278883233 0.8672138995939479 0.04903748400699968 0.054666516039128865
0 0.7249207065563688 0.8595608883351809 0.03968066534054504 0.055628238741233106
0 0.7951877532225051 0.8679729680694004 0.05683180267345413 0.05360466378737563
0 0.6473673238781419 0.9398107904023643 0.04571248933799978 0.037278756939830515
0 0.5852667658736876 0.9686681731912159 0.06624316534054522 0.05733044108527139
0 0.4351758592059604 0.9668682364248813 0.04911020934118149 0.06091651603912922
0 0.5232843865372787 0.9822866768180146 0.05361589600572696 0.03542664636397071
0 0.5116661812142327 0.9107870195828731 0.047347714672181594 0.043628886489479865
0 0.3316921586171387 0.38637160317460406 0.04585794000636341 0.04977875693983034
0 0.3410404339592746 0.32207856569767535 0.06631589067472685 0.06358044108527147
0 0.619880312579595 0.6816082641842025 0.05852157200827222 0.06464229333702498