0 0.6586879493380462 0.04088886364085721 0.05240156203449331 0.05243525324641087
0 0.738994033498446 0.052779163154389866 0.04964043507002262 0.060193206168510205
0 0.6320678688971909 0.5605252536567432 0.08110875889134021 0.06542617694751698
0 0.6810918738595897 0.6394218210271834 0.060577935070022446 0.060384120941162675
0 0.604174117035164 0.7674298185915515 0.06897263192686935 0.0730204886359143
0 0.7104070004097756 0.7819951047124034 0.063411836641599 0.05418866801906326
0 0.45457868547979813 0.8458838754086848 0.061631012820281585 0.04947389448011279
0 0.4763873730310201 0.9448026164802309 0.04586046360606986 0.04607615909060954
0 0.5262245913946009 0.6718366749222173 0.049422111248705033 0.05550570616851012
0 0.4826886071103666 0.6100457869349263 0.052547111248705036 0.055560253246410875
0 0.40390863564641394 0.5973469638824433 0.033142139784752264 0.04117047077900686
0 0.46156277791236555 0.6768747767886565 0.04964043507002262 0.060193206168510115
0 0.4448568132728384 0.5364270547918337 0.08383565260503385 0.09045345048646744