0 0.40336427858625934 0.36415275292856847 0.04795165258848364 0.04715884288963732
0 0.37595888637994507 0.47177159334674795 0.05373121572854576 0.06609984387822046
0 0.3470379548522663 0.4189158487839554 0.04399219468185844 0.05946784190105418
0 0.33835944681858415 0.5657099357420936 0.058964747298576904 0.07566584486680376
0 0.3985681757013096 0.6313866738790956 0.03425317363517104 0.05283583992388792
0 0.42072462578601416 0.5412100014456938 0.030946163111827296 0.04958350593149916
0 0.4892548179076238 0.5211893201150433 0.03894067363517095 0.05302684091247105
0 0.5679097099021766 0.6346668882901013 0.03683214206513981 0.043588173916276673
0 0.5300533941312786 0.6166318127006696 0.05373121572854593 0.06609984387822046
0 0.48732683881313693 0.676322489088404 0.03581567363517095 0.05289950692008212
0 0.5295297493647155 0.647977313194961 0.030491136803468065 0.04177100593149916
0 0.5546963493364807 0.6767098082520452 0.04197466837349921 0.05159167490485963
0 0.5099900650650264 0.7427459851340713 0.036088689420186525 0.0575870069200823
0 0.47266437031258085 0.760712076540834 0.03334312101845249 0.03721083992388792
0 0.5305146676676274 0.7724507311797387 0.03241765785015538 0.04808467292769336
0 0.42307462301400384 0.6891209194304713 0.04408319994353036 0.061030341901054184
0 0.6241722043581561 0.9283877133852414 0.05712923151356133 0.0709146778706092
0 0.5559388728728296 0.8324968932330172 0.030673147326811902 0.04489600593149916
0 0.5448109280497968 0.9237903966930583 0.04426521046687402 0.06415534190105418
0 0.5499075366905286 0.13734621931674054 0.03866765785015538 0.04833934091247101
0 0.5730907625894822 0.5757229698110322 0.032144642065139804 0.043397172927693364