0 0.1597148467037914 0.21952979195220043 0.04715680113146816 0.051167657850155465
0 0.18937962080609236 0.2251651419239656 0.056513620413308895 0.04858868942018653
0 0.1876307684449602 0.2571053866622937 0.06910452400410509 0.06494173151356133
0 0.1904466962362532 0.31041239718563746 0.06909543364502549 0.06337923151356133
0 0.12247340105671341 0.307234918302912 0.07372839149054777 0.0542772472985769
0 0.11196717223214811 0.36679963410204497 0.06594316256778661 0.05850972099021767
0 0.10936889217791881 0.4104131262095372 0.07540906615858281 0.07468075256024882
0 0.11778538017586629 0.4413824051487324 0.05340680113146812 0.05153167889684287
0 0.08637175371243315 0.46768729991529534 0.048673849336070066 0.043446163111827474
0 0.13475925673749525 0.47910221302712264 0.07529998184962738 0.05593075256024882
0 0.1221274465308408 0.5010304209337478 0.055014752926866216 0.05943518415851479
0 0.15955926883774368 0.5149332972138723 0.05964771077238851 0.05033319994353036
0 0.06105813632418634 0.5201374657285458 0.06746021077238853 0.05078822625188941
0 0.05980873283158603 0.6005607130977099 0.06118293969514967 0.0457367052052021
0 0.10060190447455897 0.5740205999011779 0.08784543364502548 0.06447129465362345
0 0.10349510031802871 0.6140463604245217 0.04567611436318471 0.06513915258848364
0 0.1487666937021704 0.6237167630130053 0.07059430113146811 0.05253273677523325
0 0.14967468784843793 0.7363077682746771 0.07862496974937896 0.0904877630835923
0 0.3055802959651067 0.5359422891801902 0.07073065651766246 0.07597023677523325
0 0.3522280369881162 0.5777349470303457 0.09103406615858275 0.07559080517696729
0 0.4023143953993726 0.5658033654038448 0.05962043969514959 0.04564569994353036
0 0.34111782016560355 0.6067854101986427 0.03610112646343309 0.030218121018452494
0 0.39234397687965766 0.6676010838338138 0.05499657220870695 0.056310184158514784
0 0.25040191657480737 0.6171321050216755 0.07842498184962743 0.056112763083592476
0 0.2140553504162246 0.6853514840032229 0.03934430113146821 0.050712631541796324
0 0.2592314950300303 0.7114281365917066 0.07547269867214013 0.08561825256024883
0 0.309662766205465 0.7745420575960417 0.0862920240041051 0.06594278939195171
0 0.2133962993829523 0.7986327340032229 0.059674981849627426 0.05502069994353036
0 0.25234062471491725 0.8212203655450192 0.07393746974937905 0.09021474729857673
0 0.39490537461672137 0.7646580943571575 0.07713519262201593 0.10289675782192056
0 0.49649514569396025 0.7658859363658277 0.08158634328594587 0.06254477360693614
0 0.37759008870875965 0.919952539109603 0.09091589149054773 0.05527830517696728
0 0.39453214901360995 0.9631410969879933 0.06914088544042354 0.07119173151356151
0 0.4705133869133615 0.9331798521790781 0.07075792759490121 0.08065773677523325
0 0.3173864461380574 0.25294007338105723 0.05978406615858276 0.07377069994353028
0 0.26902166901069424 0.23761891026922993 0.07549087939029935 0.08874325256024881
0 0.24986766891249843 0.17163759449833177 0.07073974687674198 0.0775327367752332
0 0.28456992183936464 0.11738971025511247 0.06909543364502549 0.06337923151356133
0 0.3349153554843901 0.060926878628611625 0.04558521077238851 0.049514152588483615
0 0.37581709055547136 0.1500572680629156 0.06127384328594587 0.0613617052052021
0 0.4382761839396131 0.1607287285297896 0.05183521077238851 0.04987817363517104
0 0.5384034489667278 0.14467806527678792 0.06131929508134402 0.0691742052052021
0 0.5387983587058439 0.2111298179076239 0.06279998184962743 0.055202710466874014
0 0.6240591478352595 0.19812085466873963 0.05503293364502539 0.06256018415851469
0 0.5909421208060923 0.2485534941736308 0.07215680113146802 0.05262374203690508
0 0.7039284550168519 0.17151212301400393 0.056531801131468204 0.051713689420186525
0 0.7135670754301608 0.12674565458403503 0.06912270472226431 0.06806673151356132
0 0.7122494942444634 0.2188876519531991 0.05964771077238851 0.05033319994353027
0 0.7134074732654204 0.28850990721487096 0.05340680113146821 0.05153167889684287
0 0.6736485190341355 0.6746070309347466 0.06439884328594588 0.06154371572854593
0 0.7145325942679046 0.6324419177382147 0.06126475292686635 0.0597992052052021