0 0.7777934416735928 0.2627893628300783 0.09517984882113631 0.07504663879807012
0 0.779615926844845 0.3330200422132273 0.08172484387822046 0.05139095048646727
0 0.5660309293163029 0.3250377670494239 0.047158842889637495 0.04610343262955983
0 0.41440742091334604 0.36749977678865653 0.03653967787060921 0.05372501785690744
0 0.7124032050194655 0.2006945117744181 0.10117518083635879 0.06890573295387137
0 0.618922460456673 0.17656331088091365 0.10311968281352524 0.07830800649282174
0 0.6173161980993833 0.23514342411143851 0.03746550790866543 0.03812729139585782
0 0.7043705291260226 0.2445536059302195 0.06590884288963732 0.04643071509696402
0 0.5445472015594245 0.2200190304421045 0.09785917984777566 0.0641636858759707
0 0.5075857124338394 0.16913836891586298 0.12056185079830276 0.08485801542127547
0 0.54812318771926 0.2855349362863031 0.0920548488211363 0.07499209172016937
0 0.6216416007611217 0.301426943186162 0.04859400889724856 0.04300570616851011
0 0.6578364273391367 0.3328036282513538 0.1014298488211363 0.07515573295387146
0 0.6276250039171517 0.3653394387219351 0.09055601581733086 0.07652731818121898
0 0.6116551526245573 0.4507138770335378 0.09706068380210837 0.0828864123370204
0 0.5382667321683219 0.4699508465947286 0.10117518083635879 0.06890573295387128
0 0.5591004969970694 0.3993247008967997 0.06179434585538672 0.06041139448011297
0 0.5199889174533049 0.3820514261400334 0.08848417984777565 0.06400004464226869
0 0.4648729945256115 0.4126798632338201 0.08605951680591381 0.08113299756436802
0 0.4699663542211628 0.2876798632338201 0.04610567885919252 0.058576159090609536
0 0.4319835345632301 0.22354522524652895 0.07879084486680377 0.05602390340856669
0 0.40870254346047863 0.18179410186973438 0.09160917984777565 0.06405459172016936
0 0.4153491328900749 0.1527923944834082 0.08073534684397003 0.06542617694751698
0 0.34699572231967113 0.1250998169666983 0.1307990138401645 0.06786143019392785
0 0.37079797825117017 0.0965793506519184 0.09074701680591399 0.08121481818121903
0 0.41232890365032154 0.05447762540868474 0.09517984882113648 0.07504663879807005
0 0.4036688280608898 0.0218635430207109 0.09266234387822045 0.0437270860414218
0 0.695390824069376 0.42661212946916977 0.1037563527754692 0.09393300649282174
0 0.4302181047154544 0.2860315884770538 0.05765067391627667 0.03535684740221221
0 0.43432994315646745 0.2617582913991531 0.046713173916276676 0.035165932629559825
0 0.680108016768733 0.3035291854755242 0.04802100593149916 0.028943206168510205
0 0.9673931580617647 0.41874153369181066 0.030960839923887918 0.031768197240056396
0 0.7596416664647216 0.38255243791115623 0.054462006920082115 0.03373980032431163
0 0.8342689347535105 0.2945927418889157 0.05608817391627667 0.03532957386326192
0 0.8322899406850095 0.2665222889668164 0.043460839923887565 0.031986385551659245
0 0.6892813814072001 0.15503713839762354 0.06409167490485981 0.04015344155801359
0 0.6140240548291851 0.12434229180619019 0.04495967292769336 0.030451159090609536
0 0.3241736931564675 0.2636810758951521 0.046713173916276586 0.035165932629559825
0 0.4765545938410395 0.3367486087695933 0.054716674904859805 0.03998980032431163
0 0.3043413542211628 0.29057085836255614 0.08459517589344294 0.045195497564368026
0 0.33763933247233296 0.39304129342774796 0.10222834486680368 0.05643300649282175
0 0.6906131407615592 0.5055456530081202 0.06434634288963732 0.04640344155801355
0 0.6894472301911555 0.4766803133165457 0.07965300790866543 0.03886367694751698
0 0.6211614396964263 0.2748917167251123 0.051400673916276673 0.03524775324641087
0 0.4863685815209308 0.004611813313250363 0.061637836958138334 0.009223626626500727
0 0.6794726412930319 0.1083666899397511 0.05465300790866543 0.03842730032431154
0 0.6414460592778094 0.10278489164403441 0.051464340912471054 0.03681025324641087
0 0.6077077292397532 0.0877599095009419 0.05615184091247087 0.036892073863261876
0 0.7550761832706356 0.3030013056059079 0.09272601087441501 0.05314436525911974
0 0.7562845617120864 0.484101301141681 0.05133700692008229 0.033685253246410876
0 0.8155202988605051 0.5439614963531426 0.0754111768820259 0.04971935633066593
0 0.4635386461987666 0.48374633969486974 0.08322367688202625 0.04985572402541756
0 0.8325048690127292 0.6061205771162633 0.05765067391627667 0.03535684740221221
0 0.9720568003433797 0.5342028924581086 0.011828837946721649 0.022065914772652385
0 0.9650109628909498 0.55384323661391 0.02276633794672165 0.02225682954530477
0 0.8272456605332227 0.40947740219734124 0.06259284190105419 0.041688668019063256
0 0.34287195501946555 0.2071447037361735 0.054525673916276586 0.035302300324311545
0 0.420096346806789 0.3236815929412807 0.07391234387822046 0.051254582791715644