0 0.2762757288879035 0.8392321338228232 0.039433840597175515 0.0527231809137497
0 0.19499287789916778 0.854831977804183 0.03209123416055819 0.03662458423309758
0 0.6243636676238231 0.8384097979393408 0.07802644703379294 0.07118976099766208
0 0.849080536293586 0.5624672176549355 0.07802644703379294 0.07118976099766208
0 0.8001574451922074 0.3629282363262675 0.04568384059717552 0.05319677759440165
0 0.7619743841802287 0.4058844083169473 0.05280792574646931 0.06617037427505376
0 0.6352590648703765 0.3496558738740684 0.07508711733238052 0.09583456348717298
0 0.7974809234006809 0.21352023217708255 0.08416718639013113 0.0701008576783142
0 0.9108168037225116 0.22288542201390182 0.07018109604505725 0.0923543659766839
0 0.9236503034704103 0.1508095124707766 0.08194912252816096 0.06060745850815117
0 0.8107728810781355 0.2813589276129792 0.07224634059717552 0.055209563487172986
0 0.8596799106633324 0.38064945520738086 0.07780792574646966 0.06806476099766208
0 0.9284081313302369 0.3633211678647169 0.06007412252816095 0.05894987012586883
0 0.8342710931950655 0.09507880811181027 0.08416718639013113 0.0701008576783142
0 0.8931094057196536 0.4919780415150708 0.09419775025210128 0.08018625269929239
0 0.6969885225478312 0.42116494358501877 0.06665190445914604 0.06411096680652087
0 0.5691745150062626 0.5381487661957541 0.07188570767745475 0.07227866431700995
0 0.6676784449401059 0.279841203957981 0.08369729282674854 0.08560745850815117