0 0.709402880418617 0.18021114143058642 0.07110567885919253 0.05861247867599957
0 0.3565882396198766 0.05339136604867958 0.05522601087441483 0.05218066534054513
0 0.22489788783299075 0.13940049669795312 0.09817751482874755 0.07142156134627213
0 0.22351711855561884 0.23083401869827128 0.07678267589344294 0.04462270401018138
0 0.13757961855561884 0.22983404535327182 0.07579317885919248 0.05866702267663593
0 0.13164665905034795 0.43298631735359 0.06909750988583174 0.047656797342454024
0 0.09993640262455732 0.4631005313494538 0.06447367688202613 0.04916475334181776
0 0.18784096783386578 0.5501016393618624 0.0649193458553869 0.060102253341817756
0 0.12051420498228452 0.6102846140197263 0.050793178859192475 0.05837612133990895
0 0.17431036703556302 0.6327959606938169 0.06236734882113639 0.07412839067472703
0 0.19561768125628834 0.723711862030544 0.10267401384016442 0.06678860534690845
0 0.18348775437426218 0.7720311833624987 0.05197367688202612 0.04901930267345413
0 0.12703216593324912 0.7956044960216353 0.05315417490485981 0.039662484006999676
0 0.09840975882288647 0.7499374600174992 0.06609984387822054 0.0507454346753633
0 0.23397323262543238 0.8757925300365892 0.055098676882026076 0.049055665340545215