0 0.6851521898437095 0.4261573812737776 0.035087631541796324 0.0407821302577247
0 0.6758905819088495 0.38335572761030445 0.03775760523343692 0.033133404567984304
0 0.5313439213572708 0.34913677860567266 0.03352513154179633 0.040700243102595034
0 0.6581508031108287 0.5399365982570907 0.02773015785015538 0.0481851944820761
0 0.4824227610174539 0.5432652368825586 0.048315673635170954 0.05393722749876275
0 0.4436101609751016 0.49656397727162016 0.03839464206513998 0.044070904567984216
0 0.5280614847090946 0.5534934079588864 0.03977513154179633 0.041027791723114146
0 0.3923059952324383 0.5432442254625979 0.032797089448421524 0.028200243102595123
0 0.35537514262983727 0.5718705144721785 0.03793961575678066 0.036258404567984216
0 0.4733215058263692 0.6188008254171693 0.04308214206513998 0.04431656603337366
0 0.4465692900272362 0.6072115502023987 0.03454159997176518 0.0314071302577247
0 0.4397886690087837 0.6429033887370095 0.0212981473268119 0.04473264586155708
0 0.4630140664061827 0.6746823332190856 0.03030912628012423 0.03897396879233561
0 0.4394099664344175 0.703223413047269 0.023315673635170953 0.05262703301668683
0 0.335768297919744 0.5990538121881863 0.026547089448421435 0.027872694482076098
0 0.32044713480791664 0.6468362149471483 0.04362817363517104 0.05369156603337366
0 0.5453267664908873 0.7683305139063515 0.040336573663405775 0.023922178878243727
0 0.39523649025311514 0.8427462584792845 0.0559461631118273 0.051221663274411355
0 0.4188006057981344 0.5861653878324983 0.029399073663405773 0.02334896879233561
0 0.4193319558404866 0.6308604121427578 0.025712631541796326 0.04029080732694616
0 0.39677441637794775 0.6414327419709412 0.03352513154179615 0.040700243102595124
0 0.37453539533126035 0.6465363217991248 0.032144642065139895 0.04374335594746519
0 0.37422385316729845 0.5846128539113004 0.02838260523343692 0.03264208163720568
0 0.42376955588283893 0.6757601543408416 0.030218121018452494 0.03741146879233561
0 0.3895919769577612 0.6974780240831169 0.038849668373499124 0.051883404567984216
0 0.42351965592519125 0.7204142350735363 0.02718412628012441 0.0388101944820761
0 0.4503327849067388 0.7578666474434368 0.028655621018452492 0.03732958163720568
0 0.5219810007764588 0.8462541180447947 0.03866765785015538 0.04875840456798457
0 0.5507353323323725 0.8234683932595651 0.03803062101845249 0.03782090456798457
0 0.5458434350055608 0.8670955625268706 0.03610409997176518 0.031489017412854634
0 0.4948878797580063 0.8808814235627185 0.03599768415851479 0.0564071302577247
0 0.4531253139871082 0.898283607529345 0.060633663111827295 0.0514673247398008