0 0.8183977443853923 0.40664629962398724 0.04115562101845249 0.037756865177646405
0 0.9894852471574026 0.5173591294411609 0.02102950568519475 0.05843323821317572
0 0.9157556757013096 0.6869930791934918 0.04913472099021767 0.06773546360606986
0 0.9323461232963526 0.450130934032056 0.057690673635170955 0.05410961124870504
0 0.6597221524473093 0.22395146194893084 0.06733868942018653 0.059233758891340214
0 0.5549135551063801 0.19024208787994423 0.07231461575678075 0.03764985731976358
0 0.4212280708208084 0.26270778515107585 0.037742194681858264 0.059413541356328814
0 0.44396689178279125 0.35882080582924025 0.07956567363517095 0.05512845574818703
0 0.6486107622365465 0.9816311054577367 0.08176521046687384 0.03673778908452654
0 0.5413674096339454 0.9609505401134746 0.04740562101845249 0.03804796360606986
0 0.44838324908236676 0.9767102611653972 0.07046368942018652 0.04657947766920571