0 0.32864874074381784 0.36705072686479145 0.056790220542635696 0.03376707386326192
0 0.39602840299003395 0.27380133319545746 0.05094073874123302 0.039907979707460586
0 0.304030670108897 0.299508670858437 0.05064035009228505 0.03522047970746058
0 0.3359524961424887 0.26182743871534453 0.023416516039128955 0.04879205600635439
0 0.619728827879293 0.6593099594116258 0.0460529796419344 0.03670115909060954
0 0.5656118267995588 0.6794354987788888 0.03471496144333717 0.030260244317957152
0 0.5930650007659672 0.7181531254020942 0.054165868290882456 0.041525026785361165
0 0.6218000724806221 0.7646968887947748 0.038340609191583754 0.03812729139585791
0 0.5809247486064988 0.7600815267820659 0.03279151603912887 0.0489556972400564
0 0.5294425917589536 0.7482576367661798 0.04236677513842757 0.05224433847375849
0 0.49931500076596713 0.7165167130650738 0.04927810919158375 0.038318206168510116
0 0.7239144825673698 0.7141941026739227 0.025079145588778218 0.05038182954530477
0 0.6999169756275395 0.6685134098980932 0.03743944324473976 0.02406479139585791
0 0.7673547995016629 0.6735924220729578 0.05416586829088228 0.041525026785361165
0 0.7627452475267646 0.7843253705308302 0.052803627390180984 0.04462275324641087
0 0.7456171067183484 0.8214844512939509 0.06081638648947951 0.04788412094116268
0 0.6105388047434501 0.9299400592494699 0.05326470234403846 0.02746252678536152
0 0.6241600161867872 0.9598321107915975 0.06650518198597269 0.06359094155801373
0 0.3749448588778167 0.7728740328711459 0.04731509099298643 0.03204093262955983
0 0.4365029225729072 0.795799064120734 0.046253238741233105 0.039826159090609534
0 0.4601313872554467 0.7626553275134146 0.04821625693983016 0.04610343262955983
0 0.5538987785252883 0.8985167353862081 0.04419009099298634 0.031986385551659426
0 0.491568759246957 0.9122559070587194 0.05739099784053163 0.04314207386326174
0 0.4372817774455542 0.9175513331954572 0.052803627390180984 0.0446227532464107
0 0.3784074251938009 0.9243274387153445 0.052803627390180984 0.0446227532464107
0 0.3852977752860859 0.9587842593321956 0.04282785009228505 0.03508411201270896
0 0.5086048673588065 0.9710814821397973 0.046253238741233105 0.039826159090609534
0 0.29389540406976805 0.2509484399331605 0.030327850092285048 0.034865923701106104
0 0.291692553977483 0.21657343993316053 0.06646560919158376 0.03861821509696393