0 0.362706348623502 0.2987662121220732 0.05684998400699968 0.05451043758467104
0 0.38668545723268644 0.7206887997521727 0.05219884667409058 0.057389776119281775
0 0.4346689712365045 0.6900662415207154 0.053688621339908774 0.051221663274411536
0 0.4739490998965957 0.7364156190649067 0.05519657733927232 0.04661605042954129
0 0.4383383165579596 0.7773205800553262 0.04896475867281787 0.04785100180902226
0 0.49868492321773256 0.8249082310052657 0.050581802673454135 0.0526203889641522
0 0.5174178365690955 0.6911949722988385 0.03784544533736352 0.03165279172311415
0 0.5811803445655956 0.7136188489385187 0.041097714672181596 0.04275406603337366
0 0.6128570585614594 0.7424089122583588 0.04896475867281787 0.04785100180902226
0 0.6494758112269594 0.7490783141128097 0.0364465773392725 0.04563340456798422
0 0.7149740892345955 0.6894299971749248 0.06142839600572714 0.04538109905006031
0 0.7045183945735497 0.6485969572608331 0.040952264003817976 0.03025406603337366
0 0.6610411145767314 0.6274522976044662 0.019095445337363515 0.030670145861557075
0 0.6633025012333228 0.7015072732942067 0.041097714672181596 0.042754066033373485