0 0.6288414361973111 0.3333827664205195 0.036892246239076346 0.03532549480421991
0 0.6560858977966515 0.30808783547827 0.05127299498543501 0.047246340597175515
0 0.6177651953685113 0.25853023189164426 0.035466138558944316 0.03990373416055819
0 0.6965528072717853 0.6054273752029253 0.051182066772189574 0.04412134059717552
0 0.7382174700456245 0.6204460878240585 0.04162521034569906 0.037215776735205
0 0.7545184199664822 0.6497129707437794 0.03836381802583091 0.03230975544788173
0 0.7240580301538966 0.6783514229733524 0.026045674452321598 0.037685670298587756
0 0.6970947133817068 0.720779223593771 0.05131845909205772 0.04880884059717552
0 0.6243331633025646 0.7562739632022109 0.05310827962517113 0.05673060124083733
0 0.6383251186336987 0.6773295083747477 0.023892141066226814 0.017263909654926125
0 0.6355949237274059 0.6907746493402405 0.05779577962517131 0.057058383171822415
0 0.6228281507661523 0.6472267451331961 0.05288095909205772 0.04891810124083733
0 0.5945440263929729 0.6546621867191073 0.04024456677218957 0.04335651609154336
0 0.5598735096999254 0.6672221708796654 0.03840928213245363 0.03387225544788173
0 0.646939252178078 0.5956424658001008 0.04801160266556703 0.04234031930985207
0 0.5946409662847008 0.597740197362769 0.04221624373179385 0.05752827673520518
0 0.4832284416740945 0.7022088120972596 0.04984688730530316 0.05182457995351371
0 0.5256121699664822 0.6657196550402237 0.046130853919208195 0.031293558666190435
0 0.524915836501245 0.7164462747183927 0.05283549498543501 0.04735560124083733
0 0.5602850351684616 0.7334645299141729 0.06372753087881229 0.04655792574646931
0 0.6802314738065481 0.6572466013177118 0.04355142319868044 0.04982503737886681
0 0.2528555977175091 0.36669120122116683 0.05265363855894432 0.04110560124083733
0 0.3219107892585896 0.1638286451528665 0.04617631802583091 0.032856058666190346
0 0.1959356594751339 0.2864681056803127 0.06372753087881237 0.0465579257464694
0 0.23308396997911746 0.18875187151975456 0.05279003087881238 0.04579310124083724