0 0.45298410009228507 0.03175243140553029 0.08062823874123311 0.03951701795398088
0 0.4685578377537839 0.09184050371243316 0.009875647748246763 0.00786704215447771
0 0.4988566070321154 0.0768149465308408 0.07271560919158375 0.037909066158582805
0 0.5564688479328167 0.07335360324489494 0.10118057063492074 0.0677511022629363
0 0.4837706300110747 0.17068766637841565 0.08299177513842756 0.052026108313060516
0 0.553561498301957 0.21092178093799205 0.08335272054263569 0.03328519867214012
0 0.56856473704319 0.24991155806535512 0.08162953423772627 0.0551420179539809
0 0.6288106246124038 0.27535191959986943 0.0603157387412331 0.039398843285945874
0 0.6020571599298642 0.30911384124284236 0.06267927513842757 0.0519079336450254
0 0.5003747439830203 0.29563766940347774 0.08894138648947951 0.04737496974937896
0 0.5103993884920645 0.3666996031466991 0.07996690468807692 0.0535704275949012
0 0.5346774976836481 0.40407233811958443 0.06822836829088245 0.04100679508134384
0 0.5632228022794401 0.4226632568356911 0.08172966378737563 0.056704517953980904
0 0.5887327444444457 0.4670626966290367 0.07321625693983033 0.04572156615858276
0 0.6210038263381333 0.4950104346269841 0.08449371838316751 0.0754636083130606
0 0.40785178670173633 0.5470506993595111 0.08152940468807693 0.0535795179539809
0 0.29537966995201353 0.657902361829102 0.08329216378737554 0.056713608313060604
0 0.7261571915466968 0.23336388661877394 0.0366779796419344 0.036137487899751616
0 0.6675028847914366 0.2571513654433392 0.0809682001845701 0.0691954275949012
0 0.6569344270487274 0.33614851903413545 0.07684190468807692 0.05355224687674198
0 0.6388946283130317 0.38392748888171024 0.08279151603912886 0.048901108313060604
0 0.73275405227944 0.42167695287555257 0.08415375693983015 0.04578519867214013
0 0.4262351395717986 0.3460876421779188 0.0804675524363235 0.0613829275949012
0 0.36018863741233026 0.38867511797742205 0.08249112739018098 0.044213608313060516
0 0.3189313841731278 0.45221998839073085 0.08066781153562222 0.0645079275949012
0 0.40396771822628386 0.437657518641352 0.08631703423772627 0.05516928903121965
0 0.38040910471576356 0.4846870547457055 0.09971820018457009 0.06930451190385653
0 0.17551205119970584 0.44602050624651596 0.09170544108527148 0.06613406010845857
0 0.37386441779254515 0.6996489794137405 0.08016716378737554 0.056695427594901204
0 0.313016555361759 0.7257938437769251 0.06640505243632351 0.06130111436318479
0 0.21910706662052598 0.6872631297830829 0.062178627390180985 0.0440954336450254
0 0.20711700878553163 0.7318807381943392 0.09669332973421944 0.07084883118569749
0 0.5890100400978223 0.11771213642238221 0.07079216378737563 0.05664088544042358
0 0.680285882170543 0.12734114559576437 0.06490310919158375 0.03786361436318471
0 0.6261805706349208 0.06356953708631215 0.05749112739018099 0.04406816256778663
0 0.5292462114433372 0.026619503810629018 0.06490310919158375 0.03786361436318471
0 0.23793051048357458 0.51755916296057 0.06959060919158375 0.03789088544042354
0 0.48794790175341624 0.6505297024827692 0.09715440468807693 0.05367042154477701
0 0.07741091995201352 0.6591704669207086 0.060415868290882344 0.040961343285945875
0 0.0858928508582522 0.7427460362025494 0.04897772054263574 0.033085210772388504
0 0.24694336751568996 0.597223937062871 0.08894138648947969 0.04737496974937905
0 0.45660256245847286 0.4053081060735654 0.06666586829088246 0.040997704722264314
0 0.4869804773255826 0.44030072961013217 0.08737888648947952 0.04736587939029935
0 0.478089931367664 0.25278254889197294 0.059854663787375625 0.05657725292686626
0 0.43548212677187215 0.23427344340758283 0.060716256939830335 0.04564884328594587
0 0.13154650986526578 0.711218780250621 0.046453497840531675 0.042442030054229286
0 0.25249725092285064 0.3424091720357564 0.062278756939830336 0.04565793364502539
0 0.3500695650793665 0.5356637474659172 0.0733163864894796 0.04728406615858276
0 0.5112364049926187 0.5870893711988758 0.0398029796419344 0.03615566861791084
0 0.40006716995201347 0.6572933077707676 0.05991522054263569 0.033148843285945875
0 0.12467474860649878 0.7503358224050987 0.039402461443337075 0.02990566861791084
0 0.5464124413898133 0.5993893832991242 0.05220285009228505 0.034665891490547905
0 0.4974638016611312 0.6160865247896721 0.048877590992986344 0.03152271077238851
0 0.6337052830011085 0.43710248585664824 0.040764702344038464 0.02678975897699054
0 0.6587856261535633 0.4260149949318345 0.040664572794389287 0.02522725897699054
0 0.37302979641934386 0.3573387595661656 0.05250323874123301 0.03935339149054773
0 0.41401693938722844 0.2773830939733169 0.04242733189368782 0.02836134933607006
0 0.5790690453396097 0.3772416725267357 0.04545220234403846 0.026817030054229286
0 0.4390924922849774 0.5101365066392993 0.06782785009228505 0.03475679508134384