0 0.6619345818433162 0.4237229279121859 0.07836310217691818 0.05245338534372692
0 0.6105977711362103 0.38602348058564007 0.04080853847458741 0.05045453333863614
0 0.561433584838541 0.3881586925923216 0.03919147477225664 0.04887385200509069
0 0.5352604652384276 0.35485584392904873 0.04883929328391083 0.056795440006363405
0 0.4901017326616229 0.3374052619350939 0.035520837748947896 0.033212489337999786
0 0.4780754478152326 0.3734973032702301 0.039573420688572544 0.05981135200509069
0 0.5379935956383143 0.3212166405951851 0.04015377404661713 0.03170453333863614
0 0.5679613486335391 0.2841342639242762 0.06644345553496293 0.024201116008908664
0 0.568762446001134 0.329455854591049 0.04360615626060227 0.04111589600572696
0 0.6053447867453068 0.325122343252731 0.03875496515360979 0.03637385200509069
0 0.6094519333872622 0.3532109805856401 0.043333337748947896 0.03330339600572705
0 0.6632490559826005 0.3494587245783222 0.05492560217691818 0.05218066534054513
0 0.6566344682336526 0.31670985924573125 0.03891865626060227 0.04106135200509069
0 0.6207044027172233 0.2725785985837311 0.056760920688572546 0.06001134667409058
0 0.5517535060752679 0.24524448659295794 0.03902778366526398 0.04418635200509069
0 0.525709361247411 0.26039731926323045 0.0457688569862416 0.0583215773392725
0 0.41623515752654666 0.28121035327818433 0.03891865626060227 0.04106135200509069
0 0.47311264010335147 0.2985245752705484 0.07027778366526398 0.044549978675999566
0 0.46754219718226037 0.25091377860441194 0.05799603847458741 0.050654528007636035
0 0.466976712791357 0.1899580972708665 0.06715278366526398 0.044513616008908664
0 0.6881374724948218 0.525021798575777 0.048075401451278664 0.03492044000636341
0 0.6993849965414389 0.5561536199077315 0.05626984736759475 0.045948846674090583
0 0.5995486876484316 0.56200472525464 0.06797123920022692 0.06795111600890884
0 0.5602282381039185 0.4655478959261853 0.05681548439090349 0.0615738466740904
0 0.5558706095181304 0.5421922119271396 0.08008929328391083 0.05715906667727211
0 0.550476270588056 0.5891490279280942 0.06575397477225646 0.0491829346753633
0 0.4963964057972661 0.5624234432686392 0.06715278366526398 0.04451361600890884
0 0.4743874857416658 0.6259865039385938 0.03234127404661713 0.031613626670908876
0 0.519590858337004 0.6223342452657759 0.02269345553496276 0.02369203866963616
0 0.5470809412766287 0.6485876625955033 0.06887897477225664 0.049219297342454026
0 0.5617262838349 0.687495621260367 0.08354167549789579 0.06657042934436319
0 0.5334028763931714 0.7269035665977304 0.07712798439090349 0.06181020401018138
0 0.5737848289329094 0.7866143739258671 0.014771828130301045 0.020476132001908988
0 0.6687972285700896 0.7769115625795949 0.07696429328391083 0.05712270401018138
0 0.64254226341648 0.741264963916322 0.06106647477225664 0.04912839067472685
0 0.6316295560674187 0.674958711250822 0.04042659255827132 0.03951703333863606
0 0.6175372850160263 0.6071263212524128 0.05994048439090331 0.061610209341181485
0 0.6646206161415524 0.5901655405792768 0.07572917549789579 0.06647952267663584
0 0.6735888775742978 0.6455524745783222 0.09006449400955016 0.07445565467854501
0 0.6737451341977196 0.6947894059118677 0.0645188569862416 0.058539753341817755
0 0.5699654028868592 0.923433121260367 0.07383929328391084 0.05708634134309065
0 0.7511905771188108 0.7415638612349136 0.05832342068857237 0.060029528007635946
0 0.8714807405509891 0.6276184452180508 0.04974702885594055 0.038063621339908774
0 0.4461607928205746 0.5786393366088664 0.0410813569862416 0.05826703333863605
0 0.497090864960426 0.6718348059357302 0.045223219962933214 0.042696577339272325
0 0.8523711312024946 0.7294445745544598 0.04645833774894825 0.03333975867281787
0 0.7329068577888499 0.822278059237777 0.048075401451278664 0.03492044000636341
0 0.5955631144122718 0.8731149479233217 0.032668656260602266 0.040988626670908704
0 0.6267039870076101 0.8696263212524128 0.04064484736759475 0.045767033338636055
0 0.6496504136866325 0.8552911012492311 0.041770837748947895 0.033285214672181596
0 0.7340551516209148 0.6761115839035954 0.02937996515360979 0.03626476400381797
0 0.5320734670525262 0.39787913792968505 0.043551592558271325 0.03955339600572705
0 0.43776787322831046 0.11448592994113907 0.04985615626060227 0.04118862133990877
0 0.6219321522538871 0.8001223432527309 0.04160714664195542 0.028597714672181595
0 0.5852481185886231 0.7567814232575035 0.039136911069925694 0.04731135200509069
0 0.7510591131463275 0.62589340790105 0.04237103847458741 0.0504727146721816
0 0.7407193246717402 0.5759934052355499 0.043333337748947896 0.03330339600572714
0 0.6546528498994835 0.528537697247004 0.04042659255827132 0.03951703333863606
0 0.7757391985330228 0.8178718225652775 0.04209821996293304 0.0426602146721816