0 0.146875 0.4375 0.03203125 0.02890625
0 0.09140625 0.5359375 0.034375 0.03125
0 0.13984375 0.51484375 0.03203125 0.0203125
0 0.15546875 0.56953125 0.04921875 0.03984375
0 0.184375 0.64765625 0.05625 0.02421875
0 0.16171875 0.68203125 0.05625 0.04921875
0 0.23046875 0.66015625 0.04140625 0.0265625
0 0.22734375 0.6875 0.04921875 0.02890625
0 0.2140625 0.7296875 0.02734375 0.0515625
0 0.2625 0.7234375 0.04140625 0.0203125
0 0.3 0.7484375 0.0515625 0.04921875
0 0.35390625 0.6390625 0.0515625 0.0375
0 0.353125 0.70546875 0.059375 0.05078125