0 0.37681380708635404 0.14596074003737716 0.1270729526972918 0.0926996285298145
0 0.4103004139439583 0.04895770790492353 0.06998649810013884 0.055125420691397975
0 0.41885191745934 0.3524093168386967 0.09356946846486114 0.062057382290738164
0 0.39266801111482597 0.5046310463847256 0.07674564437666671 0.07718227711788864
0 0.5324052711828122 0.370965437055241 0.09898432028847229 0.09344377461060623
0 0.654135454028472 0.3400982187919832 0.09407861474138901 0.08393238229073816
0 0.7193604105254858 0.3553762263138306 0.11922408510611113 0.09090980799670109
0 0.6426875013311802 0.42943350343171927 0.08295927678548623 0.0758016335443795
0 0.5675770921368746 0.5034453164429854 0.08281380642076393 0.0695516335443795
0 0.22251589922322862 0.6704104737400411 0.10672408510611113 0.09054609514371954
0 0.17129758491867997 0.7242090751519669 0.06842399810013892 0.0550799565847754
0 0.17107807295083266 0.8007261110453442 0.059194468464861184 0.0610571719450391
0 0.36450076463020764 0.8091510618241318 0.12885365824437506 0.10212009263643722
0 0.4681544011230897 0.7163521448936575 0.06264677678548622 0.07521060015828454
0 0.7309102806821175 0.6306346390876698 0.07841724715020852 0.08191524122451135
0 0.8669958638883676 0.4861451900247419 0.06718880642076393 0.06909699247815268
0 0.8935745880528121 0.5853041040522223 0.12089568787965277 0.09564277210332364
0 0.6855945146302076 0.7998081879131709 0.09549564437666672 0.07772784639736088
0 0.269254573803854 0.20530229928771945 0.07358427678548622 0.07552884890464337
0 0.3608400489182289 0.3291142208370473 0.11471842306201392 0.09858591567683303
0 0.17294000541524274 0.35175741363176904 0.11290134992375007 0.0876029515702104
0 0.5240076236720134 0.5640478473217977 0.11747974715020852 0.08305184389007839
0 0.3921569052071523 0.6272191002247915 0.10156380642076393 0.07009720282385157
0 0.32493369082635365 0.5971655388628782 0.06548083605604171 0.06280152837152997
0 0.26915712272208286 0.5449187287546061 0.0719126740119445 0.07079588479802065
0 0.5735335385659022 0.6500475318032493 0.12460256933854179 0.12073370031656908
0 0.7501479771111452 0.7768504095416409 0.05450696846486114 0.06092077962517095
0 0.8027469534597911 0.7308188440230924 0.012863675911805572 0.01598871285298138
0 0.8480782904657633 0.695148116984346 0.08001611474138884 0.08352320533113407
0 0.7984036391552424 0.7832535222363377 0.0719126740119446 0.07079588479802083
0 0.298967336818541 0.7735832863555958 0.09774912860909737 0.1074608105039836
0 0.19190625133118017 0.4425498981923628 0.041679660144236144 0.04649456677218975
0 0.017455684461180367 0.47590327045397113 0.034911368922360735 0.06069345909205772
0 0.15233852431694422 0.2641353931777979 0.05450696846486114 0.06092077962517113
0 0.34990712139090274 0.0944353439565854 0.07634560087368066 0.0599947771178887
0 0.49866866365961793 0.243908843560874 0.06228310087368065 0.059585600158284534
0 0.6862790728539234 0.16662361487277494 0.04473192496187508 0.0434604949854351
0 0.7182901794271872 0.26718590452707597 0.058867160144236055 0.04699467194503919
0 0.7340054451947566 0.29639603140753784 0.06678876291777787 0.051909492478152686
0 0.8828416822769789 0.3420314771717604 0.07318423328249998 0.058341348904643375
0 0.8620401794271872 0.2630032067177893 0.055851262917777686 0.05159124373179384
0 0.8421238036678815 0.44783284778401616 0.06370013050895836 0.053381064264907255
0 0.9374187730826733 0.4122697693333439 0.07979790919430556 0.07414820533113406
0 0.7276047491469787 0.5713960314075378 0.055705792553055564 0.045341243731793844
0 0.7156879370266316 0.4796177083671419 0.049564895326597205 0.04984688730530316
0 0.8326182510468396 0.6214294721571955 0.05908536569131968 0.0563696719450391
0 0.8037477154276385 0.6542790760764037 0.06053876291777769 0.05172763605166182
0 0.11528528068211749 0.6485474970970062 0.055851262917777825 0.05159124373179384
0 0.17715146067798565 0.5397886110453443 0.05410692496187504 0.04373327962517113
0 0.5198233910551033 0.8444484011618638 0.04636716014423605 0.046630959092058076
0 0.39110747074597185 0.4039634566512823 0.05414329255305557 0.04529577962517113
0 0.7664639613435758 0.746708268475414 0.08263196846486114 0.0617391335443795
0 0.29468575921496487 0.45439301715526587 0.07183993882958344 0.06767088479802066
0 0.7167367182774299 0.7364443698873399 0.07332970364722229 0.06459134890464338
0 0.8409002636802771 0.7687447413575254 0.05265352773541672 0.048375315518548415
0 0.37110278885024267 0.45841527593075443 0.055814895326597204 0.05002874373179385
0 0.4494622185617704 0.5466988744396863 0.06366376291777769 0.05181856426490725
0 0.4632006762930552 0.39249710774663893 0.05730466014423623 0.046949207838416475
0 0.5840365871028814 0.5677662292168245 0.06998649810013902 0.05512542069139794
0 0.345111825038125 0.032117200383076125 0.06050239532659729 0.05016513605166188
0 0.9567642658644786 0.6209400756806923 0.05759560087368065 0.05944920783841656