0 0.4886498482162864 0.3008059383083074 0.03856366801906326 0.0615920649348082
0 0.5506298766265008 0.4660002901747465 0.03689207386326192 0.05531479139585791
0 0.5243832021146158 0.6265286870904914 0.031986385551659245 0.04273297077900686
0 0.3462212459461055 0.6703081404196278 0.0336307061685102 0.047447744317957154
0 0.3844558571480355 0.7631911156628615 0.030532979707460585 0.0489556972400564
0 0.40409620130383683 0.7572820348997407 0.0256545649348082 0.03793637662320535
0 0.43532861039444626 0.7140638689092724 0.03996252678536116 0.05224433847375849
0 0.4461200600701348 0.7673934204513999 0.03522047970746058 0.049037517856907444
0 0.3187442715103555 0.0954348254848197 0.03697389448011297 0.06000229139585782
0 0.3689197751638035 0.2205672390396561 0.03842730032431163 0.0537795649348082
0 0.3479025227314667 0.618759277189103 0.02718979139585782 0.03640115016215582
0 0.32801098823546776 0.7286018814911741 0.0240920649348082 0.03790910308425506
0 0.4325427552815963 0.8288939821397971 0.046321620941162676 0.05860343262955965