0 0.5012857713784079 0.6296723058337494 0.062392351411925874 0.05283820967712849
0 0.3506098214575502 0.6062626927230177 0.04001724623907634 0.0346318651776464
0 0.2843650443396616 0.6842464516143578 0.04961956677218975 0.04288101282028158
0 0.23421794332344711 0.5843770382559569 0.06092077962517113 0.05589043507002245
0 0.31366140241550494 0.5354258079006641 0.041716138558944314 0.03939213978475227
0 0.11031509356087402 0.4988655314315314 0.03922763605166191 0.06112159057054054
0 0.08495974089530697 0.5390560378416722 0.0337672462390763 0.03434076674922295
0 0.541316355635068 0.27282083829873816 0.04998327962517113 0.055381012820281586
0 0.6154729211536164 0.2178743190683158 0.041716138558944495 0.03939213978475227
0 0.2565008056224326 0.7838483453280516 0.046721887305303154 0.050547963606069855
0 0.2011373557015749 0.7559994811838624 0.04373327962517113 0.05508991439185813