0 0.8619946867306769 0.2796523327344784 0.06504667984777583 0.06395470364722229
0 0.7760810444490618 0.16613665302295072 0.08794035178688589 0.08946384992375007
0 0.8990742395826956 0.42318347397701317 0.08631418479069168 0.0878649823325695
0 0.7973963344494994 0.3709144187905202 0.06654551285158128 0.06242857123840277
0 0.46274812593281156 0.5769527453472565 0.05528967787060921 0.054361498100139016
0 0.5087225177201351 0.6937395486338884 0.07078734387822046 0.05160017401194459
0 0.5299887281768081 0.880566748197048 0.07572951186299796 0.05795927678548622
0 0.7063084890512229 0.8249492617804162 0.05216467787060921 0.05428876291777769
0 0.6103301441844193 0.8818188172512494 0.04897601087441501 0.05265352773541672
0 0.6945923976444603 0.8634669011230898 0.059595175893442945 0.045095600873680294
0 0.6521674757053502 0.8894306422893745 0.03408583992388792 0.03201371941479181
0 0.8263689796596829 0.8666438396683326 0.07442167984777584 0.06417290919430556