0 0.8222506554540441 0.7166711454724347 0.09336807063492074 0.07237479991529536
0 0.914436046419344 0.30745649821621013 0.04911742288667398 0.06201415258848364
0 0.8545789875046154 0.3768127139447559 0.053804922886673975 0.062287168373499215
0 0.7655980282207466 0.3098519980750358 0.07401729333702498 0.061907736775233244
0 0.7777463772332975 0.3648202191358406 0.06544332973421944 0.0738617052052021
0 0.7769639296696209 0.4260307349208562 0.04911742288667416 0.06201415258848364
0 0.7123717011074208 0.3725486901260583 0.0874184592838688 0.07669827886860806
0 0.7116893830933936 0.43532170591107383 0.04881703423772628 0.05732665258848364
0 0.6592850763381335 0.46189888743875257 0.07708173658176473 0.08543624203690499
0 0.8025635094038405 0.4951146638882862 0.09336807063492074 0.07237479991529536
0 0.7028929788667421 0.5550272611586282 0.07714229333702498 0.0620897472985769
0 0.5554172015688461 0.5542067557557819 0.10138082973421944 0.0759548262236546
0 0.5473801519102997 0.2574759689240791 0.08817992288667434 0.06428928413027987
0 0.35308063695090497 0.19900185821720875 0.10214229333702489 0.06354583148532651
0 0.24212095542635742 0.3152477554734333 0.07149307063492083 0.0711007262518896
0 0.49608536705426476 0.3992609214984453 0.08329216378737563 0.0608912683452643
0 0.3965359500276866 0.41211650824544355 0.06560401603912895 0.05207771046687384
0 0.6210155158822455 0.3786537479338614 0.054966904688076926 0.056128173635170954
0 0.5818714751661143 0.45307689526067313 0.046553627390180985 0.0462981473268119
0 0.9312683027408653 0.5456467429545382 0.0747182001845701 0.07284523677523325
0 0.9354737438261369 0.6112717429545382 0.060555570634920744 0.07046368942018652
0 0.9189161019379863 0.6710485613562722 0.07451794108527139 0.06972023677523324
0 0.9925307680417138 0.7271704877634535 0.014938463916572432 0.08645271046687383
0 0.9515550285252885 0.8377432376928665 0.09104410703211556 0.08469278939195171
0 0.873761893115543 0.7740517349914433 0.06231832973421945 0.07367969468185845
0 0.49932577883905543 0.13167160309671125 0.045992422886674336 0.06183214206513994
0 0.5440572879383541 0.13220295313906355 0.060355311535622215 0.06733868942018657
0 0.6332687846991515 0.19052441637794776 0.10640829117755643 0.10582433674699834
0 0.4534520743355486 0.1500267609468667 0.06820738433001132 0.09270271046687398
0 0.39073202883905545 0.13799646878290475 0.1044057001845701 0.07457433674699834
0 0.1495458243355486 0.16772728434204134 0.08519462523071267 0.09057876834526431
0 0.30408073488372167 0.27870403974488756 0.1372577729789593 0.10139444198043535
0 0.47498471776485857 0.2413042083301482 0.09669332973421944 0.07568181043863902
0 0.6185833258767082 0.29175298741051775 0.07205427513842758 0.05556673151356133
0 0.6882752621816175 0.2657372480044486 0.08016716378737562 0.060709257821920645
0 0.6631541486710972 0.3142503427145419 0.08192992288667433 0.06392526308359248