0 0.7661643368489054 0.2635509001034043 0.06981366801906326 0.06173747867599957
0 0.6435217236183807 0.2629049154200869 0.060656856330665934 0.07412839067472685
0 0.7223246079522238 0.3473986414305864 0.09851141233702024 0.09487724267981754
0 0.49780762337349926 0.4619498480664969 0.05122730925276535 0.07089430267345413
0 0.40392520981866287 0.40852430872054296 0.08910913879807011 0.093205654678545
0 0.278901484979171 0.674202758036271 0.11849662986961632 0.07636360001590851
0 0.0746952260507173 0.6546425940085905 0.06989548863591429 0.06642497867599957
0 0.09227641801576797 0.5431511106779086 0.08107845048646733 0.08061474801081765
0 0.4705148717519415 0.196061218730088 0.08697389448011297 0.06037497334499946
0 0.767571103895034 0.16514976277049523 0.11970457386326191 0.05606928134945379
0 0.44484667004765815 0.15748906739336088 0.031795470779006865 0.031613626670908876
0 0.4422886858759707 0.10043963605981543 0.07628185633066593 0.07431020401018133
0 0.3696399387153445 0.3237675007160886 0.05262616801906326 0.061537484006999675
0 0.21342689488385475 0.3688152766947715 0.08798301542127547 0.11818747334499946
0 0.303892207790068 0.31597263470717996 0.059067082791715644 0.07254770934118149
0 0.3212860336819248 0.46223910737586166 0.08417617694751697 0.07908861067790855
0 0.33703553895693056 0.6037998987109979 0.042951159090609536 0.04424089600572696
0 0.43933837864850506 0.6026470260582245 0.10928527110331832 0.08562951201463562
0 0.22669192288373666 0.8602760706954078 0.07808981818121907 0.08839088534372692
0 0.08366862580583596 0.8554874786759996 0.11106595941492108 0.09814769334818116
0 0.43359471346881556 0.7658282787237247 0.10330800649282175 0.101181786680454
0 0.5029038210172976 0.7986595073997242 0.09179776217486477 0.06824201734563591
0 0.5140520064895264 0.5871134800684059 0.06397277110331831 0.08510225334181776
0 0.4408740105500115 0.2878850920591791 0.05095457386326192 0.05526930267345431
0 0.5690416952081663 0.4260674394095874 0.07167617694751698 0.07894316000954493
0 0.22241570575817785 0.7047891393618624 0.09220686525911966 0.09167951734563573