0 0.42128266717499957 0.5726101903481948 0.07031380642076393 0.06878767401194459
0 0.4976769405420132 0.816706988885174 0.03880923328249999 0.05712282218833344
0 0.528076874621944 0.6188695541396532 0.0512728656913195 0.055851262917777686
0 0.5665412689986107 0.5447241925323963 0.0944422906531944 0.09902068787965276
0 0.657710476445555 0.5906198804120492 0.09836607123840277 0.06631729065319458
0 0.7562018746219439 0.6241792224520145 0.04327852773541672 0.04785692496187508
0 0.7879960820688883 0.6686929418668062 0.06097517401194459 0.07013196846486114
0 0.8207189695117009 0.6061390436904175 0.05468880642076392 0.06842399810013902
0 0.8919049449104163 0.5366636514979521 0.07358427678548622 0.07511040919430556
0 0.6562655709540623 0.148940873478195 0.0512728656913195 0.055851262917777825
0 0.5635527005130903 0.0686156342117713 0.07351154160312508 0.0719854091943056
0 0.4728374347455208 0.036800630127708726 0.0542523953265972 0.049673998100138936
0 0.4036146560601736 0.055512956115764234 0.052326219414791805 0.03401263050895838
0 0.35430433387184024 0.09188556078916696 0.11649782218833335 0.04019120174736122
0 0.3663854533628818 0.14375718531420173 0.08473998233256949 0.08473998233256949
0 0.2582462982526388 0.121698387727153 0.06250130642076393 0.06860583605604172
0 0.3445994127096873 0.24017759042444475 0.05450696846486114 0.060611498100138925
0 0.6877233251350342 0.6780841660312505 0.0845945119678472 0.0784899823325695
0 0.5919711479889577 0.862675411947188 0.06195579255305557 0.045168336056041626
0 0.5786723674037493 0.8295356036265631 0.052435322188333446 0.038700130508958354
0 0.6808368922893744 0.7052824456665283 0.04778418977951393 0.040153527735416715