0 0.657100121947083 0.695739307313693 0.05963707995351371 0.051713689420186525
0 0.7522265876703094 0.7876453572289883 0.052622255447881724 0.040412168373499216
0 0.7670592660146688 0.8328591466915274 0.04568384059717552 0.05245714206513981
0 0.8001884762900134 0.8838069966632924 0.04401207995351371 0.05080363680346807
0 0.766490819485079 0.9137451256448397 0.04670003737886681 0.044735647326811546
0 0.8399833137850958 0.807539899251776 0.04568384059717552 0.05245714206513981
0 0.798047186061155 0.7864237624483079 0.041214861884499146 0.05530912628012423
0 0.9059582390273622 0.7273511412886811 0.04223105866619008 0.04758763154179633
0 0.8867280017647108 0.5636148649803218 0.05004355866619008 0.04804265785015538
0 0.8164208556034381 0.5929768703125808 0.05349634059717552 0.05291216837349921
0 0.8599958929823049 0.6375305071160489 0.06399679802252863 0.0472992052052021
0 0.8022862078526816 0.9360597414016205 0.0539662341605581 0.03737817363517095