0 0.5776159598185772 0.9406342006452034 0.04153418977951393 0.04071784190105419
0 0.20017345231604206 0.5186093730414242 0.07827177678548622 0.07655718281352523
0 0.3742532640551396 0.8550774081361269 0.09084451196784729 0.08019151878308044
0 0.6378085774097577 0.9446478799986874 0.08285017401194458 0.07206068380210837
0 0.5021769358828826 0.7845805188202614 0.09869337955902786 0.08207235376405234
0 0.525980071425834 0.9018462732688857 0.10828658510611114 0.09182935574121842
0 0.4326625632577089 0.7154047544858053 0.0700228656913195 0.05748884783255317
0 0.46730966698118104 0.6949622619001792 0.08099673328249998 0.059497016805913815
0 0.5669635216545839 0.6506312831547174 0.08288654160312507 0.07362318380210837
0 0.4119668971295491 0.6310470005314727 0.05930357123840295 0.06641817885919252
0 0.28008046428388933 0.5983552228511437 0.06849673328249999 0.05898768083635879
0 0.31805258975885464 0.5866338142579063 0.0859751740119445 0.07218801779449713
0 0.27452210172670194 0.661349971368269 0.08096036569131951 0.057934516805913994
0 0.27008982807534776 0.7056583868815887 0.08884560087368065 0.06137785178688589
0 0.1527380207046533 0.6602901956651065 0.0719126740119445 0.07161501482874755
0 0.16574847340194504 0.7497983646384672 0.08136040919430561 0.07512201680591399
0 0.28326393493295204 0.8021978058549493 0.09407861474138901 0.0850063527754692
0 0.29957404027194484 0.530464727299768 0.08419446846486114 0.06274935079830275
0 0.3639443583762157 0.4792324911399325 0.09509560087368066 0.0616325197716634
0 0.35440505100552117 0.4382573226608633 0.06711607123840277 0.06673651384016441
0 0.27123018151447953 0.4863818048663662 0.11141158510611113 0.09195668973360735
0 0.26210844823197954 0.42981346988539426 0.06664329255305557 0.04642401384016459
0 0.17773410144236151 0.4599373685927999 0.06682513050895836 0.05423651384016441
0 0.3112167890376739 0.3600076472617119 0.11108427678548623 0.07789418973360736
0 0.2873604085287155 0.3075219758168933 0.06526263050895835 0.054172846843970036
0 0.4120512840036808 0.29933408551244456 0.046512630508958354 0.05340884288963732
0 0.4978978650257294 0.2989295203031361 0.08906380642076392 0.07075285178688588
0 0.49920905793937537 0.4558652698088445 0.1098854526972918 0.09345552273741298
0 0.6272606695466323 0.4243990469948818 0.08106946846486132 0.06262201680591381
0 0.5484076645126391 0.35640378068325945 0.08572060087368065 0.061250517794497125
0 0.4223179431979863 0.37155925399151374 0.10777743882958327 0.0699543557412186
0 0.48553037727791715 0.5723842663488033 0.10025587955902786 0.0821360207602467
0 0.27674891042857663 0.25401497383972693 0.08884560087368065 0.06137785178688589
0 0.3561448164887501 0.2112000741437381 0.055705792553055564 0.045978344866803675
0 0.42587608824024326 0.2226270054743885 0.0845945119678472 0.07993685079830275
0 0.6150353861116324 0.5362942105310351 0.08441267401194459 0.07212435079830275
0 0.39154790719753535 0.7597794955885568 0.09396951196784728 0.0803188527754692
0 0.5821378460271187 0.8331082021280782 0.08132404160312508 0.07355951680591417
0 0.6656621268966674 0.9873513972617118 0.07460126291777769 0.025297205476576323
0 0.4608453806963896 0.8867040929268184 0.05883079255305575 0.04610567885919252
0 0.1888378684442019 0.6016619535737718 0.049528527735416716 0.04884867688202608
0 0.22021450180295185 0.5748421269957569 0.055778527735416715 0.04910334486680377
0 0.1354732130496184 0.4215314431936485 0.05112739532659729 0.050474843878220634
0 0.18334701538631976 0.3992863700756747 0.06504442496187504 0.044797846843970035
0 0.1558785916587157 0.526951113649884 0.06860583605604172 0.06367518083635879
0 0.5252501067606951 0.7363486072612744 0.0840853656913195 0.05806185079830275
0 0.41527242866468794 0.5718630015200559 0.08128767401194459 0.071997016805914
0 0.4212490185204518 0.5268370030029306 0.06682513050895836 0.05423651384016459
0 0.4644716884483337 0.5059634288963736 0.0668978656913195 0.05736151384016441
0 0.5350731695466322 0.42064269421941275 0.07485583605604162 0.06392984882113631
0 0.5733914403481949 0.45732695212807817 0.054361498100139016 0.05528967787060921
0 0.70514154777448 0.9536355608350462 0.07314786569131951 0.05761618182494175