0 0.16114567758805481 0.17981805262104184 0.06549359604505715 0.08888196846486114
0 0.3864573980028581 0.2813123899113545 0.050884792826748536 0.08074216014423614
0 0.3884626583944183 0.353351044071667 0.049901447033792935 0.06667966014423614
0 0.37310046630430393 0.5282783088893058 0.06640053218308672 0.07954333605604162
0 0.32909909402824483 0.5084736487450698 0.050229228964778015 0.07136716014423605
0 0.26698686011978817 0.4679018937110767 0.06788662252816077 0.056178571238402954
0 0.44847716074020677 0.4463029166968407 0.04819683540139543 0.08691942496187507
0 0.48108257508670976 0.6066962092498963 0.05040419158591121 0.02925239532659738
0 0.43991698968531434 0.6918154384483337 0.06687042574646931 0.06395470364722229
0 0.43345954005363146 0.7393989532659726 0.05371486188449896 0.054288762917777865
0 0.4163923723529338 0.7820403949453476 0.046885707677454744 0.06816942496187509
0 0.44518936170927204 0.784275695382188 0.0381991225281606 0.05548758700597212
0 0.338824747226883 0.8170135005686809 0.03732503737886681 0.04298758700597212
0 0.3050453269282952 0.8412679649494794 0.050666271539425004 0.07761716014423606
0 0.3214626485839358 0.8862538098392363 0.0377620799535137 0.04923758700597247
0 0.30753690637760595 0.9399236704965628 0.055058840597175515 0.05120013050895835
0 0.3825094092275975 0.8861096458952782 0.042198207677454566 0.06806032218833344
0 0.4232001112050689 0.9308779384483337 0.05557229282674854 0.0808512629177777
0 0.21350840092972428 0.9717503262723959 0.0512454257464694 0.05649934745520824
0 0.09409176541211332 0.9373032443004167 0.05393338317182246 0.05741376291777769
0 0.1633384281691325 0.7863232789696877 0.06988616510280768 0.06246493882958326
0 0.49012298340425353 0.1976478643601393 0.041542643815484226 0.058685322188333354
0 0.545580661748613 0.15433492866468795 0.050229228964778015 0.07136716014423614
0 0.6019127892204523 0.21042258092513938 0.04110560124083733 0.052435322188333355
0 0.5689638954049681 0.2675622804882991 0.04354218639013112 0.06497168977951392
0 0.6061471851296234 0.3177265878589936 0.06367972376899793 0.10755923328249999
0 0.7228754992436953 0.2374961868328131 0.04688570767745457 0.06816942496187509
0 0.6711326827838349 0.22768412252826448 0.05557229282674854 0.08085126291777778
0 0.6624075288288921 0.1398386304120492 0.07621257475773362 0.08601154160312507
0 0.7618173029662071 0.08346330347406314 0.06349405347041034 0.0825956008736806
0 0.8023766009887356 0.040586125662396506 0.06087179802252862 0.0450956008736806
0 0.4768906459091712 0.11830520326597263 0.05669775025210164 0.0746376305089584
0 0.26805160542821116 0.28481663677722246 0.060150532183086726 0.0793978656913195
0 0.31322235777399965 0.37742301728618083 0.07086951089576328 0.07652743882958335
0 0.337430400096545 0.4452833177230211 0.010467606436617417 0.015843205547083274
0 0.26939095825853226 0.5454274816669794 0.051463947033792846 0.06671602773541671
0 0.2627424844895343 0.6516956654625697 0.05579081411407198 0.08397626291777786
0 0.22674536430716205 0.7971893502080905 0.052010250252101466 0.07452852773541671
0 0.36541438039870544 0.7612908306407989 0.044853314114071986 0.08372168977951375
0 0.4201286495923419 0.5943221893982643 0.08988159084927716 0.125328614741389
0 0.47619370725012616 0.8444689661837504 0.03951025025210164 0.07423758700597247
0 0.5931951729733523 0.7603323151575699 0.05066627153942491 0.07761716014423606
0 0.6170579159359869 0.48622266793111163 0.04016581411407181 0.0836125870059723
0 0.5280550361183591 0.3378195758911463 0.04433986188449897 0.05407055737069442
0 0.9022623504845326 0.19002504084062574 0.09456909084927716 0.12543771751493066
0 0.6416904732647948 0.055626631361979706 0.06974405347041035 0.08274107123840284
0 0.5210883961612727 0.04577689304548655 0.06719820767745457 0.06864220364722227
0 0.44023723390845665 0.049372712099687875 0.09910377153942491 0.07874455547083341
0 0.30413048910423673 0.08220078305375025 0.0549167289647781 0.07147626291777782
0 0.3072901599839022 0.6636878256068058 0.050010707677454566 0.06824216014423605
0 0.26720148348112815 0.9460275469214586 0.052665814114071986 0.08390352773541672
0 0.31352763241551784 0.17162695896555583 0.06483803218308673 0.07950696846486113
0 0.20519851021633323 0.9038932918874656 0.058806553470410264 0.08248649810013901
0 0.7415055309225791 0.3067917007005215 0.04677644703379293 0.06660692496187508
0 0.6549235387162492 0.35877046836795196 0.060445463125336295 0.10592399810013883