0 0.26316820170428334 0.03522678596436528 0.06970457386326193 0.05548747867599958
0 0.35202615016215577 0.024789819979319134 0.09467730032431154 0.04957963995863827
0 0.278508603895034 0.153040994629229 0.06668866801906326 0.061701116008908666
0 0.5706939241048479 0.3285836979233217 0.08039661201270878 0.04155224801081765
0 0.4467866400125907 0.5269404766072755 0.10583298863591431 0.0668431493475449
0 0.38075431127806486 0.6386688646165023 0.08845457386326191 0.055705654678545005
0 0.23640429342115743 0.6059665473026833 0.05418866801906326 0.06155566534054522
0 0.2909475174465751 0.6865983819621381 0.07595457386326192 0.05556020401018138
0 0.1231212690714282 0.4728824219844098 0.08234094155801364 0.06344542934436319
0 0.3481916327089901 0.29522794728677487 0.15701365909060955 0.04556813335454448
0 0.29080978084255105 0.23103872529441088 0.06323638555165925 0.042914753341817755
0 0.1082893814911741 0.33943412265277334 0.06024775324641087 0.05069089067472685
0 0.19699514569463364 0.49702789930777397 0.08568412986961631 0.07598179201145391
0 0.529696777189103 0.35250300326227596 0.06191934740221221 0.056959072008272396
0 0.5685507715070601 0.3848700605904126 0.047720479707460586 0.048982940006363405
0 0.4105394484545771 0.46484955661204796 0.08023297077900686 0.03217724801081765
0 0.517021273535655 0.47689447593095774 0.05903980925276535 0.0709852093411815
0 0.5636917219935275 0.46463028592459443 0.02910684740221221 0.056577264003817976
0 0.545810521100023 0.5593888025939124 0.07595457386326192 0.05556020401018138
0 0.4933537228043064 0.5982882179344575 0.044595479707460584 0.048946577339272504
0 0.3883525771063775 0.5815376172820024 0.09796594155801355 0.06362724267981754
0 0.5209279289761118 0.16350413792968505 0.06216480925276535 0.07102157200827235
0 0.5834824760540126 0.16590188458786725 0.04484094155801373 0.06300907733927245
0 0.5990199269475169 0.07117063991886736 0.07323867694751698 0.07896134134309048
0 0.4833500624991762 0.114712649268003 0.061755706168510116 0.047584072008272346
0 0.4098949715897858 0.15932626261141164 0.02543637662320535 0.025290901336727113
0 0.3833557909888207 0.20573818594845691 0.09782957386326192 0.05581474267981754
0 0.48185001785690745 0.031920519971364955 0.11995003571381488 0.06384103994272991
0 0.26000406574558704 0.16732167063177433 0.02691705600635439 0.02062158267027252
0 0.20207278896022585 0.11642278930618306 0.08228639448011288 0.060320429344363144
0 0.5930813928552598 0.26815472792014006 0.11202844155801372 0.06379087468172662
0 0.22549802110002304 0.5631159759707286 0.06945911201270878 0.04142497867599957
0 0.30950878246410884 0.4965000932925019 0.049201159090609535 0.04431362133990877
0 0.3947820348997408 0.4126785292807297 0.0584670649348082 0.038172709341181485
0 0.30243484780595403 0.35983588729313826 0.06482615909060954 0.0444954346753633
0 0.42181609334172715 0.3498512652769117 0.06164661201270878 0.041334072008272396
0 0.48814447686479145 0.29985071793445756 0.05838524431795715 0.03348520934118149
0 0.4888790880667214 0.20763594593413942 0.0631272913958579 0.036664753341817756
0 0.2902722183433748 0.11070804396086545 0.058576159090609536 0.04442270934118144
0 0.3382421140413038 0.12812226328772938 0.05383411201270878 0.04124316534054513
0 0.39307961850553064 0.1360796666136388 0.04300570616851011 0.04736589600572705
0 0.11575482832419348 0.5432949193189097 0.06789661201270883 0.041406797342454026
0 0.2811576858726754 0.5734080386298653 0.06310001785690744 0.035102253341817755
0 0.2920230478853843 0.6139148599618199 0.06943183847375849 0.03986247867599957
0 0.44170544804754003 0.63874104260823 0.056850017856907444 0.035029528007635945
0 0.4504122463432568 0.6003507046069573 0.05720457386326192 0.05534202800763595
0 0.6161269752399384 0.5140303019175947 0.05843979139585791 0.03661020934118149
0 0.6397729809219813 0.48093599124764025 0.05539661201270896 0.041261346674090406
0 0.6205087378218401 0.40692632658341293 0.06808752678536116 0.0523442973424542
0 0.4264842280826075 0.25915353994272994 0.05736821509696384 0.06471702800763604
0 0.4630881554371616 0.1626143472708665 0.04591251785690744 0.03490225867281786
0 0.02013045697599381 0.6608375026655 0.017896612012708833 0.040824994668999894