0 0.6539664476809072 0.6191576505929322 0.08343323821317572 0.051607273606936135
0 0.6061839191448599 0.6360413137047596 0.10236732878371627 0.09010833148532633
0 0.5362866420565547 0.598593792587485 0.06922518899896417 0.047663226251889415
0 0.6377207094677315 0.5731016979479788 0.08750430810555195 0.07210178413027997
0 0.605976249790603 0.5138477952889081 0.0791823858558109 0.06070925782192056
0 0.7035426085581087 0.5230492190652535 0.10541955417661057 0.08872784200867016
0 0.545890620344933 0.48522924260160244 0.07932793507002263 0.06383425782192056
0 0.46697156182509636 0.5736462714702104 0.06319351282028159 0.0519867052052021
0 0.3853020308078497 0.5525517924463106 0.10647263192686936 0.0778813472703419
0 0.3711988353987449 0.4852200792780136 0.07569351282028158 0.052714747298576906
0 0.28313590922006243 0.49504937656247305 0.09262845574818704 0.08174979991529537
0 0.10399421877335638 0.5172337316547357 0.10959763192686944 0.07806335779368574
0 0.1965477458616616 0.5533616764777685 0.07722177956950457 0.0855272472985769
0 0.39206995347187545 0.4119344977220999 0.09895123035529281 0.08367632096198285
0 0.46996166707794523 0.4528332425310152 0.08801373035529281 0.08303928413027997
0 0.5397818614535927 0.42134875312494613 0.10000430810555194 0.0728298262236546
0 0.1937693864749834 0.29187814490773734 0.10087760339082216 0.09157982622365468
0 0.49497447559778196 0.367555895190086 0.12097177956950453 0.08807539462538871
0 0.6031294239023708 0.31817127424222064 0.10483735731976367 0.07622784200867017
0 0.6106380169541108 0.39528751108804105 0.09197348428423435 0.06768729991529536
0 0.6173717063673596 0.2875737216255022 0.09262845574818712 0.08174979991529537
0 0.5433862427612898 0.24644746366240727 0.07464043507002245 0.06356124203690498
0 0.5685296379227255 0.2144316242139858 0.08281680810555195 0.0718287683452643
0 0.689402910048632 0.16900646117274568 0.08833906203449331 0.05656778939195171
0 0.7512693633156197 0.20222150859837945 0.08630568114108109 0.07982327886860804
0 0.48847395678164424 0.14389088203590644 0.11101458271265763 0.07502936305535757
0 0.15818295099067609 0.38560502908036953 0.08245293507002258 0.0640162683452643
0 0.6793879011572919 0.10535348485026899 0.09201202564056317 0.10197129465362353
0 0.7952119543004449 0.08607359285571622 0.11679370181924557 0.09873987884037314
0 0.806924473735755 0.5561963770565832 0.08267125889134022 0.0687037683452644
0 0.15462980376232566 0.22522126592618985 0.05018409057054054 0.0403211631118273
0 0.20799024420903173 0.2103628343985111 0.0854323858558109 0.06107327886860805
0 0.34341832195929073 0.19150787663306024 0.04258991439185813 0.044553636803468064
0 0.35450352522627837 0.22768059506302912 0.051819365177646404 0.04197466837349921
0 0.32053093961813656 0.2719612160814816 0.06475601282028158 0.05207771046687402
0 0.2905759199734294 0.3520428292074264 0.05865156203449331 0.05483868942018653
0 0.24977113750844068 0.3841874712725663 0.04883991439185813 0.04491765785015556
0 0.22811230727698234 0.3564642896743003 0.0479323858558109 0.05888915258848364
0 0.172757027293193 0.42940823698699476 0.047059090570540585 0.04013915258848364
0 0.13491242493582814 0.441012865897955 0.045569365177646405 0.041610647326811724
0 0.1746684377561097 0.4872662396178306 0.09568068114108116 0.08036931043863901
0 0.3791461143490769 0.3194662766612951 0.08786818114108116 0.07991428413027979
0 0.4650108397419711 0.3128984872693434 0.08081766046291676 0.062362763083592475
0 0.5197903850272414 0.3285088057416646 0.04415241439185813 0.04464464206513998
0 0.5759333771693586 0.35657362158314987 0.06148546360606986 0.04877069994353027
0 0.5441354135632887 0.312990221554915 0.04215326674922295 0.03517863680346807
0 0.5387372841176186 0.2811864847090947 0.05367296360606986 0.048315673635170954
0 0.4670762998333842 0.222690716222656 0.05396406203449331 0.05456567363517104
0 0.4860467777074778 0.2599709083442656 0.05196491439185813 0.04509966837349921
0 0.6611537855653606 0.21843731377534673 0.06639128742738745 0.05373121572854576
0 0.7038550159206535 0.2942871822335505 0.07583906203449331 0.0558397472985769
0 0.8342445291552198 0.18407147709893554 0.11094180810555158 0.07346686305535761
0 0.4758349855225793 0.5284779846385075 0.08928513192686935 0.07688028939195171
0 0.06284687220695977 0.3065538368881727 0.04680653349844601 0.06817314732681172
0 0.06435802233079427 0.3558180895190086 0.06148546360606986 0.04877069994353027
0 0.9628917599247975 0.10372528248766429 0.06504711124870503 0.058327710466873975
0 0.7733264156302033 0.49078347965918423 0.07878427956950454 0.08561825256024883