0 0.2034289813399774 0.1856275090704927 0.054366127390180985 0.04555060217691827
0 0.21160003161683258 0.08255707277282352 0.040003238741233016 0.04037202885594053
0 0.2759023635105204 0.056614620866057765 0.06892927513842757 0.05385417549789595
0 0.4429630482742704 0.23549113293177532 0.05027940468807692 0.054761911069925694
0 0.47922072332041293 0.21953131623421956 0.037779404688076924 0.05432540145127884
0 0.538015929983388 0.2795263643274538 0.08203005243632351 0.06366568511654283
0 0.5387797887135465 0.41422874654143893 0.05672966378737563 0.05810516587924912
0 0.5622301758213348 0.5614683342903869 0.055628238741233106 0.040917665879249124
0 0.5942020666297512 0.6001687357416657 0.05017927513842757 0.05319941106992569
0 0.5057205575304525 0.6002108865599725 0.046153109191583754 0.03902778366526398
0 0.4949356469822795 0.7196330091553106 0.03581638648947969 0.0480208377489479