0 0.2599413216722802 0.3527409769329359 0.04052684091247105 0.03798467887824373
0 0.07989833600673617 0.41112892978275495 0.0522920118629981 0.05887038896415202
0 0.15499778958050803 0.5896910210308992 0.04948534684397003 0.06651911465389251
0 0.15133032562661283 0.3657588760738533 0.05522601087441492 0.05434666327441153
0 0.41674312551288206 0.2214134910664301 0.06641817885919252 0.06116987336031983
0 0.5154525395433269 0.21411332541716935 0.06871550790866543 0.041021147670579336
0 0.6340844758168933 0.3131007813192061 0.038229511862998146 0.058133404567984305
0 0.6086480771094877 0.39674211894930567 0.07566584486680376 0.058536196291098366
0 0.4135967871462311 0.9850140267408796 0.04495967292769336 0.029971946518240956
0 0.38384827874327415 0.94470050486124 0.08261618182494201 0.07605124491161738
0 0.48549169178513585 0.9328766135222388 0.04527800790866543 0.03979284034363317
0 0.5706134496938013 0.9720453762431955 0.06954317885919252 0.05590924751360902