0 0.3547855531745716 0.68828125 0.03303975897699045 0.0390625
0 0.2736310019449076 0.7046875 0.05490566861791084 0.0375
0 0.16016287870292828 0.53828125 0.04407725292686626 0.05625
0 0.2776241312370111 0.85390625 0.03934430113146812 0.0484375
0 0.28198944437053175 0.9328125 0.06581589754067192 0.0328125
0 0.18853890533931203 0.85 0.03301248789975157 0.034375
0 0.2418366221618248 0.8796875 0.028379530054229284 0.04375
0 0.16393381507842827 0.78359375 0.047111349336070064 0.040625
0 0.09267189343545537 0.7546875 0.033057939695149675 0.0421875
0 0.24166442622015918 0.984375 0.06731476502711464 0.021875
0 0.18992466421810664 0.95390625 0.03772725897699045 0.0390625