0 0.44807684068844456 0.5166517842880213 0.04226664558877822 0.05090918977951393
0 0.5776968846437783 0.6550265661075005 0.0226154796419344 0.03641027868534721
0 0.4070456207641177 0.7418147852379517 0.04126535009228505 0.03528418977951393
0 0.39806184454595595 0.7721198810776393 0.026802331893687813 0.028706881458888844
0 0.38582266040051477 0.7921778079393753 0.02377746144333708 0.03019664627652787
0 0.48823745913621047 0.8422888703440631 0.02533996144333699 0.030233013867708537
0 0.43652356724806 0.7824040708571532 0.0349547933370248 0.05853985182361114
0 0.42258218075858045 0.8290244977188893 0.04186612739018099 0.044659189779513754
0 0.31187282310815617 0.7129974945847571 0.03329216378737554 0.05694098423243048
0 0.2997628493263179 0.6822014362641322 0.03561612739018098 0.044513719414791805
0 0.25082350401439485 0.6278581219595836 0.022114831893687813 0.028597778685347207
0 0.2255336073458824 0.6562188580918752 0.027503238741233015 0.03964438145888884
0 0.21658010950535073 0.698260887727153 0.029265997840531632 0.04280574905006951
0 0.24411482418789032 0.7325456219595836 0.052342552436323506 0.0620648953265972
0 0.27422382634735865 0.7754968413743752 0.037178627390180984 0.044550087005972294
0 0.4025664767164989 0.6407789620996878 0.0626187183831675 0.07634560087368066
0 0.4578478547249888 0.791506967133681 0.03259125693983034 0.046003484232430655
0 0.4838293638242874 0.7889820323881602 0.03561612739018098 0.04451371941479163
0 0.45119853409006794 0.8586399157469101 0.04120479333702498 0.058685322188333444
0 0.5364210425710578 0.664237258736806 0.030728368290882456 0.04127961664125017
0 0.4711977583333315 0.717488238885174 0.044991127390180984 0.04473192496187508