0 0.35010155659241715 0.4284042890376739 0.03144089754067192 0.03353985182361115
0 0.3385737041330891 0.46094403210381973 0.026853391490547728 0.05061824905006951
0 0.3868748487468949 0.438633927430417 0.03144089754067192 0.03353985182361115
0 0.4104032523376911 0.45480444129812536 0.028343168617910842 0.03815461664124999
0 0.42692313182618624 0.47471755100552115 0.03145907825883114 0.03666485182361114
0 0.4208003968533009 0.49644708064079895 0.017351126463433175 0.02852504350298606
0 0.40838675526455726 0.5109998899113546 0.02678066861791084 0.03811824905006951
0 0.3890691287029283 0.5472640450215975 0.020530668617910842 0.03797277868534721
0 0.38148388767991875 0.5861447070656948 0.04395907825883123 0.03695579255305557
0 0.40966342983439646 0.5961743237069448 0.031504530054229284 0.04447735182361114
0 0.4208281888113869 0.6354913968452086 0.02519998789975162 0.034956881458888846
0 0.3366299299325923 0.5296394807170489 0.022074987899751618 0.034884146276527875
0 0.3717634540348933 0.5265515015186114 0.02519998789975162 0.034956881458888846
0 0.36410094495970696 0.5521509135627086 0.03781816256778665 0.05556032218833344
0 0.38552597218526585 0.47531630983923645 0.01886817466803503 0.02074891109416672
0 0.3668623305965223 0.4897236487450698 0.03459316861791084 0.038300087005972115
0 0.4008793031745716 0.6975186181598614 0.017323855386194253 0.023837543502986235
0 0.35733331537301594 0.5972997594023961 0.020476126463433175 0.028597778685347207
0 0.3865350020431034 0.6487538098392365 0.031495439695149674 0.04291485182361114
0 0.3333367582896194 0.5006604955346878 0.022020445745273863 0.025509146276527873
0 0.39657710167376115 0.4951021329775003 0.0220477168225127 0.03019664627652787