0 0.25630435196731655 0.6871370725920942 0.09159523677523325 0.07489818068726599
0 0.16342254707269796 0.30332199457293313 0.0502421946818584 0.06026911465389251
0 0.2212875259554234 0.36846563772095664 0.05345819994353027 0.06199538896415202
0 0.30303107864272905 0.30540903776638517 0.07377069994353028 0.06305992198083885
0 0.2934887496470641 0.3568453850074232 0.06659523677523324 0.07358798620519007
0 0.2952479416980866 0.4139585221625529 0.05024219468185844 0.06026911465389269
0 0.3541910312170953 0.3630677295349277 0.08718075256024882 0.0793400192218769
0 0.3552599785297896 0.4217843102676223 0.050060184158514695 0.057144114653892686
0 0.406071320609047 0.4465486148810352 0.07973227360693613 0.08518058344622811
0 0.27163540742663245 0.47945404737732356 0.09159523677523325 0.07489818068726599
0 0.3664998573701627 0.5340386488022331 0.0769867052052021 0.06478619629109836
0 0.50436387841685 0.5330825791508149 0.09968075256024882 0.07999511646291495
0 0.506914941839261 0.2539749332892579 0.08645271046687401 0.0668400192218769
0 0.6886052866199414 0.1982184989839472 0.09904371572854594 0.06905761646291486
0 0.7945129233528223 0.30786241463320796 0.07275423151356133 0.0723530348257091
0 0.5578011496047118 0.3876605365231897 0.08314569994353035 0.0635512449116173
0 0.6509442048522663 0.39923544437053443 0.06541216837349921 0.05327548620519007
0 0.4399388154179622 0.36876112958035623 0.056310184158514784 0.057471663274411534
0 0.4776733048240314 0.4380943057450666 0.04629814732681172 0.046042840343633
0 0.15212654423010052 0.5264662454774443 0.07587923151356132 0.07251680913596861
0 0.14942574943530265 0.5877312940979633 0.0632882262518895 0.07029921189493056
0 0.16451169411716107 0.6449296404344901 0.07413472099021767 0.06930992198083885
0 0.07275610459815245 0.6975400633198401 0.068885778868608 0.08616987336031982
0 0.13758371502267414 0.8015005450024745 0.09223227360693613 0.08583568068726635
0 0.20852627560248757 0.7413609051338111 0.06337923151356133 0.07186171189493056
0 0.5493993024755441 0.1357704879026707 0.047117194681858446 0.06010534034363304
0 0.5087287998447082 0.13711830393604427 0.06154371572854576 0.0670923247398008
0 0.4257034682182074 0.19162209746818065 0.10747784200867017 0.10688516508343389
0 0.5935056182464423 0.15304984113660253 0.07072129465362345 0.09093926051544958
0 0.6523800893072471 0.14134437924167198 0.10262374203690498 0.07703389077317438
0 0.8796097182182073 0.1678338789029877 0.0862552893919517 0.09019563206674715
0 0.735297547072698 0.2733512957954439 0.13542083148532633 0.10523413387576941
0 0.5749824023767222 0.23865314846354885 0.0964647472985769 0.07826884215265535
0 0.4406297891801902 0.2864432745374021 0.07193518415851478 0.058290534825709096
0 0.37497469710093284 0.2624568978977219 0.08002069994353027 0.06338747060135788
0 0.39879860495108826 0.30822642130347033 0.0801117052052021 0.06494997060135788