0 0.850259504060485 0.288483219883869 0.044459112012708954 0.041134077339272504
0 0.9713514797107559 0.4214218945337788 0.03840002678536116 0.05199885200509069
0 0.8095667256535659 0.6060797998886415 0.0507091120127086 0.04120680267345413
0 0.7320087414818787 0.6640019352323683 0.04939207386326192 0.05525112133990877
0 0.6977080592593559 0.8838877212365045 0.046157979707460585 0.04896475867281787
0 0.6915711075550726 0.9222326059039135 0.03829093262955983 0.04574885200509051
0 0.8116751018730298 0.8880292338876871 0.0649352532464107 0.0507454346753633
0 0.5226886940002362 0.9765308492600487 0.05216251785690744 0.03497498400699968
0 0.4527540694056256 0.9109518499363667 0.04610343262955983 0.04583975867281822
0 0.8708900093387861 0.6280178872135964 0.02880683847375849 0.039389764003817974
0 0.945504225653566 0.6044980238701878 0.04618525324641069 0.05052725867281786
0 0.8333803267092262 0.6737576485519143 0.04766593262956 0.04585794000636341
0 0.7560035746806314 0.7660456932288684 0.024201159090609537 0.044022720003181706