0 0.5688053582782027 0.23285655356742713 0.05669775025210164 0.07433752678536125
0 0.5994544247380633 0.2419957743464339 0.0413241225281606 0.0553420649348082
0 0.6440949353817249 0.24121057020651865 0.03674588317182241 0.056822744317957155
0 0.7150958502324312 0.2549651529982343 0.06018338317182241 0.05723184740221221
0 0.679081940577505 0.2778026351413268 0.04579310124083733 0.05229888555165916
0 0.6335455654514542 0.31377136282019247 0.028747712873234653 0.03171365016215581
0 0.6078300174289257 0.35712589650541254 0.042995883171822416 0.05693183847375849
0 0.5655386106239912 0.3243173506453278 0.055277361884498964 0.05402502678536116
0 0.756272871267653 0.3260822223972693 0.03808986188449896 0.05372501785690744
0 0.7441610013373824 0.3986157414719928 0.0538241225281606 0.055560253246410875
0 0.7618348203951328 0.4255191607088721 0.05982275025210164 0.07439207386326192
0 0.6232639932916106 0.4160605657422917 0.046372255447881726 0.03826365909060954
0 0.5896156129697798 0.4162554346548594 0.02515281930985207 0.04725682954530477
0 0.5572730065331625 0.4313349638758527 0.03710651609154354 0.03966251785690744
0 0.5396652534310693 0.5600912094116258 0.0367787341605581 0.034975017856907445
0 0.4351577059127438 0.4550161513766765 0.06374542574646931 0.06353639448011279
0 0.8283289156838853 0.5596544273479636 0.06072968639013112 0.06504434740221221
0 0.8472538783050185 0.6022237568932682 0.07635468639013113 0.06531708279171564
0 0.7281054045360206 0.7065236988583189 0.0491366225281606 0.05547843262956
0 0.66668158547827 0.6788566205308302 0.06451025025210164 0.0744738944801128
0 0.5841640164205195 0.6508213494275118 0.08896394703379293 0.06709777110331831
0 0.8023680771803967 0.7743072625753111 0.05058986188449879 0.053943206168510116
0 0.6739588539156018 0.7313912853034826 0.046809298022528624 0.04451365909060954
0 0.7030236410423673 0.7631867560824894 0.039652361884499145 0.05375229139585791
0 0.6650319681458894 0.7695634411476812 0.05582366510280749 0.06183752678536116
0 0.7420972126980077 0.8084543916341487 0.07857275025210164 0.07471935633066593
0 0.7735003959860457 0.8739254330300064 0.06298060124083733 0.05259889448011279
0 0.7109239863311198 0.8962992650109431 0.049027361884498966 0.05391593262955965
0 0.7074987015501429 0.9564691517804181 0.057965319309851895 0.04782957386326174
0 0.658088563434642 0.9024168514561067 0.05248014381548423 0.05865797970746058
0 0.6642021696191577 0.960406629459284 0.05993201089576328 0.07595457386326174
0 0.627297385342384 0.8729378571381495 0.06563570767745475 0.06825116801906325
0 0.6166055398015299 0.8133037585181213 0.08126070767745475 0.06852390340856651
0 0.5825090452494116 0.7751628303527884 0.06276207995351371 0.04947389448011297
0 0.5487624759395595 0.8215059963432567 0.05593292574646931 0.06340002678536116
0 0.5023134468585659 0.7698519930968459 0.02707595222957302 0.03012387662320535
0 0.45461363819237555 0.8143871972367611 0.057713947033792935 0.06655230032431163
0 0.49913989833183425 0.960654271100023 0.05026207995351371 0.04925570616851012
0 0.5873829435043711 0.9730328327900679 0.0631991225281606 0.05393433441986417
0 0.44221146320221083 0.6561655941525061 0.07454081411407198 0.08401253571381488
0 0.6225159582585323 0.5498043202065187 0.04244957995351371 0.04911933847375849
0 0.6205985431557246 0.6107827305149442 0.049245883171822415 0.057040932629560004
0 0.802657290305733 0.6694970316500346 0.03532549480421991 0.03651024431795715
0 0.8376442955015131 0.7060890965848428 0.03888753737886681 0.04281479139585791
0 0.8230797789057668 0.8919993230458925 0.04379355866619008 0.0460216120127086
0 0.4770510029268662 0.7060525458567894 0.047464861884498964 0.05388865909060954
0 0.5399341431360541 0.9253849728043064 0.06251070767745456 0.06819662094116268
0 0.7535370932719402 0.73434473578995 0.04702781930985207 0.047638659090609534
0 0.8474834712479826 0.643684553971169 0.047574122528160956 0.055451159090609534