0 0.6702786391552424 0.8592452840418936 0.0719126740119446 0.07407796265733602
0 0.6552556640408674 0.7313211935850188 0.05268989532659738 0.05234467261537965
0 0.49598584755211733 0.9164746757388794 0.06504442496187508 0.047041865976683896
0 0.34593717505878424 0.6045755591374955 0.037283100873680655 0.06053568091374952
0 0.32740603381624955 0.5601268195104577 0.07525587955902786 0.08368976099766208
0 0.3613465823532288 0.48052275249879967 0.030487587005972296 0.03662458423309758
0 0.4112374795796871 0.48899902594401645 0.03521145459715278 0.038542281743586496
0 0.40578560695451343 0.5551092780186089 0.03833645459715278 0.03877908008391273
0 0.3079494786297566 0.4545629811281754 0.05265352773541672 0.05078217261537983
0 0.3040270044653123 0.3540893844475233 0.02271145459715278 0.037595088382282336
0 0.2528099965815275 0.3353384618321435 0.06733427678548623 0.07841026514684701
0 0.258568380890208 0.3905587580978771 0.0589398953265972 0.05281826929603186
0 0.26301883833715245 0.43472315519344773 0.0712580573706945 0.04595296265733602
0 0.24499488373999964 0.4693582643216544 0.03353985182361115 0.033736382573423464
0 0.18322223556361075 0.43337229751513345 0.04480466014423614 0.04862767676456468
0 0.20404453505052053 0.37938353714217127 0.04193423328249999 0.05932837842423862