0 0.19866063385844765 0.6130073704344737 0.08466766587924912 0.058915814114071985
0 0.23678562723502566 0.665012266847848 0.06893353847458741 0.05469820767745457
0 0.24156735255543635 0.8196287110316494 0.05051092068857255 0.06276207995351371
0 0.12262886879750519 0.7494422611478648 0.06898810217691827 0.05626070767745457
0 0.3940177738769811 0.6478133312140215 0.04360615626060227 0.04357503737886681
0 0.4292087402117172 0.6941309563400723 0.05772321996293321 0.04612088317182241
0 0.4328223243324681 0.7476383685928883 0.025709328130301044 0.02206067029858776
0 0.46264623358829515 0.7458080708224613 0.054761911069925694 0.05058986188449897
0 0.5491045779606651 0.6696222652583641 0.04451389183263199 0.024934298022528622
0 0.34172609837908513 0.709941990616846 0.04549603847458741 0.05305929802252862
0 0.3955926536438955 0.8045550041104994 0.06246528366526398 0.04801116510280749