0 0.08789781429508739 0.7027654350700226 0.05666117688202614 0.050984611248705035
0 0.1220791547132668 0.7378874518192455 0.0677896778706093 0.05618153349844608
0 0.1703030904925415 0.8305865281217626 0.05672484387822054 0.052547111248705036
0 0.18891382764096024 0.7706314853176915 0.051973676882026164 0.050766287427387445
0 0.3081320598464631 0.6919692919755014 0.11399351581733078 0.08016699710451594
0 0.31254498722278085 0.7428597038861602 0.0693521778706093 0.056254308105551945
0 0.3465326680591397 0.8115026960282773 0.07442167984777566 0.06584763192686935
0 0.4422470746752108 0.7683948589723935 0.053854511862997965 0.05865156203449331
0 0.4845393454354574 0.8686153368464871 0.050220175893442943 0.046006012820281585
0 0.3769125292375658 0.944698339741971 0.0769391847906915 0.08935790653397539
0 0.4448176122413713 0.9463015351510758 0.09144735376405215 0.10095037799792798
0 0.5960445312147321 0.9642617847367912 0.06498301285158128 0.06384848428423454