0 0.5948775014217021 0.9962374686589692 0.05054551386770818 0.007525062682061545
0 0.579433032956841 0.9451369360642972 0.06355466014423605 0.04713106426490725
0 0.6208736909168756 0.8471911810497321 0.08255923328249999 0.058614133544379145
0 0.7388047669049312 0.7819191852063674 0.09062630642076393 0.0697789540774929
0 0.6775581423798964 0.7668648350480828 0.06711607123840277 0.06597199247815269
0 0.9704729942035076 0.806616622986524 0.03408536569131968 0.05564224623907634
0 0.9140775238387853 0.7987299151481075 0.06842399810013902 0.05507995658477523
0 0.8088074891695145 0.7371128020576994 0.08728310087368066 0.06031302586424747
0 0.8650185087368062 0.6029029381093612 0.06842399810013902 0.05507995658477523
0 0.8510112133339589 0.6384085290964456 0.07507404160312489 0.07244931301126592
0 0.9281555947928478 0.6656362703209571 0.011192073138263935 0.01125574874635884
0 0.9145470364722229 0.6511873254146643 0.040080792553055744 0.044886602665566856
0 0.9459243230413547 0.6575653575471179 0.09353310087368065 0.06049488229073816
0 0.959073060789167 0.38391490887990143 0.055887630508958355 0.053153743731793844
0 0.8912127603523267 0.3530537022951262 0.07024107123840295 0.06606292069139794
0 0.9059103867772225 0.313664593361353 0.07645470364722229 0.06468227711788863
0 0.31977221181534743 0.2544507854311589 0.09520470364722229 0.06522784639736087
0 0.8162094943004169 0.1830163354437942 0.12994337955902785 0.08185305674305984
0 0.7325924409168757 0.8504418646732539 0.04484102773541672 0.048147994985435004
0 0.737044857994966 0.9075640428864993 0.10011040919430556 0.07473923871722903
0 0.8675317917905563 0.9121415457894931 0.08572060087368065 0.06026756175762493
0 0.8035374545002437 0.6784053917911427 0.08437630642076392 0.06959709765100222
0 0.834780269186042 0.310033476510021 0.08139677678548622 0.07575616943775679
0 0.4471133489738195 0.12387203833415279 0.08248649810013901 0.05548913354437941
0 0.45866975123427095 0.1843238050272002 0.1184603656913195 0.0580973079967011
0 0.4058181613785071 0.2280677933487177 0.10650587955902786 0.08117109514371963
0 0.3455008700597225 0.3535702470304991 0.02536367591180557 0.016352425705962938
0 0.30667410619201413 0.32901887641824346 0.10011040919430556 0.07473923871722894
0 0.6627130859591326 0.69929089014179 0.07292966014423605 0.0474038489046432
0 0.852994553474063 0.7907068149898231 0.08721036569131968 0.05718802586424747
0 0.8776295711414936 0.7086672048024086 0.08906380642076392 0.06973348997087
0 0.7182058986481605 0.9931639444440744 0.07576371941479162 0.013672111111851137
0 0.14624183320625012 0.14478496575597533 0.057268292553055565 0.045386707838416515
0 0.1263482137152085 0.19573370031656911 0.060247822188333355 0.03922763605166191
0 0.2635942937873265 0.22236805964605372 0.05098192496187508 0.04364235141192578
0 0.19091985999173627 0.21947272868809903 0.062137630508958354 0.053335600158284535
0 0.5293244772985763 0.03335835009177756 0.10552395459715277 0.03898359514371964
0 0.6103049864166321 0.19185882336960028 0.05592399810013902 0.054716243731793845
0 0.766480944813507 0.1261381981384911 0.08408536569131933 0.057097097651002085
0 0.8436974082443751 0.12291992141631378 0.08412173328249999 0.05865959765100213
0 0.2318611698309727 0.603217242873864 0.058830792553055566 0.0454321719450391
0 0.20435768493295203 0.796816478688099 0.06540810087368065 0.059676528371529966
0 0.34324161302895917 0.960905373910961 0.06497168977951392 0.04092652837152997
0 0.6104823579949661 0.9038814502500621 0.04960126291777787 0.05140938730530316
0 0.5531770446403479 0.8233612244649569 0.0783445119678472 0.07879024122451135
0 0.8405861256623964 0.8278203700835303 0.06053876291777769 0.05172763605166182
0 0.7805344059632644 0.5957603763517364 0.06191942496187508 0.043960600158284534
0 0.6128559434823269 0.5698019669431096 0.06359102773541672 0.04869356426490725
0 0.7093685739912853 0.6241377774470931 0.08077852773541672 0.049193669437756785
0 0.5250838397588546 0.589108244918928 0.08731946846486131 0.06187552586424747
0 0.41487369158246584 0.6171302933487177 0.049383057370694414 0.04203438730530316
0 0.39371885809187523 0.27846259844242494 0.08230466014423624 0.04767663354437941
0 0.503275696047778 0.28945758590601256 0.0808148953265972 0.05075616943775678