0 0.1890625 0.5046875 0.05234375 0.0375
0 0.18515625 0.553125 0.06328125 0.0546875
0 0.2203125 0.6125 0.0703125 0.053125
0 0.25078125 0.675 0.0546875 0.0609375
0 0.384375 0.746875 0.0546875 0.05625
0 0.31796875 0.7859375 0.025 0.0296875
0 0.2796875 0.7578125 0.05234375 0.046875
0 0.46015625 0.7890625 0.05625 0.05859375
0 0.51953125 0.7421875 0.0609375 0.04296875
0 0.509375 0.6515625 0.05859375 0.06875
0 0.56484375 0.671875 0.0609375 0.04296875
0 0.7625 0.7734375 0.0765625 0.05078125
0 0.58046875 0.79296875 0.065625 0.0625
0 0.57578125 0.59296875 0.08359375 0.0609375
0 0.6015625 0.52265625 0.0546875 0.0484375
0 0.6140625 0.4609375 0.05625 0.04296875
0 0.5328125 0.4640625 0.0703125 0.05625
0 0.47421875 0.4578125 0.0609375 0.0484375
0 0.3890625 0.57890625 0.07265625 0.0484375
0 0.521875 0.528125 0.04765625 0.0484375
0 0.421875 0.71015625 0.065625 0.05625
0 0.82890625 0.52421875 0.05625 0.053125
0 0.50078125 0.375 0.0703125 0.046875
0 0.2328125 0.215625 0.0546875 0.040625
0 0.18125 0.2671875 0.06328125 0.05859375
0 0.2703125 0.4296875 0.1109375 0.07421875