0 0.5972637093014106 0.24213788208145076 0.03789998933799978 0.03481135200509069
0 0.5049671213001379 0.2504401834022696 0.028506808004454244 0.033139764003817976
0 0.43370590790104996 0.734051567393361 0.045603401336727245 0.025527258672817865
0 0.38366428596436525 0.2669998800524976 0.041134077339272504 0.0442227146721816
0 0.27478817795195676 0.3571516180378619 0.0031795440006363584 0.004723862667090906
0 0.26014442262095666 0.3397913953691802 0.02850680800445433 0.033139764003817976
0 0.3096177112905929 0.31848910737586167 0.048946577339272504 0.04431362133990877
0 0.24680008529600173 0.27790901336727114 0.03964430267345422 0.05045453333863614
0 0.14202912726768485 0.48531188602004455 0.04609429734245411 0.06771475867281787
0 0.14303654925209464 0.6001829080203628 0.030214758672817865 0.04565794533736352
0 0.33335191923936797 0.6961601213796798 0.044168170671545236 0.036446577339272326