0 0.8336545414959715 0.4208637036427885 0.06010534034363317 0.0467798247398008
0 0.8463083497274289 0.4679876871344451 0.07523237336031982 0.06782930913596844
0 0.8231032230877486 0.5334422687716509 0.08140048620519025 0.06659435775648745
0 0.805489677180763 0.6009539953659025 0.06602114767057934 0.07046298620519006
0 0.6860613257558537 0.6988702741987178 0.06585737336031983 0.06733798620519008
0 0.7602734317033188 0.7247500214851843 0.029844630257724703 0.034286468792335614
0 0.7928469142904644 0.6885735040723299 0.06059666327441153 0.0561548247398008
0 0.6192732954527003 0.7548580026019918 0.06758364767057934 0.07054487336031982
0 0.5516420601520214 0.7200160131174413 0.06988977611928178 0.05508364767057934
0 0.5444669679993661 0.6279513438501361 0.07276247060135788 0.0801655348257091
0 0.4935971867917016 0.6588195635469827 0.06988977611928178 0.05508364767057934
0 0.31675912708990606 0.7973475542747286 0.08765048620519007 0.06692190637700648
0 0.5008065784693871 0.7814348699694178 0.0787668091359686 0.07580558344622812
0 0.4668875226127788 0.5826631772963641 0.09595430913596861 0.07670634215265544
0 0.4282101249421995 0.5173181382867835 0.06388543758467105 0.05944359905006032
0 0.40322341304726894 0.45908955845860006 0.06512038896415202 0.05327548620519007
0 0.48484522727162016 0.44697798281428813 0.08156426051544959 0.06971935775648745
0 0.5418797992978875 0.42910440807448724 0.0702173247398008 0.06133364767057934
0 0.6491744001569701 0.5331567429910533 0.08279921189493056 0.06355124491161739
0 0.5084332134768103 0.5084134497976013 0.057553550429541286 0.057553550429541286
0 0.6421951390756937 0.6690499773872212 0.07687676051544959 0.06947369629109837
0 0.20266789235505406 0.5636077193581623 0.06725609905006032 0.06429487336031983
0 0.49946324796383507 0.3522043933751662 0.07951043758467105 0.06026247060135788
0 0.7344989099950512 0.14325436001979514 0.06191350180902226 0.05154921189493056
0 0.7962076939162491 0.18467389812486457 0.07539614767057934 0.0709543091359686
0 0.7389318617132166 0.36237285221787896 0.12498006784239593 0.09536781094499087