0 0.6795995312266436 0.5382585998268409 0.036703787427387446 0.05080008700597212
0 0.5385742708875615 0.5435792666205908 0.09644266046291676 0.05999455547083343
0 0.5171380725829725 0.5000650027528823 0.07576628742738745 0.05170927678548622
0 0.6228123378844534 0.41414764617961863 0.06526543507002262 0.06082970364722229
0 0.6576625268834174 0.37116136559441026 0.04393409057054054 0.03848192496187499
0 0.5690130957423363 0.4441793318750699 0.03982878742738745 0.050872822188333444
0 0.5535721863128769 0.40627928837208377 0.06511988585581072 0.057704703647222286
0 0.7130264230783105 0.30753592989895895 0.08401543507002245 0.06126611474138901
0 0.7570824840793465 0.3523587738387854 0.08016268899896399 0.04556837955902786
0 0.6833346149727586 0.37410518084888944 0.09633565260503385 0.09120818787965286
0 0.6124485343270155 0.2504481688810422 0.07703768899896399 0.04549564437666671
0 0.7006931654298246 0.8242149368328132 0.06221320967712849 0.06231946846486096
0 0.6551773041811197 0.8779023280753477 0.046442660462916764 0.05883079255305575
0 0.7790343351983664 0.8549759339830214 0.10988873035529281 0.08059799620027804
0 0.7216670990521052 0.7097348627446187 0.06889985731976367 0.07183993882958344
0 0.4543661290358946 0.7731199898351045 0.0671190334984459 0.06711607123840295
0 0.39403225062368175 0.7083658523922921 0.09084763192686944 0.07391158510611114
0 0.27986058871302294 0.7080547682361115 0.08274403349844599 0.06747974715020852
0 0.21413492721664892 0.8598159835668404 0.0895762303552929 0.08012521751493082
0 0.3023990605912604 0.8454463186729516 0.07300516046291676 0.0594490416031249
0 0.29916059057504973 0.9149775686729515 0.06631851282028159 0.049928571238402955
0 0.31003812448778056 0.9958788105048265 0.07885274607105863 0.00824237899034692
0 0.4166071098054721 0.8449761528291322 0.07122433664159918 0.05472517401194423
0 0.5824162003760127 0.8112947499030907 0.0827440334984459 0.06747974715020852
0 0.5349846205588391 0.9828995527632121 0.07405823821317573 0.03420089447357597
0 0.3529427160917784 0.86852144918191 0.0788570541766104 0.0845581443766669
0 0.6301047611676518 0.3079521975663894 0.08089043507002244 0.06119337955902786
0 0.5801218777930403 0.3232128684442019 0.058578787427387445 0.05130923328249999
0 0.6409415996712777 0.4614954248649658 0.0877568651776464 0.041062717514930645
0 0.6015130725829725 0.5020288526766324 0.058578787427387445 0.05130923328249999
0 0.6744325341221277 0.6491960998268409 0.09448205417661057 0.08492182028847228
0 0.5756439696064352 0.7384021105604172 0.071224336641599 0.054725174011944586
0 0.6413588608389295 0.7547914831855909 0.055599336641599176 0.054361498100139016
0 0.5104984667109509 0.625828068957292 0.07500430810555195 0.06886040919430556
0 0.37280791398208263 0.7610544412981254 0.06333906203449331 0.052980836056041626
0 0.38973854880443615 0.8005533523922921 0.058578787427387445 0.05130923328249999
0 0.323950882964836 0.7857264797671183 0.08169095574818694 0.07838087955902787
0 0.5196764518237548 0.8653633476426392 0.08089043507002262 0.061193379559027504
0 0.615455524611615 0.958315873478195 0.07485875889134022 0.06573540919430557
0 0.42993755562886166 0.9281886963321184 0.0827440334984459 0.06747974715020852
0 0.4425361788692788 0.5233557259673962 0.06333906203449331 0.052980836056041626
0 0.48137820099518525 0.5625825333380907 0.06809933664159917 0.05465243882958326
0 0.8193086180731305 0.09102253675656319 0.07002570967712848 0.06250130642076394
0 0.8115366976854164 0.308264588143334 0.0846704065339754 0.07532861474138901
0 0.8678488178254614 0.1906965348567021 0.08089043507002244 0.06119337955902786
0 0.8013031333791207 0.9477816830330908 0.06232021753501123 0.031105836056041624
0 0.8326622952897795 0.946165284856702 0.055706344499482086 0.02314786569131968
0 0.6072835754784566 0.6132209258148963 0.06631851282028159 0.049928571238402955
0 0.6094432349079161 0.6508118447928478 0.050547963606069855 0.04643989532659738
0 0.6119667673729048 0.6805902637707991 0.04393409057054054 0.03848192496187508
0 0.7427953138965201 0.17214394376666728 0.06511988585581072 0.057704703647222286
0 0.7888010951231637 0.6956554853697924 0.07002570967712848 0.06250130642076393
0 0.48504039433737545 0.685456988885174 0.06221320967712849 0.06231946846486114
0 0.2676452249831186 0.8024041802802084 0.060359611248705036 0.0560331008736803
0 0.23423556555365915 0.7640859094786461 0.06526543507002262 0.06082970364722229
0 0.7511040802359675 0.9340997363197229 0.07500430810555195 0.06886040919430556
0 0.7638695616247178 0.7607713390932644 0.059233758891340214 0.06537173328249998
0 0.7413203194826006 0.7915303766123271 0.05069351282028158 0.049564895326597205
0 0.5125788893749768 0.7658718407087852 0.0690454065339754 0.07496493882958326
0 0.5659265213018461 0.6951606036265631 0.07187930810555195 0.06878767401194459
0 0.5227030601769757 0.6996292448690976 0.06116013192686935 0.07322060087368065