0 0.35623584358053345 0.11383914790513013 0.05352497579950324 0.07215440468807692
0 0.3441852954741274 0.1716213695275 0.0628545240041051 0.06494268198597282
0 0.6568756721339523 0.2531078948228111 0.0645170179539809 0.08223031153562221
0 0.6523467325369984 0.3603894686969344 0.07235678903121964 0.0874184592838688
0 0.6356915394240031 0.13575970851790164 0.051862481849627426 0.05486677513842757
0 0.5800915000981959 0.03135551858619347 0.07069429508134384 0.06271103717238694
0 0.3699887504909793 0.30038791718346153 0.06916815651766237 0.07628070018457009
0 0.3516291150505558 0.36872690700442873 0.07235678903121974 0.0874184592838688
0 0.2865040847999347 0.2869948480897002 0.05971134328594587 0.061617422886674156
0 0.2564666059753694 0.34905355953303735 0.044040891490547726 0.052803627390180984
0 0.19988584963065764 0.14103960287006223 0.05654089149054773 0.05360466378737554
0 0.1830285850945223 0.4880845835917308 0.0597295240041051 0.06474242288667416
0 0.2123893530485032 0.40810718692321835 0.07244769262201593 0.1030434592838688
0 0.07341723575845227 0.5357186520671833 0.04884656615858281 0.07341651603912887
0 0.018889858804039827 0.5213545658545587 0.03777971760807965 0.06979086829088246
0 0.05879113349551597 0.6334948180140272 0.06764201795398088 0.08243057063492074
0 0.13085248585664813 0.5968576087301584 0.06924087939029935 0.0887807001845701
0 0.16860194985049048 0.6858106847637501 0.03936248184962739 0.054065738741233105
0 0.21535929606330256 0.568794363049095 0.07232042759490129 0.0811684592838688
0 0.2514099046709507 0.681285068632336 0.06279998184962743 0.05556768198597286
0 0.28715702801112586 0.5774696537652263 0.06443520472226431 0.06816781153562221
0 0.26893777225558924 0.7559148288113688 0.0783886204133089 0.05031897748246603
0 0.3027996878484379 0.7076682934939085 0.06132838544042354 0.07109255243632351
0 0.46737579313643635 0.6088734407807297 0.07072156615858276 0.07481832973421945
0 0.484095139643836 0.6882407657345871 0.051953385440423716 0.07049177513842757
0 0.5070326698944572 0.7726763224898473 0.06756929508134384 0.06993057063492074
0 0.5531905732888616 0.624460065550017 0.06290906615858276 0.07431768198597286
0 0.6124064920049681 0.6479988926633429 0.07237496974937904 0.0905434592838688
0 0.6586865943661003 0.6130138209486878 0.051844301131468026 0.05174177513842757
0 0.5982490641154794 0.5309813733850113 0.08474770472226431 0.06946949568106327
0 0.7766513200674077 0.47191035472498877 0.07077610831306061 0.08419332973421945
0 0.7209876482280431 0.3747337685123643 0.0628545240041051 0.06494268198597286
0 0.5096819886853184 0.4515325077150226 0.07072156615858276 0.07481832973421945
0 0.2179096626659825 0.004098412246216072 0.05793067466803503 0.008196824492432144
0 0.2278704699457707 0.03256397247139141 0.07539088544042354 0.06512794494278282
0 0.3160699067140541 0.04106343769379809 0.07549087939029935 0.08212687538759618
0 0.4298915121984443 0.07163305907161202 0.08804542154477701 0.09935725478036199
0 0.6248318283570271 0.007132121377813941 0.08620112041330899 0.014264242755627881
0 0.6761443434823375 0.03179215993447684 0.07069429508134384 0.06358431986895367
0 0.7549051477370637 0.05190499961701643 0.09435905405833438 0.10380999923403286
0 0.5438267471713296 0.08619860194721159 0.07542724687674215 0.07824371838316742
0 0.5122540394240032 0.14366994294019803 0.05499657220870695 0.05662953423772628
0 0.5119313316766767 0.199138692940198 0.07221134328594588 0.0624184592838688
0 0.7444029432111912 0.24281314004244914 0.07381020472226432 0.06876858883351815
0 0.6951205606976337 0.25690472085640276 0.08023292154477701 0.09885660703211538
0 0.5863768197728201 0.2896449745570306 0.058176114363184796 0.06620479333702489
0 0.8532814768796577 0.5896101920173473 0.05344316256778647 0.05809190468807692
0 0.6862763049420971 0.4347491186046494 0.03459316861791084 0.039702850092285046
0 0.6854031095896067 0.7190740538298247 0.08182269262201594 0.10364423658176455
0 0.41533657016560355 0.559884030693982 0.08485678903121965 0.08821949568106327
0 0.35634738954564016 0.6316076388058315 0.058176114363184706 0.06620479333702498
0 0.26284789530117675 0.4603217265596154 0.06125566256778665 0.05859255243632351
0 0.15308707592114015 0.3994121098098925 0.06604315651766242 0.07608044108527157
0 0.41168082592114014 0.38284066934292993 0.04719316256778665 0.05769138648947969