0 0.43657568089239424 0.7333546869222269 0.05898015785015538 0.048511707838416386
0 0.4210864597610023 0.8155761535361321 0.07231461575678075 0.036420884798020484
0 0.31496526237772077 0.8280868622324785 0.05429265785015547 0.048375315518548234
0 0.3262976045275653 0.7816210391920826 0.03619510523343692 0.03225021034569906
0 0.22847475455580019 0.7491374966347877 0.05429265785015547 0.04837531551854859
0 0.3709815019955514 0.6784111226573197 0.053276189420186526 0.05770485141192587
0 0.19423553342440816 0.8308133939692206 0.0658671946818584 0.05963106426490725
0 0.41365193331146866 0.9557465124699054 0.046571163111827296 0.049710494985435005
0 0.32947435438639094 0.9298994148189031 0.05925317363517104 0.05319920783841638
0 0.5519107965080006 0.9192132820659467 0.06421368942018653 0.05802310015828453
0 0.637498956988992 0.9672289244190683 0.08828822625188941 0.06554215116186342