0 0.3801721994586393 0.29814241115474366 0.05007420783841647 0.05794147477225646
0 0.34052702625995884 0.24993060044763774 0.04980142319868044 0.04856647477225655
0 0.28790213143280835 0.2652629345683886 0.05288095909205772 0.04711310217691818
0 0.33140339350700226 0.47282246342432915 0.04764788981258565 0.028199411069925694
0 0.30471887305303114 0.4945238486335392 0.035284282132453625 0.032450401451278844
0 0.3016991731321735 0.5248561893777121 0.05118206677218975 0.04237103847458741
0 0.243316023290458 0.5836929868379741 0.05159124373179384 0.05643353847458741
0 0.3449550796378064 0.5630481593406451 0.08146060015828453 0.06372024881887359
0 0.3737309489964209 0.6132217741314351 0.04484113855894432 0.03902778366526398
0 0.4405941885715796 0.5507788270339928 0.04663095909205772 0.04689484736759475
0 0.4026264903000746 0.7211533252198942 0.09441524122451135 0.07978175843752063
0 0.49676528371529927 0.6573214929132419 0.07364810015828453 0.06344743030721922
0 0.5243279940609982 0.6926240758528663 0.06850595909205773 0.04765873920022692
0 0.41822509507721256 0.5866791214990299 0.04810253087881229 0.0438244110699257
0 0.4948808717993899 0.5120908384667382 0.041943459092057725 0.04673115626060227