0 0.48000820548755085 0.24455593830830744 0.11862817363517095 0.05358074188232518
0 0.5156881002541138 0.2764605032431156 0.08003611049510884 0.03417617694751698
0 0.5799403160532468 0.2877486051095547 0.08305469468185844 0.05920345048646736
0 0.5766564213572709 0.3307037183400795 0.10051521046687402 0.06419095941492108
0 0.4404389293203659 0.40027410429877575 0.09280912628012442 0.03908186525911965
0 0.5834531819512018 0.4019883831127319 0.11926521046687384 0.06451824188232518
0 0.7314510661944211 0.4389816428519646 0.08259966837349922 0.05139095048646745
0 0.5941407819935541 0.44675145819380974 0.09253611049510865 0.03439436525911965
0 0.4726298030402415 0.4383741221556832 0.0894867052052021 0.062437544642268604
0 0.40936396359182003 0.4638593173671449 0.09253611049510883 0.03439436525911965
0 0.5311101609751017 0.48162529017474653 0.08710515785015538 0.04834777110331832
0 0.5990565241716335 0.5234775994275118 0.09353716837349921 0.051581865259119654
0 0.23424984250278041 0.4224825206962812 0.09887711575678075 0.03606595941492117
0 0.15289415571342974 0.47658759374876425 0.1064921946818584 0.05961255357072233
0 0.24517266097510157 0.47663423254683435 0.0891226841585147 0.056187544642268605
0 0.24169905047999274 0.509419459007884 0.09235409997176518 0.03126936525911965
0 0.1782512005082276 0.5380296542193456 0.11237817363517104 0.05347164772652384
0 0.35464637151256273 0.49027576704283327 0.08259966837349922 0.05139095048646745
0 0.35127147155491506 0.5347933802733581 0.06348564732681172 0.04481366801906326
0 0.30850014262983727 0.5575081314911742 0.1000601841585147 0.056378459414921166
0 0.3468045084572051 0.598060993503883 0.1059461631118273 0.05023755357072233
0 0.277698192686307 0.6164058445595432 0.05034861049510884 0.03365797970746058
0 0.13054320064940197 0.6857853157455871 0.08305469468185844 0.05920345048646745
0 0.19502292960271456 0.6931671676120261 0.0832367052052021 0.06232845048646727
0 0.2580689611727457 0.6848831091700398 0.07424113680346807 0.04187958279171564
0 0.35980576642030004 0.6702360024323367 0.0891226841585147 0.056187544642268605
0 0.41603192156903246 0.5507826189092724 0.06384966837349922 0.05106366801906326
0 0.5242462399707665 0.5323383563273707 0.06384966837349922 0.05106366801906326
0 0.37907243493497356 0.7691098790555422 0.14233868942018651 0.05867734496658024
0 0.15731926129980256 0.8168540836024946 0.14397678413027984 0.08680234496658024
0 0.6930270610739235 0.588463445611908 0.08085515785015537 0.048238676947516976
0 0.7272354611021585 0.6187782370077659 0.11890118942018653 0.058268241882325
0 0.564258777014231 0.744970769882207 0.12983868942018653 0.058459156654977563
0 0.51494058745287 0.6518286960189451 0.11237817363517096 0.05347164772652384
0 0.2181866847937992 0.6177132000794303 0.13645271046687402 0.0648182508107789
0 0.7205080479903312 0.6671475531603901 0.12856461575678074 0.036584156654977565
0 0.7165416138318165 0.7218214163909149 0.12395271046687402 0.06460006249917623
0 0.06817419033781977 0.9107074492686514 0.07424113680346807 0.041879582791715816
0 0.07882805318141585 0.5800886948044245 0.08067314732681179 0.04511367694751698
0 0.4121649269718787 0.6977394395261234 0.07360409997176517 0.03094208279171564
0 0.2826678717949114 0.7861961931795713 0.06973564732681173 0.04492276217486477
0 0.2526317612998025 0.8185177694784652 0.1059461631118273 0.05023755357072233
0 0.3050364244822171 0.8452399565722519 0.09299113680346807 0.042206865259120006
0 0.2030343087254364 0.8778694500794302 0.08049113680346806 0.04198867694751698
0 0.6134845032661204 0.6785742025117669 0.06991765785015538 0.048047762174864596
0 0.5865425716678545 0.6577707788106608 0.07634966837349921 0.05128185633066593
0 0.42988158994253156 0.5009735336819248 0.08710515785015538 0.04834777110331849
0 0.6703245794191879 0.5082986586802771 0.06973564732681173 0.04492276217486459
0 0.5530013005505798 0.5891474638758527 0.07405912628012423 0.03875458279171564
0 0.4867014663638304 0.6130156120094135 0.08674113680346807 0.04209777110331849
0 0.4928373452747906 0.5748025458567894 0.07460515785015556 0.04812958279171564
0 0.7537895268024695 0.5253964297835955 0.06946263154179633 0.040235262174864596
0 0.7589096663073607 0.5583316607088721 0.08030912628012424 0.03886367694751698
0 0.07356370050822762 0.5362023271096727 0.08259966837349916 0.05139095048646745
0 0.09535612954624482 0.6319921140413036 0.10612817363517102 0.053362553570722324
0 0.16779330069175424 0.7310120409888208 0.07460515785015547 0.04812958279171564