0 0.5925800929324525 0.5515625 0.03612767676456467 0.04375
0 0.5276887987413114 0.5625 0.06474958423309758 0.0296875
0 0.5551267145082139 0.5921875 0.048390878424238615 0.040625
0 0.571331132349709 0.62578125 0.05885478174358667 0.034375
0 0.5758168001912038 0.659375 0.03913427759440165 0.0421875
0 0.545619814713351 0.68671875 0.034683575934727706 0.0453125
0 0.5073618755012317 0.70703125 0.03709818091374952 0.0359375
0 0.44739580226579634 0.66328125 0.024716580083912552 0.0375
0 0.4026268313100905 0.71796875 0.03686138257342346 0.0328125
0 0.3623205560139959 0.10546875 0.06051237012586883 0.05625
0 0.5148415661632435 0.78359375 0.04296967261537983 0.0515625