0 0.6383383053234767 0.09531833219119819 0.04167284684397003 0.06633763154179624
0 0.6493169090875289 0.011695062142286489 0.04103617688202625 0.023390124284572978
0 0.628273602738288 0.2658128427145419 0.042980678859192524 0.060178636803468064
0 0.6854931951336338 0.21961340592519124 0.05774351581733086 0.07818518415851469
0 0.6975581605332227 0.382583842785129 0.045434516805913996 0.08214464206513998
0 0.6469095617120864 0.4587970032661204 0.0446068458553869 0.0618321420651398
0 0.6204452207996154 0.49619058745287 0.043235346843970034 0.06642863680346807
0 0.6073350671492938 0.43538189006958855 0.05066584486680377 0.0575086631118273
0 0.6727624544879929 0.5703036506635193 0.053119682813525235 0.07947466837349922
0 0.7149990340317574 0.5857697559675434 0.046615014828747546 0.0728606473268119
0 0.5006964534994097 0.5850017294474228 0.04967634783255335 0.07148015785015538
0 0.48962630232054616 0.5123832768024694 0.04923067885919252 0.060542657850155376
0 0.5940034431192863 0.62866915848544 0.045052514828747545 0.07276964206513999
0 0.6198457015222434 0.5874148269295263 0.04272601087441501 0.053928636803468065
0 0.6360490216744678 0.6488227637894641 0.026719008897248563 0.04364358418674961
0 0.6376314263133726 0.7056265006352845 0.0483048488211363 0.07607665258848365
0 0.5881407622829276 0.6960386690087838 0.037911176882026255 0.050530621018452494
0 0.6910429277962472 0.6955010717384417 0.03373301285158128 0.06275760523343692
0 0.7421411486702245 0.4361036849349736 0.07343218281352507 0.08065773677523325