0 0.7324559887809947 0.8337786332352317 0.01733295066836362 0.012699994668999893
0 0.675479282781631 0.8391297519096405 0.048982940006363405 0.047438621339908595
0 0.6764417987746314 0.787549070576095 0.031613626670908876 0.031613626670908876
0 0.716558268777813 0.8105229465706862 0.056722714672181596 0.04127952800763594
0 0.7636514447803584 0.8287275065643229 0.05519657733927232 0.04438634667409076
0 0.7360809754534945 0.8767110205681409 0.05692270934118149 0.058467028007635945
0 0.662725291454449 0.8845967932447767 0.07238407733927232 0.044586341343090655
0 0.559373024785131 0.866265511258776 0.055160214672181594 0.04126134667409076
0 0.5762974427911761 0.9106058572565491 0.05986589600572696 0.04287839067472703
0 0.6175122414464947 0.826521211250822 0.05530566534054522 0.05376134667409076
0 0.560598622772086 0.770144489258458 0.055232940006363404 0.047511346674090585
0 0.614277606102768 0.7499859832511401 0.07107611600890866 0.06644316000954512
0 0.6822281747692225 0.7476325952419133 0.04732953333863606 0.039607940006363404
0 0.7013048914305864 0.7083428285725952 0.05688634667409058 0.05534202800763595
0 0.6577543387571322 0.658842815245095 0.03780908267027261 0.02699885200509069
0 0.7134679894175416 0.612094537237459 0.05843066534054522 0.053797709341181485
0 0.8410748214114964 0.5660724178867325 0.048946577339272324 0.04431362133990877
0 0.8896294053946334 0.4412718652132783 0.05688634667409076 0.05534202800763595
0 0.8299271413908155 0.4138377558880052 0.08366702267663584 0.07440111067790856
0 0.8261567040499523 0.358405368555096 0.06464430267345414 0.05074543467536321
0 0.8528908320337258 0.23854685455127803 0.050490896005727134 0.042769302673454225
0 0.7554607540181355 0.12482125656432289 0.055287484006999676 0.05219884667409058