0 0.521738066996892 0.13424981849627385 0.04226458271265763 0.06897725897699045
0 0.4357684877988909 0.20013791802873562 0.08103598428423417 0.06295451795398091
0 0.42361093610347983 0.15711008069471813 0.055817660462916766 0.05812157220870699
0 0.35073851633493824 0.18558453863843627 0.0651198858558109 0.056613614363184704
0 0.3268023643490769 0.3424339814568439 0.06319351282028159 0.048792024004105095
0 0.296840882546042 0.31960955981387096 0.044006865177646404 0.039307939695149674
0 0.3091567919755014 0.28219137304558756 0.03782963978475227 0.04083407825883123
0 0.24498082195929075 0.21230559904148247 0.06758991439185813 0.042569295081343925
0 0.08684514433286626 0.2715255420562818 0.06824488585581087 0.05663179508134393
0 0.08938579342324346 0.22545906313352065 0.050547963606069855 0.04559430113146821
0 0.1286644631917851 0.19678916246959077 0.062067660462916716 0.058157933645025486
0 0.16661607340703283 0.156395966626121 0.05018409057054059 0.03778180113146816
0 0.03193501240599682 0.19935056020665445 0.047422963606069866 0.0455761204133089
0 0.042324548799926955 0.1541107830792914 0.06639128742738745 0.050372704722264315
0 0.07397265508623323 0.1293016806199634 0.06021406203449331 0.05189884328594587
0 0.24806739639978087 0.46303685206654455 0.05508991439185813 0.04249657220870695
0 0.2984483860606987 0.45473853873663217 0.06817211124870504 0.05506929508134402
0 0.3277399338271683 0.5134868248409856 0.06653683664159918 0.05349770472226432
0 0.38531268527491036 0.4583680536655509 0.07434933664159918 0.05354315651766228
0 0.40317442741702747 0.4897135024358869 0.05374573821317572 0.04717498184962743
0 0.3779411410230974 0.5348669211519936 0.0565068651776464 0.03938066256778665
0 0.4287052743977089 0.5515640626425414 0.06453768899896399 0.0441136143631848
0 0.3285062212545557 0.563477734481906 0.04705909057054054 0.03776362041330898
0 0.36742532609311995 0.5941646530998168 0.0695890620344933 0.051953385440423536
0 0.22422305810555185 0.0684737858097659 0.06937073821317571 0.04726588544042356
0 0.26070852171162173 0.1139862737095175 0.06839043507002263 0.059756795081343926
0 0.18805227171162173 0.11356357201231529 0.06511988585581086 0.056613614363184704
0 0.13198420822938636 0.11714256908544902 0.0682448858558109 0.05663179508134393
0 0.17701207195929075 0.21191016842151908 0.06439213978475226 0.040988614363184704
0 0.16809514433286626 0.27199824072842194 0.07235018899896399 0.04415906615858276
0 0.21170390322420643 0.33629709006449204 0.07954625889134012 0.06450792759490129
0 0.26267989826180765 0.2569277526322787 0.06973461124870503 0.05507838544042354
0 0.20124159222317042 0.37997436719185507 0.040736315963434765 0.03616475897699045
0 0.26427028515107587 0.4084584363755 0.05069351282028158 0.048719301131468204
0 0.37017568279371094 0.4184470356133742 0.07129711124870504 0.05508747579950324
0 0.2841590618250963 0.6007095688890572 0.09517125889134022 0.0645988311856975
0 0.13696303825144776 0.6935778040583344 0.05850601282028158 0.048764752926866176
0 0.20793050971540045 0.7080493702169172 0.0713698858558109 0.05664997579950324
0 0.29462998903723603 0.6913709303253757 0.07540241439185813 0.04261474687674216
0 0.43683664391858146 0.424302125874258 0.05374573821317572 0.04717498184962743
0 0.4909077138109576 0.44492369808296495 0.061412688998963995 0.0440954336450254
0 0.27902845202413334 0.4905533188890573 0.04684076674922295 0.033076120413308985
0 0.234816187341825 0.6480658370394299 0.05828768899896399 0.04407725292686617
0 0.4624893455329393 0.11984643003078818 0.06617296360606986 0.04568520472226432
0 0.3505801586008899 0.2660305627407372 0.07583906203449331 0.05198974687674198
0 0.15969194706173465 0.4101931323171656 0.066100188998964 0.044122704722264317
0 0.11363662262124455 0.159211894417414 0.06290241439185813 0.042542024004105096
0 0.2918707845319033 0.16259194535249044 0.08982878742738745 0.05050906010845857
0 0.3866053957806083 0.21781577653818784 0.05999573821317572 0.047211343285945874
0 0.23136789391858148 0.4231067436552882 0.05687073821317572 0.04719316256778665
0 0.26297315074300703 0.29676241227319905 0.07256851282028158 0.04884656615858276
0 0.3872689834556648 0.3662169151018694 0.07278683664159917 0.05353406615858276
0 0.4837008736547018 0.2566515384420446 0.06461046360606985 0.04567611436318471
0 0.2980974373418249 0.6484339965821544 0.07093323821317572 0.04727497579950324
0 0.33200790280992165 0.4877373910977643 0.05508991439185813 0.04249657220870695
0 0.2788571699734294 0.36949138514583596 0.06148546360606986 0.04565793364502539
0 0.19478619271850844 0.576758463601059 0.05396406203449331 0.051862481849627426