0 0.3862414813399774 0.19896528098052185 0.06922966378737554 0.05968926051544958
0 0.6660500948504977 0.26066185605900694 0.10284320018457009 0.07390889077317428
0 0.6873557934939084 0.3440851876962127 0.07744268198597286 0.06634869629109837
0 0.76455984114987 0.3747829890302652 0.05426599784053181 0.04488977611928178
0 0.741196982576595 0.6048013596770516 0.05733044108527156 0.06840916327441153
0 0.6748722732927263 0.6734418170494264 0.06999112739018098 0.04727114767057934
0 0.6352392743724605 0.6925293317487474 0.07714229333702498 0.06166119629109836
0 0.6727206855389424 0.7681777849372506 0.08711807063492075 0.0715275192218769
0 0.6177630752676245 0.7817589280852743 0.06257914558877822 0.05311171189493056
0 0.6171029387781448 0.8287567588179691 0.06257914558877822 0.05311171189493038
0 0.5687131084256165 0.7031525712332979 0.07361677513842757 0.05524742198083885
0 0.5189832186969344 0.6840849886915809 0.08086807063492074 0.07119997060135788
0 0.49153004473052614 0.7210560442095049 0.06354086829088246 0.04381859905006032
0 0.5187445843669232 0.7734340937345351 0.05486677513842757 0.05426477611928178
0 0.5314157626522682 0.8203467152858327 0.06560401603912887 0.05171298620519025
0 0.5000272578719062 0.9064955772261918 0.05612888648947969 0.049659163274411354
0 0.597974602104095 0.9437676051544959 0.06307979333702499 0.06092421189493038
0 0.7459300431893666 0.885676223426433 0.07285531153562204 0.06766553482570928
0 0.47833962986341644 0.7556390841235967 0.08701794108527139 0.0699650192218769
0 0.4271170913067534 0.7231674208491852 0.05104086829088246 0.043163501809022266
0 0.3858937091362105 0.8526977905914602 0.0703916455887783 0.05352114767057934