0 0.6417909801911554 0.5044641748649659 0.055608012851581276 0.062173998100139016
0 0.6096722054765762 0.621015242019306 0.04610567885919252 0.058830792553055566
0 0.588774773651634 0.6924720147207297 0.02560217787060921 0.05367051386770836
0 0.5489389994313463 0.8064974939191671 0.04486151384016459 0.06660692496187508
0 0.5299250611806137 0.908495751802952 0.04087435079830275 0.08368532218833344
0 0.50999456315778 0.8986479731176047 0.03590300790866543 0.03830008700597247
0 0.48778520699663197 0.21545296019982682 0.05430018083635879 0.06838763050895835
0 0.5311770627378506 0.11011214997934074 0.03533000494291585 0.02423758700597225
0 0.48331522429683743 0.13323987224392403 0.044543178859192525 0.058794424961875036
0 0.5054184455907443 0.6655081647969796 0.04792284684397004 0.06511716014423605
0 0.4798136091268976 0.6797700333380907 0.03086268083635879 0.06784211664124999
0 0.4574730355146322 0.6331125856747921 0.058924013840164415 0.06693423328249999
0 0.44657002760596676 0.6703943801277088 0.050856845855386724 0.06050239532659738
0 0.4264684332334546 0.7223199028291323 0.018078837946721472 0.022275043502986057
0 0.4060405281002584 0.6671050727570143 0.047795512851581276 0.06199216014423605
0 0.4820817632715107 0.7392541361116324 0.053790844866803765 0.055887630508958355
0 0.4867532420913346 0.04886487224392402 0.0362850098858317 0.04767508700597225
0 0.5489469055903069 0.4608576855985421 0.03772017589344294 0.04458645459715278
0 0.3986086659704302 0.4080930954584378 0.03140650889724857 0.04287848423243048
0 0.3819941689361797 0.3936305519554517 0.034595175893442943 0.04451371941479172
0 0.652037483119724 0.886314240119445 0.03484984387822045 0.05076371941479181
0 0.6254922291653913 0.9044641748649658 0.03309634288963732 0.046039851823611144
0 0.5918931619789165 0.8270470364722227 0.03303267589344294 0.04447735182361114
0 0.5497334727767816 0.5375111045764935 0.03296900889724856 0.04291485182361114
0 0.6027722425484452 0.4449066836986811 0.02971667490485963 0.039717116641249994
0 0.5810656803048861 0.3443066184442019 0.0555443458553869 0.060611498100138925
0 0.5990225014456938 0.4025918971295491 0.04435217787060921 0.05410692496187508
0 0.474039747491361 0.4184506736306949 0.04384284190105418 0.04160692496187508
0 0.41363680528629565 0.5382533741437852 0.03271434091247105 0.03666485182361114
0 0.39529137049560414 0.6238453820275698 0.04129084486680368 0.05559668977951393
0 0.4458458329294436 0.8033159829012504 0.02965300790866543 0.03815461664124982
0 0.41480673855693145 0.8549869324644102 0.04891234387822045 0.05109102773541672
0 0.5869005503433798 0.5657458605604171 0.03529551285158128 0.06170121941479181
0 0.6085527158566995 0.571723756836945 0.038165844866803765 0.05552395459715278
0 0.5918718932330171 0.5205060957427783 0.060168178859192525 0.059158100873680654
0 0.5428534144875554 0.41848834764263937 0.03421317391627667 0.03513871941479163
0 0.44912856669218326 0.08943466764677122 0.04747717787060921 0.05417966014423614
0 0.5091402366541271 0.07519163611163238 0.031342841901054186 0.04131598423243057
0 0.4305576388215739 0.14217780793937534 0.04648768083635879 0.06820579255305556
0 0.4751605315974805 0.2566046370615629 0.04553267589344294 0.04476829255305557
0 0.5285521284414505 0.193724083774931 0.03960101087441501 0.052435322188333355
0 0.46321362992432535 0.18516539494534762 0.0487850098858317 0.047966027735416715
0 0.438711037034688 0.22995056487322954 0.03596667490485981 0.0398625870059723
0 0.39518387152136836 0.22346352232017397 0.029844008897248565 0.04284211664125
0 0.524624679316303 0.3476848851617018 0.04272601087441501 0.052508057370694416
0 0.4924515078714844 0.3696137833380907 0.04103617688202625 0.04934668977951393
0 0.5050284678338658 0.559930312023438 0.04215300790866543 0.03844555737069442
0 0.5671889337277463 0.7232492360353824 0.035775673916276673 0.03517508700597212
0 0.56757359429815 0.752191853626563 0.029589340912471052 0.03659211664125017
0 0.532272764260094 0.7357303990294102 0.041481845855386903 0.06028418977951393
0 0.5165085014085127 0.7963587745043754 0.029525673916276675 0.03502961664125
0 0.4998329959713052 0.8217763485925698 0.03440417490485981 0.03982621941479181
0 0.5775136214841873 0.6233947064001046 0.0440975098858317 0.04785692496187508
0 0.47731866741612394 0.7985745847248615 0.04266234387822045 0.050945557370694415
0 0.4852001515987931 0.8738291578631255 0.03934634288963732 0.046185322188333086
0 0.6329943003433798 0.5668187045002435 0.03953734387822046 0.050872822188333444
0 0.5582887776059667 0.6729946628971185 0.058605678859192524 0.05912173328249999
0 0.5359946249442284 0.6060065314382296 0.06730951680591399 0.08117857123840296