0 0.62890625 0.3145570132479585 0.046875 0.027107940006363407
0 0.584375 0.28460643125400364 0.0390625 0.04732953333863606
0 0.5828125 0.23228086258754913 0.0390625 0.03326703333863605
0 0.43203125 0.20044161127468452 0.0375 0.03637385200509069
0 0.63828125 0.2589791752466858 0.0390625 0.04107953333863614
0 0.17265625 0.6487722126432283 0.05 0.04901930267345413
0 0.1640625 0.6004347099777283 0.0421875 0.04111589600572714
0 0.23515625 0.7160137093014105 0.0453125 0.04115225867281787
0 0.30625 0.6269052086250928 0.0375 0.03324885200509069
0 0.5859375 0.8572444999204581 0.0359375 0.02698067067154497
0 0.53125 0.8985058465945489 0.03125 0.0347386266709087
0 0.3859375 0.6548842106142752 0.0390625 0.04107953333863605
0 0.3171875 0.6736529392902747 0.034375 0.04571248933799978
0 0.440625 0.7104978639401847 0.025 0.044040901336727244
0 0.34921875 0.7349989719525931 0.0546875 0.039698846674090585
0 0.3046875 0.7269233899586383 0.034375 0.03789998933799978
0 0.3984375 0.8031762599459116 0.059375 0.04444089067472703
0 0.63125 0.41999849124764027 0.0265625 0.03155908267027243