0 0.1460593275294171 0.410283536717964 0.10509867688202612 0.056251845230759656
0 0.15329084878395535 0.30926548837763795 0.10956068380210837 0.08930114357108562
0 0.1879642791260226 0.24199455538929593 0.08960101087441492 0.058192853529129354
0 0.2582052059708677 0.5824760002004927 0.11399351581733086 0.08340634108157481
0 0.2703603546782734 0.6664482584988625 0.1074251808363588 0.07512024440092269
0 0.2971337603057612 0.7166016238508466 0.0974771778706093 0.0603473493799445
0 0.1841071782905388 0.7189355636876658 0.09170202174882984 0.10975535352912935
0 0.43821901673155184 0.6755361481212558 0.08905718281352523 0.08307445435896632
0 0.3971045854009015 0.7479681777902499 0.11278384288963732 0.053718841081574806
0 0.4981113284808192 0.7730255321445719 0.07585684585538673 0.06493976099766208
0 0.6952515612177947 0.44577318006533506 0.029589340912470875 0.03806868506293455
0 0.4387826798105946 0.29853594023780455 0.14457235376405234 0.1075309253146722
0 0.47737299452561144 0.38362041264340296 0.11287668479069168 0.09422544191141169