0 0.1547834060434146 0.3515028917851354 0.06859688730530311 0.04882838544042354
0 0.1446151326864496 0.24373129840099367 0.08123327962517113 0.05358860831306052
0 0.2553025801000249 0.2344921329063408 0.07011392319868044 0.04727497579950324
0 0.31205268527287433 0.2513523799794745 0.056187815518548415 0.05188066256778665
0 0.2628483071387713 0.27898702147002236 0.048193459092057724 0.04558521077238851
0 0.4053409986798518 0.4766291150505557 0.06859688730530315 0.04882838544042371
0 0.547361014119258 0.49690018755385046 0.04056281551854859 0.05178975897699054
0 0.4629776539318435 0.5239581121236896 0.05172763605166182 0.059665891490547726
0 0.4082363296378064 0.549280819871016 0.08209709765100204 0.0832761083130606
0 0.4444382540901281 0.5850137867917246 0.13017088479802066 0.07105790944452864
0 0.39983645942126217 0.6634114975641131 0.08886392319868044 0.04738406010845857
0 0.5290238542484127 0.6454694977605049 0.05922188730530316 0.048773843285945875
0 0.46683374280735707 0.6833376573032293 0.0989663489046432 0.07243860226293641
0 0.42479437767188466 0.28585866930528187 0.07140363855894431 0.03790906615858276
0 0.4065504945232167 0.35707059397331686 0.08444920783841639 0.05673178903121982
0 0.34143997156196304 0.4019881842342007 0.09133570533113407 0.07864315046753827