0 0.4552508235026142 0.31345479855657044 0.043233174452321776 0.037410719962933034
0 0.5011149044605689 0.23927076489130644 0.05172763605166182 0.06112103847458741
0 0.4346668535234969 0.10891363149619493 0.03215928213245363 0.03234127404661713
0 0.5765959407496577 0.08600686643525249 0.04515938730530315 0.04996528366526398
0 0.5933933326738143 0.23292650645378593 0.03247753087881229 0.04327877404661713
0 0.5182987412910184 0.37290915490983984 0.05825042069139794 0.07071429328391084
0 0.5580826553184988 0.40039674864923763 0.05503449247815269 0.06748016587924913
0 0.5986705513992905 0.4270758105374699 0.03931856426490725 0.06380952885594056
0 0.4535649883880245 0.5055058893007432 0.06495506175762475 0.08655754809323427
0 0.5836329216158347 0.5415475383049514 0.04346049498543501 0.045223219962933034
0 0.4917038343896739 0.5627082648913064 0.03972774122451135 0.07787202885594055
0 0.6361418076674967 0.4803992179791986 0.03279577962517131 0.05421627404661713
0 0.6783473427029442 0.31737093912325803 0.03601170783841656 0.057450401451278846
0 0.7972253748353978 0.2820013795972784 0.05650606426490725 0.0644097295815799
0 0.6816949662181937 0.1486755028255889 0.054017561757624934 0.08617560217691826
0 0.78625443408574 0.17624245291825608 0.04998327962517131 0.054816474772256506
0 0.6742746419906636 0.5914532798674308 0.06298338479802065 0.07244048439090349
0 0.8771341836900287 0.3252578170760739 0.05204588479802084 0.0720585384745874
0 0.721318441211876 0.3962573417556632 0.03950042069139812 0.07005952885594055
0 0.7620367179340534 0.4721005899415647 0.05503449247815269 0.06748016587924913
0 0.824377593560874 0.4753867918483305 0.04029003087881229 0.043551592558271325
0 0.7425916991294349 0.30888382732769293 0.03288670783841656 0.05734127404661713
0 0.5552053593959917 0.3115252216073956 0.053290136051661816 0.06117560217691818
0 0.6336880605704905 0.350148722788522 0.05154577962517113 0.05487103847458741
0 0.5428775409744493 0.4938020082678845 0.04704013605166182 0.06095734736759475
0 0.34590325257378945 0.47726681661273773 0.03601170783841656 0.057450401451278846
0 0.38567880641385544 0.4782191922033009 0.04024456677218966 0.041989092558271324
0 0.2836412818032492 0.5785589873013103 0.032704851411925785 0.05109127404661713
0 0.3612661766303997 0.5930183021847675 0.046949207838416565 0.05783234736759475
0 0.41000755351086154 0.6077057955613455 0.03325042069139794 0.06984127404661714
0 0.5418485868969565 0.5828099445655537 0.035284282132453625 0.032450401451278844
0 0.430109453352577 0.6678794037287135 0.04029003087881229 0.043551592558271325
0 0.6231296791376822 0.6057266001931837 0.048511707838416386 0.057886911069925696
0 0.7891554959098719 0.5593451295972784 0.05985838479802066 0.0723313569862416
0 0.8264294900373772 0.35122260555066126 0.03940949247815269 0.06693452885594056
0 0.7310440968595793 0.19612093249983603 0.06984113855894432 0.03990080290255769
0 0.7463137441940122 0.23461051362536206 0.05498902837152997 0.06591766587924912
0 0.6335409595542763 0.24791410019318366 0.03940949247815269 0.06693452885594056
0 0.6223199662181937 0.1507489235141614 0.04998327962517131 0.054816474772256554
0 0.6638913522698556 0.08998254910472456 0.03886392319868044 0.04818452885594056
0 0.749715192003299 0.09088779547652749 0.07065949247815269 0.06802580290255766
0 0.5704428806413856 0.03068572709210023 0.05181856426490725 0.06137145418420046
0 0.4784994215493278 0.07772562968209641 0.07015938730530316 0.05083830290255766
0 0.8803908789920328 0.15968738077840477 0.03206835391920819 0.02921627404661713
0 0.8803932275009647 0.24007428522490848 0.05512542069139812 0.07060516587924912
0 0.9331581778175341 0.1164805286014865 0.08067098997087001 0.09022818511654282
0 0.8849312779758186 0.057289067076073896 0.056324207838416386 0.05815972958157996
0 0.4809745860390266 0.4218203700634495 0.040517351411925875 0.051364092558271325
0 0.49200169959165335 0.6329389193378102 0.04998327962517131 0.05481647477225664
0 0.554328203352577 0.6635415893934106 0.053381064264907255 0.06430060217691817
0 0.3533650969260863 0.6768030251429255 0.048238923198680436 0.048511911069925695
0 0.2870641470052286 0.6486805143431523 0.05265363855894432 0.03930060217691818
0 0.5466296444314391 0.15027026307720787 0.04640363855894449 0.03908234736759484
0 0.5068397187254762 0.1766343556354793 0.038909387305303154 0.04974702885594055
0 0.30167484560593805 0.2001884506408214 0.0322956744523216 0.03702877404661713
0 0.3561062813410308 0.2607241573569106 0.045386707838416564 0.05777778366526398
0 0.41084394246551736 0.4180257366683381 0.038954851411925874 0.051309528855940555
0 0.8785626398790924 0.4102776578202468 0.03904577962517095 0.05443452885594056
0 0.7792589733443297 0.363015766620587 0.053108279625171305 0.05492560217691818
0 0.9460195421615836 0.026023003184483962 0.04538670783841638 0.052046006368967924
0 0.6645001398790926 0.41775288503957403 0.044051528371529966 0.06553571996293303
0 0.6967239550019297 0.5173064517371297 0.051864028371529966 0.06580853847458741
0 0.6671775443396616 0.6744294709744235 0.05641513605166182 0.061284729581580065
0 0.7166463469260863 0.6641169643510014 0.050346992478152684 0.06731647477225647