0 0.725858911932449 0.6670679152159185 0.07517927513842756 0.05491013192686935
0 0.6891692427464026 0.7144309127347191 0.0525032387412331 0.041391287427387444
0 0.8306429487910689 0.8557730043387171 0.05945414558877822 0.05261988585581108
0 0.7690639011351074 0.8793881327509296 0.027002590992986342 0.03241439371369381
0 0.7396267250092307 0.8819116652159185 0.03445414558877822 0.05145549214211727
0 0.7310422694259897 0.9181209929661774 0.04831638648947969 0.048985463606069854
0 0.5799093684385406 0.9663850568626977 0.06394138648947952 0.04971320967712813
0 0.5575244262735349 0.9209441242738745 0.046653756939830336 0.04735018899896417
0 0.9432979333702487 0.6203342721213974 0.05789164558877857 0.052547111248705036
0 0.8727851742709503 0.6139344148016337 0.0751187183831675 0.07827485731976366
0 0.4842910641565158 0.21572793134596893 0.05047966378737563 0.05843323821317572