0 0.5452316428519646 0.7314702462804556 0.04020798863591431 0.0674443651776464
0 0.5798736497518234 0.6555776803170208 0.03220457386326174 0.056142992142117085
0 0.6081662451254408 0.6190751000855624 0.038509120941162676 0.05955909057054054
0 0.6338559918790299 0.5678379317647628 0.028779564934808023 0.03880994292790554
0 0.6356133607915975 0.5341350198541042 0.02694432954530477 0.023112168320799497
0 0.6727821241842782 0.5582060665871165 0.043278441558013546 0.06446491439185813
0 0.7054582564895264 0.5488652998378934 0.05717730032431163 0.0557448858558109
0 0.6923758295420095 0.4712861093911874 0.033576159090609535 0.04527826674922295
0 0.722162741068251 0.43080450455262315 0.03530230032431163 0.05472604135632882
0 0.6364786111986346 0.3597343333363395 0.03206820616851012 0.048330492142117175
0 0.5408467370110612 0.25628830976269096 0.05909435633066593 0.07613016046291676
0 0.6111961931795714 0.29992483974648027 0.06394549756436803 0.08572348428423426
0 0.7194758920411857 0.5904342156774937 0.0553420649348082 0.04004711124870504
0 0.7534417889569305 0.5653956743211648 0.05901253571381489 0.07144266046291677
0 0.5428685275928448 0.6408816335840084 0.02592730032431163 0.05428939371369381
0 0.5637480434211575 0.5828315390845266 0.03492047077900686 0.03285104135632899
0 0.5991440267820659 0.5053400858175389 0.04149775324641105 0.05189213978475227
0 0.5860106014561067 0.6936042191921503 0.04316934740221221 0.05821491439185813
0 0.6162435722351136 0.7234715016571391 0.039935253246410875 0.051819365177646404
0 0.6440043335991993 0.6565001714256807 0.027462526785361163 0.0527996683207995
0 0.6657662853034825 0.6937989642297516 0.029025026785361164 0.052872442927905536
0 0.6953077349791711 0.6392548593911874 0.04785684740221221 0.05843323821317572
0 0.512586738225582 0.6978058757261257 0.025545470779006863 0.03241439371369381
0 0.5153901842478223 0.7688268511190198 0.020694329545304768 0.022821069892376044
0 0.7100402110331836 0.8113652998378935 0.03352161201270878 0.04215326674922295
0 0.6691877455324778 0.44187259119422234 0.020857970779006862 0.03219606989237604
0 0.6067171988616142 0.2672942762642449 0.028752291395857908 0.03724744292790545
0 0.6107260036468574 0.8105177373891154 0.025490923701106106 0.029289393713693813
0 0.6466401842478223 0.7627137841221276 0.027053423701106104 0.0293621683207995
0 0.6400725844099782 0.7896037698541042 0.024010244317957154 0.03390411910658777
0 0.6549202885498934 0.7443447737830455 0.023982970779006862 0.03234161910658777
0 0.7391941026739227 0.6450296703922234 0.02880683847375849 0.04037244292790554
0 0.7489139760507173 0.6195566354460353 0.02724433847375849 0.040299668320799495
0 0.7456196063273707 0.5204106600531412 0.028779564934808023 0.038809942927905364
0 0.5879258831127319 0.5793597826743857 0.0287795649348082 0.03880994292790554
0 0.6568280673671449 0.40569965074751624 0.028643197240056394 0.030997442927905537
0 0.6533581939903502 0.430881587265281 0.02562729139585791 0.03710189371369381
0 0.627072383519769 0.40317611828252764 0.030260244317957152 0.03419521753501122
0 0.4723052426931041 0.22664150517179574 0.0334670649348082 0.03902826674922295
0 0.5596825117678275 0.2155348771738677 0.03036933847375849 0.04044521753501131
0 0.5839558088457283 0.2175318707637269 0.03842730032431163 0.05487159057054054
0 0.642358238632619 0.5174012841221277 0.03036933847375849 0.04044521753501122
0 0.49497867816203767 0.4953358471900783 0.02557274431795715 0.03397689371369381
0 0.6969775547852431 0.5109479228734227 0.0287795649348082 0.038809942927905364
0 0.6371815892812421 0.6239787698541042 0.030342064934808198 0.03888271753501123
0 0.6548503303527884 0.6059543618723867 0.03185001785690744 0.03583049214211709
0 0.595111091716874 0.5430584096388564 0.028670470779006862 0.03255994292790554
0 0.5709877991032004 0.5496551660489972 0.03031479139585791 0.037320217535011226
0 0.540969062495881 0.5768555208875614 0.022393197240056395 0.030706344499482084
0 0.43331052110002305 0.5459030814743127 0.03508411201270896 0.04222604135632881
0 0.38773496834007953 0.5777374323839355 0.03861821509696402 0.06580909057054055
0 0.4058985872526472 0.5432703870986652 0.03681025324641087 0.05167381596343468
0 0.5236355121715693 0.5244946542621729 0.028725017856907443 0.03568494292790554
0 0.5357633652558245 0.547386344708879 0.025490923701106106 0.029289393713693813
0 0.5165321241842781 0.5654835272977022 0.02886138555165907 0.04349744292790554
0 0.7270235649315129 0.4853100680348586 0.033603432629560004 0.04684076674922295
0 0.7625928721556832 0.4625425020714237 0.024173885551659068 0.04327911910658777
0 0.5282336887153445 0.2951881439230907 0.03190456493480802 0.038955492142117173