0 0.8471579081325042 0.23495864326888755 0.08029371572854557 0.06539890340856669
0 0.7792192502117615 0.20882856575217765 0.09050317363517095 0.05308981818121907
0 0.7208607186417304 0.2192126866933402 0.07929265785015538 0.04821140340856669
0 0.7810554950206768 0.2845007215963763 0.10785727360693613 0.08305005357072241
0 0.8489563555863728 0.32467966234361095 0.07689569994353036 0.060656856330665934
0 0.8053505687546698 0.33636718466474536 0.05080363680346807 0.04147047970746058
0 0.8535466030967113 0.4736665872625331 0.1221927893919517 0.08798301542127547
0 0.842525074086929 0.40830068588256124 0.09223227360693613 0.08277731818121907
0 0.7797373767742346 0.46793083036267424 0.07340667889684287 0.05435230925276535
0 0.8332803347514469 0.5536268226520364 0.008176521046687313 0.0063863676947516265
0 0.7833335426580721 0.5669859391289721 0.07320925782192056 0.07776253571381489
0 0.700572063492998 0.3397570117744181 0.09132222099021767 0.06715231818121907
0 0.6274299660814817 0.2957672784135096 0.12586382096198284 0.09741256249917622
0 0.6244800003529358 0.35981614164403436 0.09296031570031094 0.09527731818121907
0 0.6629894925310152 0.4356286193229001 0.11319722099021767 0.06753414772652384
0 0.5874287794333053 0.5001644521146157 0.10602175782192055 0.07833528003177204
0 0.6233515979056266 0.5533888636408573 0.06457771046687384 0.06356366801906325
0 0.5505287479338614 0.5843173096630977 0.07506018415851479 0.05594208279171564
0 0.6077805348361516 0.6465348916440344 0.12539338410204498 0.11613528896022593
0 0.5080234585419097 0.6709093745979058 0.07587923151356132 0.07000458279171565
0 0.34660011113039335 0.6284605961876915 0.11999325256024881 0.077018241882325
0 0.4345327506352845 0.659704867698047 0.08856124203690499 0.07334777110331832
0 0.3274853610598062 0.5546509492719467 0.07331567363517096 0.05278980925276535
0 0.2990642294474228 0.5200265332814782 0.09462923151356133 0.07033186525911965
0 0.23916631370475955 0.5702407674531657 0.0660492052052021 0.06202844155801372
0 0.2843793741433986 0.477357792209932 0.10564232622365459 0.09862050649282175
0 0.32933482934860075 0.415697543427748 0.09691977360693613 0.08285913879807012
0 0.46869491900878374 0.6091593969190402 0.0777147472985769 0.07471935633066593
0 0.5033877084007354 0.5227036996789838 0.06586719468185827 0.058903441558013546
0 0.46625172944742277 0.5171082646137919 0.08434417889684287 0.05454322402541756
0 0.39307183468085977 0.48716739448340823 0.031143584186749607 0.025518197240056394
0 0.44302560302612404 0.40668896185384834 0.022967063140062294 0.01913182954530477
0 0.5049032477220999 0.36268381737373545 0.11648882096198285 0.09724892126547413
0 0.6774277790097823 0.05373373701765177 0.09628273677523325 0.07192163879807005
0 0.7676432553322591 0.059183121758532055 0.0886522472985769 0.07491027110331835
0 0.5655200422345491 0.12592811120522523 0.09664675782192056 0.07817163879807007
0 0.5203139580477996 0.15169177029583475 0.0933397472985769 0.07499209172016937
0 0.4517621081466216 0.2566889618538483 0.11236276308359247 0.08000687418757346
0 0.384681023959872 0.28283445048976263 0.08892526308359247 0.07959777110331831
0 0.6977032106786355 0.14781497362497115 0.157659852532014 0.107333033278183
0 0.7251493163355954 0.5609774468396099 0.06274219468185845 0.05884889448011297
0 0.844440973762228 0.06720808158049021 0.08176521046687384 0.063863676947517
0 0.8711014552757893 0.005917394483408206 0.057797089448421345 0.011834788966816412
0 0.8799124110456887 0.5301796400224766 0.07506018415851479 0.05594208279171564
0 0.9285088057416647 0.4864063206234416 0.08892526308359265 0.07959777110331831
0 0.7723211769718786 0.6756615097458232 0.06090667889684287 0.054134120941162676
0 0.7259669056428425 0.38614108807331193 0.0863617052052021 0.06238299756436803
0 0.4705212714702104 0.43040315138326707 0.06586719468185845 0.058903441558013726
0 0.5874111818100275 0.23246843750411914 0.08185621572854576 0.06542617694751698
0 0.5155027585983796 0.7300934598252534 0.0525481473268119 0.04462275324641087
0 0.71560917441163 0.7515751733006596 0.07551521046687384 0.06375458279171564
0 0.6933848348926213 0.7043552999238651 0.09509966837349922 0.05160913879807012
0 0.5878103981032707 0.7616104667251123 0.07175317363517095 0.05276253571381488
0 0.5485405846808599 0.48445367735784933 0.06412268415851478 0.055751168019063255
0 0.760456755755782 0.5041683392911279 0.0618321420651398 0.04322389448011279
0 0.5438068530261241 0.4049298185915514 0.09766322625188942 0.06882391233702041
0 0.626101226463651 0.1443820564166868 0.09499325256024882 0.07658186525911974
0 0.944777818825257 0.4080767690813141 0.06475972099021768 0.06668866801906326