0 0.7662218745979058 0.5250833210618389 0.03985343262955983 0.04644910266556703
0 0.8015963129095086 0.5115603786628286 0.039935253246410694 0.051136602665567035
0 0.8284451850684871 0.494381238850243 0.03661933847375849 0.040108174452321774
0 0.928234905036715 0.5929885719197687 0.05232615909060954 0.04525031551854859
0 0.9330530442418222 0.6748379654932779 0.04607615909060954 0.04506845909205772
0 0.8795149870176517 0.6553127271717605 0.0511454886359143 0.06707985141192588
0 0.891237691157567 0.699480264318779 0.04607615909060954 0.04506845909205772
0 0.8876490409954112 0.7261336925320243 0.03187729139585756 0.036846782132453626
0 0.8535916408332553 0.753673670824412 0.07312958279171582 0.07396634890464338
0 0.8645740052815963 0.7955201900247418 0.03511138555165907 0.04318771034569906
0 0.7235416765470705 0.6887426557807173 0.034975017856907445 0.03537521034569906
0 0.7434547560923752 0.6662993544479336 0.03352161201270896 0.04157974623907634
0 0.7921979935104735 0.5579041812492532 0.038209112012708955 0.041716138558944495
0 0.8286985551988707 0.5693357747436203 0.047747753246410694 0.05136392319868044
0 0.6505871919683459 0.5737374328986059 0.05736821509696384 0.06569920783841657
0 0.6260257483817375 0.7282801803913234 0.055723894480112966 0.060966243731793844
0 0.6007433303626742 0.7899223740439749 0.05704093262955982 0.046949207838416385
0 0.660722302359497 0.7983282559390018 0.024201159090609537 0.04443196159934004
0 0.6792677508173695 0.8095014366595296 0.03360343262955982 0.04626724623907634
0 0.7161501420510715 0.7990580301538965 0.05229888555165907 0.04368781551854859
0 0.7606950288205467 0.7969810531151501 0.0506545649348082 0.038954851411925694
0 0.7765148977331144 0.8300974299956121 0.047747753246410694 0.05136392319868044
0 0.7376024021973413 0.822640282661179 0.04276024431795715 0.03404003087881265
0 0.7182796578793841 0.8559983519406511 0.05887616801906326 0.0626196719450391
0 0.5364432767919517 0.8948659383088822 0.04604888555165907 0.04350595909205772
0 0.5944330547951291 0.8830275163638429 0.05095457386326174 0.056142351411925515
0 0.4672618177774773 0.20582382185326162 0.04955571509696384 0.06547188730530315