0 0.37084044612221695 0.25325070238457326 0.07046900889724857 0.04258747579950315
0 0.5080406516731552 0.068121202580965 0.06278384288963731 0.04566702400410509
0 0.16562772821398913 0.49735574726952547 0.05847834486680368 0.055014752926866174
0 0.13248496437382468 0.563158009271578 0.06530134783255326 0.06911361436318479
0 0.1299701180241462 0.624876759271578 0.03663783695813834 0.01739657825883114
0 0.1478778596211892 0.6646068797830829 0.04483233893530465 0.026817030054229463
0 0.14770410467827336 0.688039834603543 0.04221667490485981 0.039298849336070064
0 0.18262293273916308 0.7128307563447118 0.038165844866803675 0.05489657825883114
0 0.21020410467827336 0.6876762202403583 0.039155341901054186 0.04084316861791084
0 0.25100285962118923 0.664006916083828 0.05028384288963732 0.04559430113146803
0 0.22419762049560416 0.6126125877268009 0.05041117688202608 0.04871930113146803
0 0.27561022327107326 0.5201478317748727 0.05152800790866543 0.03779089149054791
0 0.42303170992520034 0.5825564073032293 0.054716674904859805 0.03937157220870695
0 0.28294126772013506 0.7044364733636163 0.062274506920082205 0.033167024004105095
0 0.2668732573400117 0.7537370365953329 0.046713173916276676 0.034638620413308986
0 0.29114374547701366 0.8098325004909792 0.050220175893442943 0.044031801131468026
0 0.3332821659332491 0.7916228559753694 0.06609984387822054 0.050372704722264315
0 0.35858059627531635 0.7266472957687149 0.03446784190105419 0.040815897540672094
0 0.3979906061611481 0.6795541271508042 0.04278967787060939 0.05336134933607006
0 0.5644141022068154 0.6973314587292851 0.04495967292769336 0.029942030054229286
0 0.47374138677004546 0.9290541574014253 0.05133700692008229 0.03310339149054755
0 0.4688337108766025 0.9728223381195843 0.03934634288963732 0.04553066861791066
0 0.5154367968461576 0.9600541725267357 0.050793178859192524 0.05809430113146803