0 0.17108705624803427 0.6652061481923628 0.06907963978475226 0.04257995658477522
0 0.22410289433737546 0.6660041185671917 0.0705693651776464 0.04106292069139794
0 0.19905154446120998 0.6175809904330885 0.052037688998963993 0.04520485141192587
0 0.32595864681857484 0.6232506657433401 0.08128854135632882 0.03669366943775678
0 0.2644346418561761 0.7046203376883792 0.07027826674922295 0.034812920691398117
0 0.2205562092673529 0.725401850620503 0.03590326674922295 0.03381271034569906
0 0.1619453426419644 0.7107232366721649 0.05806936517764645 0.04069920783841656
0 0.25205876633944746 0.7525721043814266 0.06631851282028159 0.05030152837152997
0 0.2315621757689069 0.7906176736608989 0.07362159057054055 0.03959134890464337
0 0.15103992183996545 0.7773568072052782 0.10269266046291677 0.06072220282385175
0 0.17625620740532605 0.5207203622989856 0.07293238585581086 0.058295884798020656
0 0.37537214185617607 0.7013923861181689 0.03724744292790545 0.029170674452321597