0 0.4018317554372075 0.010244277277845496 0.04859400889724856 0.020488554555690992
0 0.43872426038012335 0.02037053519756641 0.05165534190105418 0.04074107039513282
0 0.4499137697716635 0.06255608623457465 0.1034725098858317 0.053976941838012785
0 0.4242081156270504 0.12389777782048587 0.08803851087441483 0.05757183540139543
0 0.34715086710992515 0.13633742968174176 0.03571200692008221 0.03521623416055819
0 0.3891447075281046 0.16709040294653665 0.03064250494291585 0.025513452229572974
0 0.5814356838021084 0.04082356184515804 0.06947951186299814 0.06094820767745461
0 0.5532098661213419 0.11722752471839275 0.05946784190105418 0.04466764381548423
0 0.6231867850947027 0.12330292607544555 0.06520850593149899 0.03260468639013112
0 0.6070007109881457 0.16830942347755548 0.0597225098858317 0.05091764381548418
0 0.5242518779843401 0.17566273759162745 0.09272601087441501 0.0578996173323806
0 0.48282572334543533 0.23575328561415604 0.09285334486680377 0.061024617332380605
0 0.6759417119767288 0.16818945515643915 0.07193334980971962 0.08293246832111634
0 0.5726641561589605 0.3062518198909297 0.09553267589344294 0.05030563861970414
0 0.7356880795809456 0.3269745932719402 0.07273184585538672 0.06429172896477801
0 0.5157575815581119 0.3517553440282448 0.08711268083635879 0.07308757475773361
0 0.5491231798849567 0.420718511476841 0.08009867688202625 0.05390053218308673
0 0.4422537559686801 0.3937186049240081 0.07260451186299814 0.06116672896477802
0 0.36857351684309503 0.4505802461416023 0.09792284684397004 0.07072739926336595
0 0.3865223622041903 0.5065188897049848 0.09792284684397004 0.07072739926336577
0 0.24348994520799588 0.5149537386000336 0.09036501482874763 0.07643109604505724
0 0.3169592787060931 0.510599738347932 0.064184516805914 0.08394866510280767
0 0.48765378068325943 0.5080653281888029 0.09036501482874755 0.07643109604505724
0 0.5844505262346352 0.4801427879599446 0.06466467787060921 0.057495425746469306
0 0.6547046764249156 0.396882537707843 0.06491934585538672 0.06374542574646949
0 0.6797431215957305 0.5306730296620713 0.09530718281352506 0.08300887797604233
0 0.6035453775272295 0.5642064315233272 0.08711268083635879 0.07308757475773361
0 0.5978948968046014 0.6562682453852975 0.06973417984777566 0.06719820767745474
0 0.658352235739906 0.6786788409261517 0.08803851087441501 0.05757183540139543
0 0.5484506537246837 0.692631716304304 0.08191584486680377 0.06025979282674854
0 0.48761131281221265 0.66084612076345 0.0565975098858317 0.05069912252816078
0 0.44522088296443696 0.6011322671768242 0.06686384783255317 0.07322968639013112
0 0.353459147298893 0.6757112861183592 0.06711851581733078 0.07947968639013112
0 0.334975744142863 0.7412488048077925 0.08504084486680367 0.060478314114071986
0 0.389261337526792 0.7852448232451245 0.07260451186299814 0.06116672896477802
0 0.2867186107584966 0.9028854273359531 0.05634284190105419 0.04444912252816095
0 0.5355288424697079 0.798521083384583 0.05465300790866543 0.041214861884499146
0 0.1770876482874762 0.6927452388521351 0.05946784190105418 0.04466764381548423
0 0.4422033123179211 0.6616709294296402 0.05165534190105418 0.04412134059717552
0 0.4489135687437117 0.6917572671768241 0.05946784190105418 0.04466764381548423
0 0.6813109387822053 0.4537827477310861 0.07234984387822045 0.05491672896477802
0 0.48154706623507265 0.2812843069014795 0.05634284190105419 0.04444912252816078
0 0.5556557282883512 0.2541647960057162 0.07027800790866542 0.042307468321116384
0 0.31764243923931584 0.08512449094582213 0.05946784190105418 0.04466764381548418
0 0.29322464285026867 0.658769440577505 0.06740767589344294 0.048338947033792934
0 0.3784644644853678 0.597182094532448 0.07553851087441484 0.05669775025210164
0 0.44165416707055644 0.7635612113606254 0.05946784190105418 0.04466764381548423
0 0.30426425501727794 0.795105778324689 0.05921317391627658 0.03841764381548422
0 0.36301451391452655 0.8333052648310357 0.06415534190105418 0.04499542574646966
0 0.49362259638685957 0.4238160143268326 0.06453734387822045 0.05437042574646931
0 0.44948793581645574 0.45589082299302286 0.05634284190105419 0.0444491225281606
0 0.2406248607584966 0.9061086163239744 0.0597225098858317 0.05091764381548423
0 0.3642215282489826 0.9013832754746973 0.05946784190105418 0.04466764381548423
0 0.45483459938979004 0.8370697671768241 0.05465300790866543 0.041214861884498785
0 0.5057763809872706 0.5874961020740164 0.06753500988583169 0.05146394703379294
0 0.5397985539149641 0.6148891285571201 0.07209517589344294 0.048666728964778014
0 0.48917258794672147 0.005977576347217553 0.06897017589344294 0.011955152694435107
0 0.42515507516950235 0.7239741874754119 0.059595175893442945 0.047792643815484225
0 0.38088510482699756 0.8680955280725875 0.06728034190105418 0.04521394703379258
0 0.3322566038384144 0.8667951080261013 0.059595175893442945 0.047792643815484225
0 0.24611617399063873 0.810140552462004 0.059213173916276673 0.03841764381548422
0 0.23229109592974898 0.8361785285767904 0.05921317391627658 0.03841764381548422
0 0.19957143783080314 0.8792072627373486 0.05465300790866538 0.041214861884498785