0 0.882843056055043 0.44124960186124795 0.0347568080044546 0.03421317391627667
0 0.9472879114019515 0.5438281152071209 0.03789998933799978 0.03590300790866543
0 0.896288485399406 0.5230089378308032 0.034647720003181705 0.024838173916276674
0 0.8828986947405875 0.5802484348650536 0.053652258672817865 0.04747717787060921
0 0.8580992367520416 0.6635729294278462 0.06126476400381833 0.030608012851581278
0 0.8842804760900413 0.6989984348650536 0.06313634667409077 0.05723417984777566
0 0.8106157094207231 0.6764748360439172 0.04565794533736352 0.031533842889637495
0 0.816420814091314 0.7056039205305976 0.0535068080044546 0.03497717787060939
0 0.8333361414305864 0.7500224239906388 0.031886346674090404 0.055960839923887916
0 0.7817190974299502 0.7432339131162238 0.0455852200031817 0.025283842889637496
0 0.7445554521005409 0.7706121552075584 0.05688634667409058 0.05697951186299814
0 0.6799742367520415 0.6563148918616856 0.05674089600572696 0.044479511862998145
0 0.6862429654280412 0.7252877263483659 0.06471702800763594 0.058860346843970034