0 0.6353293927302034 0.4884971881749037 0.06029264381548423 0.0604323858558109
0 0.6940981053513366 0.4434350911942223 0.055823665102807674 0.06333906203449331
0 0.6393556110513197 0.5572835754784566 0.04423060124083733 0.05345463978475227
0 0.6082420048668039 0.6167335041383384 0.04822968639013112 0.066100188998964
0 0.5847609462006137 0.5723670740307145 0.04510468639013112 0.06595463978475227
0 0.5539701320865417 0.49071896774440826 0.05211951089576328 0.07718323821317571
0 0.5355750471893493 0.5527116995474433 0.05982275025210164 0.07598461124870504
0 0.50033666971751 0.6092185647250896 0.056807010895763274 0.0774015620344933
0 0.5226811993027068 0.7045845686540311 0.06316627153942492 0.07925516046291677
0 0.48030802900411906 0.6814767084387834 0.059352856688719056 0.09153683664159917
0 0.5494018724512861 0.784070861458102 0.041903276735205 0.0424443651776464
0 0.5355632475773369 0.8215537448327135 0.03663662252816078 0.05621576674922295
0 0.584689162428043 0.806724957405326 0.043323665102807676 0.0627568651776464
0 0.62480071019847 0.775072543013468 0.04397922896477802 0.0721318651776464
0 0.4427037582209986 0.8274463339555119 0.05091764381548423 0.05999573821317554
0 0.44507464139282116 0.8837691085626179 0.07955609604505724 0.09092040653397504
0 0.49570842592169634 0.8680862965281246 0.07552415990702759 0.10007708271265799
0 0.49189537504917624 0.7687219973139129 0.043323665102807676 0.0627568651776464
0 0.4428026751653917 0.6495203870986652 0.05426116510280767 0.06326628742738745
0 0.6451635786161315 0.40495694210384514 0.06240144703379293 0.06831766046291676
0 0.5943002011442922 0.4621915533525501 0.06294775025210164 0.07613016046291676