0 0.9296875 0.44872285730220235 0.0359375 0.044070904567984216
0 0.76171875 0.7758574881257541 0.0515625 0.048014776119281774
0 0.55 0.6280430286056726 0.05 0.05418288896415202
0 0.70234375 0.9297770262308234 0.0546875 0.054428550429541644
0 0.7421875 0.9840479488910605 0.0484375 0.03190410221787907
0 0.63515625 0.953599628560244 0.0484375 0.03222600180902262
0 0.53671875 0.983001687018844 0.0453125 0.03399662596231181
0 0.5984375 0.977456530414695 0.03125 0.04382524310259513
0 0.89140625 0.9123416220015235 0.0546875 0.05599105042954129
0 0.825 0.965111417908509 0.046875 0.047769114653892684
0 0.8171875 0.2881394821328602 0.046875 0.0524566146538926