0 0.5416626121366006 0.11726222321793407 0.047716234160558105 0.03516593262955987
0 0.46780413107813545 0.21319806047387657 0.054731058666190435 0.04621252678536125
0 0.5077624955605244 0.24769974553906843 0.0694491225281606 0.05583298863591431
0 0.6956502616520679 0.2835303311734531 0.10447968639013112 0.06580800649282174
0 0.8206663231682498 0.38225242898270245 0.0367787341605581 0.034975017856907445
0 0.4686332016484953 0.6277514841749827 0.06933986188449896 0.054270488635914306
0 0.8948029456964106 0.43571261972993713 0.07537134059717551 0.051254582791715644
0 0.8663008872823219 0.4643694537394688 0.07046531930985225 0.048047762174864596
0 0.7206541595780515 0.76414908563768 0.05854447351689647 0.03379434740221221
0 0.6481782260379119 0.7568099184293956 0.05876299480421991 0.03691934740221221
0 0.8094121128929052 0.33317004667745415 0.08940098960843983 0.07334777110331832
0 0.7917600731682498 0.38275698945328374 0.07399451089576345 0.07620003571381488
0 0.8709176954443091 0.36260240219734124 0.08249542574646966 0.06386367694751698
0 0.82026712144288 0.49958993344692937 0.07504355866619009 0.04656708279171564
0 0.8852037065921738 0.5109717183499655 0.0776986651028075 0.06221935633066593
0 0.7670000098104826 0.5208570073101912 0.0842000373788668 0.043605724025417555
0 0.7811224939710406 0.5550274557680637 0.058620883171822416 0.05720457386326192
0 0.7627056297407532 0.5936768985438933 0.060653276735205174 0.04163412094116268
0 0.7275222465689307 0.5379723693229 0.06388753737886681 0.04325116801906326
0 0.7131919487985037 0.5679462414818787 0.06955838317182242 0.0573954886359143
0 0.6256919487985038 0.5694735596630978 0.060434755447881724 0.038509120941162676
0 0.6087283239245544 0.606533228899977 0.062106516091543364 0.04009889448011279
0 0.5745282865456875 0.5648911996789837 0.054184755447881726 0.03840002678536116
0 0.4263307231879203 0.705145827112968 0.052840776735205174 0.041497753246410876
0 0.4888853535097512 0.7048361355549544 0.06421531930985189 0.047938668019063255
0 0.3994457950956624 0.7345566375835494 0.04470049480421991 0.03667388555165907
0 0.4128798644055145 0.781254359580372 0.0772616225281606 0.05596935633066593
0 0.4821215373019923 0.7870855738665572 0.05774679802252862 0.044704573863261744
0 0.5206213085893158 0.789542372162274 0.0367787341605581 0.034975017856907445
0 0.5572525772787491 0.8100224675358912 0.04590236188449896 0.05386138555165907
0 0.589262047945654 0.7867798364484588 0.06923060124083733 0.052707988635914305