0 0.5130769423325032 0.5263400996667685 0.06748902837152997 0.06711903349844608
0 0.6977080065974105 0.5973547286981538 0.058250420691398117 0.0713698858558109
0 0.7277749059769076 0.8530974605011888 0.046767351411925874 0.05211046360606986
0 0.619050775335522 0.8971856007002259 0.06472774122451135 0.07947348428423454
0 0.5495362457103509 0.8408949052911211 0.07718227711788864 0.07849318114108143
0 0.5147580804292293 0.8790648393276864 0.05530727711788863 0.077474336641599
0 0.4897413600544004 0.9309526710068866 0.05218227711788863 0.07732878742738762
0 0.5278096613871839 0.9522305115774273 0.053244671945039276 0.06021406203449331
0 0.461895156372619 0.9820077870131027 0.06565374373179385 0.03598442597379474
0 0.4178519881885035 0.9002976763835703 0.11287573620994654 0.12540672249741008
0 0.2736149402209323 0.6891696236547018 0.07777331050398359 0.09880568114108108
0 0.4594160479010642 0.6931423019002988 0.07165970282385156 0.10320208271265763
0 0.2560660758768828 0.5955095148871962 0.06803459765100203 0.08586903349844607
0 0.1502336130239013 0.5780972289075509 0.07589256175762475 0.0877954065339754
0 0.14783472406924553 0.3883990281217625 0.07405727711788872 0.07834763192686944
0 0.2030474098043383 0.3285553012811263 0.08406877461060622 0.10065927956950453
0 0.15446149412750526 0.21394483767505643 0.10042120031656912 0.12638702564056317
0 0.333330640208297 0.19418891749223005 0.07942673871722894 0.10200345574818703
0 0.6743112736861694 0.7585447857702483 0.08227895407749272 0.09277400496239885
0 0.527401518275893 0.6432557719165095 0.08549488229073816 0.09604455417661058
0 0.38687946984610344 0.7474980080627707 0.04717652837152997 0.06617296360606986
0 0.3281098750980952 0.7923524356891951 0.034130959092057725 0.04684076674922295
0 0.28984900864247465 0.8717102959044428 0.08227895407749282 0.09277400496239885
0 0.3064378681049732 0.07434729838564219 0.08030727711788872 0.07863873035529287
0 0.15733437384445398 0.7953211162111037 0.04892088479802066 0.0724957382131759
0 0.11868941099147252 0.7810381383370102 0.05530727711788867 0.07747433664159917
0 0.11530834672656527 0.7184653637299043 0.04667642319868044 0.048985463606069854
0 0.1287654414745735 0.6715004724974101 0.07258570533113406 0.08139985731976367
0 0.33328414225336106 0.48753865715314787 0.04355142319868044 0.04883991439185813
0 0.40686404625171163 0.5494800390800172 0.0485571719450391 0.0599957382131759
0 0.35127092728880854 0.6498759913135477 0.054716243731793845 0.05716183664159917
0 0.2899650174179632 0.7952569578151015 0.040517351411925785 0.051819365177646404
0 0.24102741224511376 0.77581344499482 0.04667642319868044 0.048985463606069854
0 0.44509278661829316 0.7907792812221345 0.04060827962517131 0.054944365177646406
0 0.4738459239235963 0.8404903368464869 0.046767351411925874 0.05211046360606986
0 0.6374775487589941 0.5383756809316842 0.05140938730530316 0.050766287427387445
0 0.6307561873179385 0.5755118078961549 0.0485571719450391 0.05999573821317572
0 0.6425946092629775 0.633797342842343 0.03757420783841638 0.057923815963434676
0 0.6683076631030436 0.6326543738595897 0.03569345909205772 0.04691354135632899
0 0.8125457449189281 0.5488701869275403 0.040517351411925875 0.051819365177646404
0 0.5696679231321735 0.5406787355225793 0.05650606426490725 0.06504711124870503
0 0.2881140462517116 0.5439491689399721 0.04520485141192578 0.052037688998964174
0 0.2555455871596538 0.497181176797855 0.05356292069139794 0.07115156203449331
0 0.17525869358614457 0.4996832845319033 0.04520485141192578 0.052037688998963993
0 0.29014217682659016 0.962226133993784 0.04069920783841656 0.0580693651776464
0 0.32146037298652413 0.9660253761359012 0.03872753087881238 0.04393409057054072
0 0.34941788842593036 0.9803874749786093 0.046858279625171126 0.03922505004278136
0 0.39930422815937366 0.9775364567816442 0.05646060015828454 0.044927086436711505
0 0.5596650666391757 0.9883519863511487 0.05136392319868044 0.023296027297702436
0 0.5852273562934768 0.9681680347367912 0.03922763605166182 0.061121590570540715
0 0.6133523562934767 0.9694779776646966 0.040699207838416386 0.0580693651776464
0 0.7685697390464334 0.7535726495001527 0.0516821719450391 0.060141287427387446
0 0.6902067098169736 0.8490071199306481 0.04060827962517131 0.054944365177646406
0 0.6951024614663263 0.9818333896800538 0.07801735141192587 0.036333220639892264
0 0.7527675796378064 0.5858757272504118 0.05650606426490725 0.06504711124870503
0 0.7603467474262106 0.524593624893047 0.03734688730530315 0.050111315963434676
0 0.3513271000917776 0.5445527905277594 0.046858279625171126 0.05523546360606986
0 0.3700376476636374 0.5976970612059238 0.046858279625171126 0.05523546360606986
0 0.18984637932123732 0.43794741790651487 0.059540136051661904 0.062067660462916764