0 0.40779716644018993 0.32421875 0.062434298022528624 0.04375
0 0.4177238234972259 0.2828125 0.08340236188449897 0.053125
0 0.5972749296817417 0.340625 0.0758412341605581 0.034375
0 0.6251160703951328 0.41171875 0.06029264381548423 0.0578125
0 0.5519899268317502 0.39609375 0.0633740851492938 0.0125
0 0.5333056288092216 0.43984375 0.04906021287323466 0.03125
0 0.6654243601197882 0.4609375 0.052622255447881724 0.0375
0 0.5802681101197882 0.4609375 0.051638909654926124 0.0234375
0 0.47162508363668465 0.428125 0.068465776735205 0.040625
0 0.540402580786693 0.48359375 0.07202781930985189 0.046875
0 0.4811204159359869 0.47109375 0.07649679802252862 0.04375
0 0.4963030195226127 0.5109375 0.065340776735205 0.040625
0 0.5013840034310693 0.55 0.062434298022528624 0.04375
0 0.535393016672621 0.56640625 0.06276207995351371 0.0484375
0 0.5556073276845999 0.6125 0.06879355866619044 0.0453125
0 0.5623054419148874 0.65078125 0.04971577673520518 0.040625
0 0.47637329575361465 0.6171875 0.038122712873234654 0.03125
0 0.4458609870874243 0.6625 0.0445912341605581 0.034375
0 0.5006195429036231 0.67265625 0.059090776735205 0.040625
0 0.3946373406740501 0.70234375 0.08318384059717551 0.05
0 0.4110760776845999 0.6125 0.061560212873234654 0.03125
0 0.3703364632022108 0.64765625 0.05127827673520517 0.040625
0 0.30647605899516644 0.63359375 0.05640281930985207 0.046875
0 0.2682165883282616 0.6109375 0.052840776735205174 0.040625
0 0.35626897334166946 0.79296875 0.05284077673520508 0.040625
0 0.21479130354728482 0.67109375 0.05237088317182241 0.05625
0 0.09121704575361467 0.6171875 0.048699579953513795 0.0484375
0 0.1081424658001009 0.665625 0.05909077673520509 0.040625
0 0.20131294761487056 0.53984375 0.062215776735205085 0.040625
0 0.14820972694796572 0.5171875 0.07715236188449896 0.053125
0 0.13967632508670982 0.59453125 0.10080838317182246 0.05625
0 0.3929537804183759 0.4359375 0.05974634059717552 0.05
0 0.35294613945288333 0.43828125 0.08027736188449897 0.053125
0 0.316107057153581 0.3953125 0.0768245799535138 0.0484375
0 0.2553880784409045 0.3921875 0.045028276735205174 0.040625
0 0.2293993788092216 0.43984375 0.048153276735205086 0.040625
0 0.17518712621133153 0.421875 0.05484031930985207 0.046875
0 0.11871860492400807 0.425 0.07748014381548418 0.0578125
0 0.2771431101197882 0.4609375 0.07635468639013113 0.0640625
0 0.3350705885803632 0.5375 0.11396394703379294 0.065625
0 0.3057769364670057 0.68828125 0.05215236188449897 0.053125
0 0.13342097124798252 0.628125 0.06868429802252858 0.04375
0 0.2576871778401563 0.10234375 0.07268338317182241 0.05625
0 0.49873924069372055 0.38671875 0.0711537341605581 0.034375
0 0.5958877562810609 0.49453125 0.05015281930985207 0.046875
0 0.3113060346057498 0.765625 0.05876299480421991 0.0359375
0 0.566429849224025 0.5359375 0.07427873416055811 0.034375
0 0.2229961955211836 0.375 0.062434298022528624 0.04375
0 0.14932374873949228 0.3671875 0.07504355866619035 0.0453125
0 0.27443446529589777 0.8125 0.053966234160558194 0.034375
0 0.317730997226883 0.8078125 0.04302873416055819 0.034375
0 0.4054930771803968 0.759375 0.06265281930985207 0.046875
0 0.15731230329518325 0.74453125 0.05084123416055819 0.034375
0 0.23722367842123404 0.7078125 0.05952781930985207 0.046875
0 0.5050652863704607 0.2515625 0.05640281930985207 0.046875
0 0.31630878896835074 0.26953125 0.0649037341605581 0.034375
0 0.4692927692705111 0.584375 0.055965776735205176 0.040625
0 0.45857914439656183 0.54765625 0.0445912341605581 0.034375
0 0.42193680405148787 0.52421875 0.05327781930985207 0.046875
0 0.41019092087966535 0.58046875 0.068465776735205 0.040625
0 0.38533266853387693 0.4890625 0.05284077673520508 0.040625
0 0.3300278094993695 0.48671875 0.05673060124083733 0.0515625
0 0.21452849563739912 0.49609375 0.07515281930985207 0.046875
0 0.16840189464866342 0.47421875 0.0553102128732347 0.03125
0 0.3287388250867098 0.59453125 0.0774037341605582 0.034375