0 0.5416331947858992 0.1711325730924698 0.02483931369509058 0.022011355386194253
0 0.516211692626431 0.2134836995559029 0.04479086829088228 0.040870439695149675
0 0.6232021722683654 0.24881214549756853 0.03944203423772628 0.05489657825883123
0 0.48739388263196826 0.30040243745565454 0.05965440468807692 0.05345225292686617
0 0.44719848164451914 0.3561257175098838 0.04841651603912887 0.048701120413308895
0 0.46142047038575223 0.3951200398167867 0.046854016039128865 0.048692030054229285
0 0.49410256245847284 0.4050899374556545 0.04186612739018116 0.04397725897699036
0 0.5607894147102263 0.39688655201523093 0.06550388648947951 0.0472386143631847
0 0.5457244216500565 0.44230359114464657 0.044991127390180984 0.04399543969514959
0 0.4384125693983032 0.45074332592114014 0.06141716378737563 0.056586343285945875
0 0.5029244548080486 0.5183620970965748 0.07185401603912886 0.04883747579950324
0 0.5043856276947227 0.5777507326351943 0.07255492288667434 0.059774975799503235
0 0.5851349799464762 0.5694655339630541 0.02361677513842757 0.05168067466803503
0 0.6276519494093777 0.6231445249860638 0.06640505243632351 0.06130111436318479
0 0.7080496506736822 0.6703508022116227 0.04372901603912886 0.048673849336070066
0 0.6622260109449999 0.6870297629840112 0.05500647748246603 0.07841589149054791
0 0.526009106256923 0.6346774435057787 0.06328005243632351 0.06128293364502539
0 0.4627581346345531 0.6233223078689634 0.05390505243632351 0.06122839149054773
0 0.5503070018457012 0.6845547236582038 0.06424177513842758 0.0519170240041051
0 0.5812659076135123 0.716417802015231 0.05779151603912887 0.048755662567786476
0 0.4890178508582522 0.740400723560008 0.05144138648947951 0.04715680113146821
0 0.5599695033868608 0.8353359736582039 0.06630492288667415 0.059738614363184436
0 0.6124319717700282 0.9100587177062754 0.07095285009228505 0.03477497579950324
0 0.6146279225729072 0.785780880372258 0.04891716378737563 0.056513620413308985
0 0.5523362785252883 0.8869621061717613 0.04519138648947969 0.04712043969514994
0 0.5830343684385406 0.9391467748878679 0.04060401603912887 0.048655668617910666
0 0.43042050816722277 0.9236222897185907 0.055828497840531635 0.04249657220870695
0 0.41291163555740373 0.9674904643866258 0.06460272054263569 0.033176114363184794
0 0.3563624444721323 0.9021699914157931 0.04106509099298643 0.031477258976990184
0 0.35243521051126125 0.9506483980316514 0.08279151603912896 0.048901108313060604
0 0.2735814204134388 0.8299682593697739 0.04070414558877822 0.05021816861791066
0 0.2594781500553732 0.86600120814011 0.04302810919158375 0.03773634933607006
0 0.24601882248062212 0.7535375695764284 0.07029151603912895 0.04882838544042354
0 0.3000252020302714 0.7547864521881815 0.051942034237726274 0.05496930113146803
0 0.3518578123015893 0.770897265518094 0.03767927513842757 0.051762487899751616
0 0.41341587599667984 0.7924222866935287 0.05516716378737563 0.05654998184962743
0 0.4671614396917703 0.8139927596643615 0.06953005243632351 0.06131929508134384
0 0.309293173191216 0.5945165726996863 0.05769138648947969 0.04719316256778665
0 0.28006555058139704 0.6384529250608185 0.04861677513842757 0.05182612041330899
0 0.28445146436877256 0.6946983798812787 0.046553627390180985 0.04400453005422929
0 0.19288572562753953 0.6561540303488169 0.07033108883351806 0.07381929508134384
0 0.3718723187799943 0.6441711390546608 0.07734255243632351 0.06136474687674216
0 0.3522199552694739 0.6911779492613153 0.05749112739018099 0.04406816256778665
0 0.434732066620526 0.6860086602300955 0.07431768198597286 0.06290906615858276
0 0.485168564922483 0.8998575367917244 0.07129281153562203 0.06445338544042371
0 0.6272163625784445 0.8724587237563999 0.06580427513842757 0.051926114363184436
0 0.6654091725729072 0.7854854437021704 0.0648425524363235 0.06129202400410509
0 0.5427832009505373 0.7744757417103806 0.06640505243632351 0.06130111436318479
0 0.44050360039682684 0.5687438921779189 0.05144138648947951 0.04715680113146821
0 0.6883601094961256 0.5704280702637994 0.04060401603912887 0.04865566861791084
0 0.6741006569952035 0.9089183985226306 0.0583922933370248 0.05813066256778647