0 0.26940712551672863 0.05543061223247847 0.0919392510334573 0.09785848997087014
0 0.12333049214211714 0.034796200316569124 0.09041098428423426 0.06504598997087015
0 0.11686647642635144 0.09702341567683305 0.0791481526050339 0.0912447771178887
0 0.664839673488086 0.5217880157686106 0.09880568114108108 0.07777331050398359
0 0.6007472483428609 0.6197875950772126 0.08372433664159899 0.055489133544379496
0 0.5298462051245052 0.7893666576927674 0.06523120181924558 0.09396060015828453
0 0.5433672036767632 0.845153656439126 0.06679370181924557 0.09400606426490725
0 0.7333885820889761 0.787487223607027 0.0790026033908223 0.08811977711788863
0 0.7424681755550007 0.7144134364600087 0.08500004631872748 0.11638116943775678
0 0.7601779063245784 0.6423709518994147 0.08190927956950453 0.08352320533113407
0 0.8579262016098486 0.663939726510021 0.05178513192686936 0.07328438730530315
0 0.8722626834128835 0.6869824214163138 0.04429796360606986 0.04654003087881229
0 0.8086604098392349 0.778754732778227 0.05156680810555194 0.06859688730530315
0 0.8763551780362 0.7580989034696252 0.0649401033908223 0.08771060015828454
0 0.809715525845451 0.51664117768452 0.05454625889134022 0.06556281551854859
0 0.8272519363083678 0.5748855866974354 0.051421258891340214 0.06547188730530315
0 0.9029796823794263 0.592692863815324 0.061014582712657625 0.0704321719450391
0 0.9211197144301302 0.7141503266683056 0.06257708271265763 0.07047763605166182
0 0.7953191937519658 0.693325698138491 0.07336903349844608 0.06767088479802066
0 0.7562502315936379 0.5915442377927921 0.06453768899896399 0.045568564264907255
0 0.677275515092084 0.6547823721951014 0.06966183664159917 0.0550799565847754
0 0.6639450692686945 0.7370947670222519 0.06043238585581072 0.0579321719450391
0 0.6745593916422699 0.7974783375553652 0.06443068114108108 0.07677310015828454
0 0.6547777386229512 0.8585378580093362 0.05683650496239885 0.08123327962517095
0 0.7447113798554457 0.846331026193452 0.0585445541766104 0.08440374373179367
0 0.7121043951569266 0.9335438696878189 0.07500430810555195 0.06927884890464356
0 0.6173162799792802 0.8917762553437694 0.06221320967712849 0.06266513605166182
0 0.6103342258026696 0.8088728271305239 0.05730738585581072 0.05784124373179367
0 0.5614364993763182 0.7138271000917775 0.03557793507002245 0.060329746239076346
0 0.6070400978047417 0.7213955591838352 0.07267982878371626 0.08637542069139795
0 0.47592068444634084 0.770633378067596 0.05334763192686935 0.07332985141192587
0 0.4739622322128104 0.8290907357477281 0.05214900496239885 0.08109688730530315
0 0.4232258699306482 0.6778177407622931 0.061232906533975215 0.0751196719450391
0 0.29866886393479214 0.4994306648189032 0.04807793507002263 0.06069345909205772
0 0.40791327729319293 0.44955634844242487 0.036922111248705036 0.05568771034569906
0 0.3998138711735025 0.22540579460235896 0.05113016046291676 0.05922188730530316
0 0.2948502353176916 0.16617789561857332 0.06413958271265771 0.07052310015828453
0 0.4422988159634347 0.04875837806759608 0.08459763192686935 0.07423913354437942
0 0.47237376778268036 0.14169603582687032 0.07609592721213972 0.09271634890464334
0 0.1664192901134746 0.4909014478092867 0.0611986732831983 0.10788670783841656
0 0.050143510958254756 0.25580137061225566 0.05578342721213973 0.09212531551854841
0 0.038321945409104795 0.06899169239901033 0.01988016046291672 0.05831260517284949
0 0.17833266935425687 0.12689878378180625 0.07660534946188072 0.10365384890464333
0 0.49068304362813125 0.6353096435070023 0.06443068114108108 0.07677310015828454
0 0.33232031017246644 0.2671326418576496 0.04680653349844599 0.0668979949854351
0 0.38396204693790015 0.3708403150563301 0.05389128742738745 0.0515003155185485
0 0.5825023624870501 0.5630829540109858 0.06341183664159918 0.05489810015828454
0 0.39528472890755084 0.1449143125490476 0.08979455417661049 0.08531302586424747