0 0.9540583413534801 0.20492000476845157 0.07657320767745475 0.07221348960843983
0 0.9400561894922242 0.12817718830859112 0.0653079257464693 0.06676116510280768
0 0.8629309607795477 0.13671059016984702 0.09329081411407217 0.08893109604505715
0 0.4655917850330784 0.10168964205077335 0.0897287715394249 0.0824625747577337
0 0.4677712800893998 0.21144705430358943 0.1032121173323807 0.09739915990702759
0 0.39329543999642735 0.3140036077739997 0.08115144703379293 0.07097877153942508
0 0.35504132316824977 0.3732036451528665 0.09408848960843982 0.07810285668871889
0 0.6162958974217805 0.29212933573037153 0.1287912715394249 0.08519409084927707
0 0.5131269747774041 0.3660745701430313 0.07188570767745457 0.07188570767745465
0 0.6496325573288081 0.3871469047881221 0.10477461733238051 0.09750842055068931
0 0.8886679241569855 0.31390687469872225 0.08772922896477837 0.07610331411407198
0 0.7337997437189391 0.44563711196137357 0.10033848960843983 0.07853989926336577
0 0.5544071746611886 0.48487384662613486 0.08416718639013113 0.06963479282674853
0 0.6400222465689307 0.5079346521902319 0.10244729282674854 0.08646165990702741
0 0.5044725126604741 0.5566667191542956 0.09921303218308672 0.08468063861970414
0 0.2733481987985037 0.5634076640944015 0.08740144703379293 0.07141581411407198
0 0.374019824176656 0.6670629057965283 0.12868201089576328 0.08363159084927715
0 0.9721634851689643 0.642999158975496 0.05567302966207137 0.11335194183801285
0 0.31286562278026225 0.10687380480779254 0.10179172896477802 0.0770866599070276
0 0.3476883730323638 0.17823535257821957 0.08071440445914586 0.064728771539425
0 0.589614157057036 0.0146452410718729 0.07090236188449897 0.0292904821437458
0 0.7287580565725034 0.1602241358465871 0.09652507475773361 0.0907121173323806
0 0.5619747481584145 0.20014928536205448 0.0856204257464693 0.06818155347041026
0 0.48171880162882486 0.2874086207634499 0.09208894703379293 0.07174359604505716
0 0.4278993049830195 0.4945052087627353 0.09132412252816077 0.06080609604505725
0 0.4104493610513197 0.5593161077739996 0.07486859604505725 0.0923074683211162
0 0.8614823473055649 0.3966700982156187 0.10346348960843983 0.0787584205506894
0 0.7529707247774041 0.349303061340955 0.09877598960843983 0.07843063861970415
0 0.9358974752816073 0.4841047602163332 0.10964778763096845 0.12272694183801285
0 0.9674217188253195 0.4130931376881725 0.06515656234936103 0.10353989926336578
0 0.7730750471893494 0.5245380081226463 0.12363387797604233 0.10038204827463008
0 0.6648308584534297 0.5595846335007986 0.07246486188449915 0.057932468321116204
0 0.6581327442231422 0.598521447362769 0.12574268119435103 0.1083038089182919
0 0.7265274651421486 0.6447683806508071 0.11905563861970414 0.10161676634364483
0 0.5697093825907448 0.6251164343733187 0.08136996832111638 0.0741037715394249
0 0.5161634015322798 0.7238542191542956 0.09877598960843983 0.07843063861970415
0 0.7641363618076245 0.7559736784212341 0.14271165990702742 0.10638067599857096
0 0.3006491180886853 0.2914344751063803 0.07224634059717552 0.05480746832111638
0 0.28351089457178885 0.2596599512211668 0.08965236188449896 0.059134335401395434
0 0.8766496173323806 0.02976682148041359 0.07079310124083733 0.0562607076774546
0 0.8461151653549092 0.0758659253191409 0.0969949683211162 0.07519637797604237
0 0.35620462144287995 0.4908828180493444 0.06396394703379293 0.06977690445914604
0 0.6390021518612559 0.033038558995166445 0.07504355866619043 0.050338489608439806
0 0.8457595222957297 0.2391853801466039 0.0653079257464693 0.06676116510280768
0 0.7615102084337593 0.23565582458250675 0.09586951089576327 0.08133711733238069
0 0.9915969101591291 0.3006259886769082 0.016806179681741897 0.05832595222957302
0 0.6219342562041863 0.21558326122473942 0.06766810124083733 0.05604218639013112
0 0.5667822164795309 0.2688992853620545 0.07090236188449897 0.057823207677454566
0 0.5109314182049008 0.1550442349937374 0.08038662252816078 0.060041271539425
0 0.5133137370105498 0.054388671131766986 0.06421531930985207 0.05113616510280765
0 0.30234801190416943 0.3494108660718729 0.0793704257464694 0.06774451089576328
0 0.6034613057393241 0.7036184927874076 0.06421531930985207 0.051136165102807676
0 0.6639835424977724 0.7158728383282617 0.08260468639013112 0.06952553218308673
0 0.366950005371007 0.7680462515894838 0.06487088317182241 0.06051116510280767
0 0.8136232735562373 0.6104155239620881 0.07101162252816096 0.05938570767745457
0 0.8574168322224278 0.652887247226883 0.11004127153942492 0.0838829631253363
0 0.7453996173323806 0.039080017428925695 0.09877598960843983 0.07816003485785139
0 0.9488707737207254 0.6204028931360541 0.10225845255854935 0.0790533514929388
0 0.6339789682442418 0.7807765724888197 0.12785148441265975 0.11622556956195354