0 0.505305066123834 0.3454444812619578 0.05850972099021767 0.06626134667409059
0 0.4498278818241449 0.2524035532702302 0.09259629465362344 0.08851815467854492
0 0.5125785108056924 0.2875865279280942 0.057220236775233246 0.07093066534054512
0 0.5489556265624731 0.2528115385900944 0.0551117052052021 0.061537484006999675
0 0.5131770212584489 0.21028823126195784 0.0340711631118273 0.04880112667090888
0 0.5223923975385734 0.17270641526100333 0.04684417889684287 0.05363407733927246
0 0.6814096237198756 0.029545666573867906 0.05015118942018652 0.05679544000636335
0 0.4709014320923762 0.5339984512651395 0.05436825256024882 0.07558180267345413
0 0.4444292083301482 0.4523308279360484 0.07642526308359247 0.07896134134309048
0 0.5026372795038926 0.5789109619271396 0.03517863680346807 0.04100680800445424
0 0.5468206480326835 0.6916013185869128 0.05364021046687402 0.06308180267345431
0 0.5087437953594953 0.6483240332590944 0.03434417889684287 0.05348862667090888
0 0.5278347005788148 0.6020393792568671 0.040412168373499216 0.05043635200509069
0 0.5787447531955333 0.5858325765834129 0.07239021046687384 0.06329997867599957
0 0.5907141321770808 0.6216064445815039 0.03040013154179615 0.039389764003817974
0 0.6486785506211671 0.645134303906777 0.041140210466874015 0.06293635200509069
0 0.6703029216396196 0.608969537237459 0.0495897472985769 0.07396475867281786
0 0.6868757716113848 0.5791093145687772 0.045554694681858444 0.05830339600572696
0 0.5815552949359722 0.20246609325273096 0.04215667889684287 0.053579533338636055
0 0.45645033717052136 0.33976719326863936 0.03903167889684287 0.05354317067154524
0 0.6376060007764589 0.8084337352403225 0.05602175782192056 0.07716248400699968
0 0.6915570243833951 0.7266110232336409 0.04684417889684287 0.05363407733927232
0 0.7033814611727456 0.671042275899141 0.037105157850155376 0.047274989337999784
0 0.6946834824311946 0.8874030725652773 0.05235072625188941 0.0677511213399086