0 0.31688751815037264 0.04048606842683627 0.04420451795398091 0.07965278366526397
0 0.19551196701890447 0.09315225535747759 0.04882838544042358 0.06887897477225653
0 0.14591596711710034 0.15971476198089954 0.042542024004105096 0.062410719962933126
0 0.4302091538853838 0.16384666815668378 0.039398843285945874 0.059176592558271415
0 0.34365403034881686 0.13874995363604628 0.056613614363184704 0.06446429328391083
0 0.49401205777076757 0.34048852450995326 0.05187157220870695 0.05492560217691826
0 0.37294051278761947 0.47515867958942914 0.034756795081344015 0.06682540145127884
0 0.3277007356602564 0.46424102695702396 0.040888620413308895 0.04673115626060227
0 0.13141102205919747 0.6390302397483809 0.059938602262936326 0.09894842068857254
0 0.21387756753332487 0.8298610816736801 0.04418633723582168 0.07652778366526398
0 0.6445872120489348 0.7734225316815293 0.06775110226293642 0.09922123920022674
0 0.2937676598373121 0.12096474211063368 0.059765885440423536 0.06926092068857251
0 0.37208355737798404 0.08542405699409089 0.04885565651766246 0.07356647477225653
0 0.36293529547412745 0.1810366573569106 0.05812157220870695 0.05514385698624165
0 0.31971201541989813 0.2262871591710091 0.05513292759490129 0.07847222958157998
0 0.37259612090428823 0.26583824329176 0.05030907220870695 0.05487103847458741
0 0.4312216871610669 0.25832335445435295 0.03467498184962743 0.05276290145127884
0 0.20133926532170224 0.16559025054815418 0.05189884328594587 0.059613102176918266
0 0.19399439793345544 0.21974203720864302 0.04570338544042354 0.06876984736759484
0 0.15066657874981054 0.28296128902274154 0.06302724082661784 0.09280754809323426
0 0.281857491415793 0.2885341880269497 0.06131020472226432 0.06619048439090332
0 0.3566029613615637 0.32966513031506856 0.056713608313060514 0.08165179328391084
0 0.4127393318730685 0.34723208703115777 0.048810204722264314 0.06575397477225656
0 0.27390811514875163 0.4465922246874385 0.051953385440423536 0.06898810217691817
0 0.2502211511549093 0.3560317120735668 0.042551114363184796 0.06397321996293304
0 0.21994732299427394 0.457849672417853 0.03627384328594587 0.05906746515360979
0 0.19873591920708603 0.34455106425048504 0.059947692622015936 0.10051092068857255
0 0.09899901873954779 0.4370783593484944 0.055096566158582806 0.07222222958158006
0 0.02498584358053345 0.3037871989115409 0.0499716871610669 0.06430060217691827
0 0.05137458499632647 0.4332738022695855 0.04260565651766242 0.07334821996293303
0 0.05716552186280577 0.511961797460262 0.04096134328594585 0.05923115626060227
0 0.20690644662903662 0.5512549320364999 0.058257927594901206 0.07858135698624161
0 0.2808752117543472 0.5916319061757842 0.05359769867214013 0.08310516587924913
0 0.23076158226585197 0.6129091946503716 0.0441045240041051 0.06246528366526398
0 0.3077735341594459 0.6672395413849943 0.03319429508134393 0.0667708377489479
0 0.24136273897990607 0.6703397487340557 0.04092498184962743 0.05298115626060227
0 0.2519184438985621 0.7355828028177397 0.048810204722264314 0.06575397477225664
0 0.42743607348525325 0.7747568863055184 0.07083065046753827 0.09151786660488845
0 0.4800388987190224 0.7283977522774346 0.03936248184962743 0.052926592558271326
0 0.5215087812325796 0.716014314165667 0.04256929508134384 0.06709821996293304
0 0.33421733861056374 0.8209721765942042 0.058285198672140125 0.08326885698624195
0 0.4396098623200812 0.5618749403892023 0.09445904800821019 0.1251488221398514
0 0.23110455425472615 0.016924572055033338 0.03755454215447766 0.01068452885594054
0 0.11540683138208918 0.03346228602751667 0.036019313231716546 0.015317465153609688
0 0.07638419623625321 0.2964905648834572 0.033076120413308895 0.04645833774894799
0 0.45752913622599045 0.435493489663563 0.06123748184962743 0.053690484390903494
0 0.3558843021134268 0.5874503484639032 0.03773634933607006 0.04193452885594055
0 0.3333371364223822 0.5694915221477006 0.037718168617910844 0.03880952885594056
0 0.5615701789696435 0.8114706579050648 0.036219301131468026 0.04969246515360979
0 0.18096559446429622 0.7138467012737936 0.04084316861791084 0.03891865626060209
0 0.08502235626995705 0.5570734008183067 0.040961343285945875 0.05923115626060227
0 0.4968531731159109 0.9262077697006298 0.08158634328594587 0.06064981252120418
0 0.40810883568369755 0.8746304007334886 0.05029089149054773 0.051746038474587405
0 0.5503059469236242 0.7337548856725462 0.05189884328594587 0.059613102176918176
0 0.39149454918656057 0.6424453833102934 0.03774543969514976 0.043497028855940555
0 0.44166324171038057 0.47744537668687154 0.04400453005422946 0.045277783665263985
0 0.4607319251590144 0.2877553941100667 0.04094316256778665 0.056106156260602266
0 0.10641310558258602 0.10251238639033637 0.0362011204133089 0.0465674651536097
0 0.04546547346181213 0.3748983070789089 0.04252384328594586 0.05928571996293304
0 0.021535863243437113 0.41715029446503715 0.043071726486874226 0.06715278366526398
0 0.33574958499632646 0.4233432084453697 0.05506020472226432 0.06597222958157989
0 0.2976950730924698 0.5199652373013103 0.058157933645025396 0.0613938569862416
0 0.19846216667300323 0.6601215005481542 0.05497839149054782 0.051909729581580064
0 0.4851728680756178 0.38297612487277294 0.050290891490547905 0.051746038474587405