0 0.4410029735504664 0.15573914554564705 0.06667083148532651 0.10056548439090336
0 0.4860207999858826 0.03178577957373073 0.06579159997176517 0.03192461179556509
0 0.5893579025884836 0.06580117022523638 0.07762374203690499 0.07443949400955022
0 0.5225245312876824 0.3238740758528664 0.06503273677523325 0.0724404843909034
0 0.5574378575819242 0.3477034454529798 0.06034523677523325 0.07227679328391083
0 0.6132867682040899 0.24907746169504863 0.06503273677523325 0.07244048439090331
0 0.3888628918533784 0.2778844748570745 0.07008425782192065 0.07885417549789597
0 0.4676164943853923 0.3851091870154594 0.08047572625188959 0.06986112141421197
0 0.4691026706513993 0.4373983733131285 0.0795502630835923 0.08074405771188112
0 0.39949582594130595 0.40689985226173625 0.07706229991529537 0.0915724303072194
0 0.3529470496329467 0.397477723042976 0.05749325256024873 0.07685516587924912
0 0.4261856705102248 0.5840352711362102 0.07926183674699842 0.10256449400955034
0 0.5743053811182731 0.5034450139646341 0.07926183674699842 0.10256449400955017
0 0.5949980417404389 0.4035913469042587 0.08965330517696728 0.09357143992586625
0 0.6535154680064459 0.45787210833700404 0.0801117052052021 0.06361112141421188
0 0.751619039039016 0.48234880788151707 0.07293624203690499 0.07427580290255768
0 0.8059047206372817 0.4639733193142625 0.07889781570031076 0.09631449400955035
0 0.8508454943148053 0.47255963483069185 0.07201077886860788 0.08515873920022674
0 0.6910356677382147 0.7406399683184706 0.08460178413027997 0.08715774881887377
0 0.6774428755742526 0.801758517592831 0.07762374203690499 0.07443949400955034
0 0.8910426439901041 0.8146752129609929 0.07421031570031075 0.09615080290255769
0 0.6303950283744978 0.623132520588056 0.06447129465362363 0.08957342068857255
0 0.5579207888978415 0.6237203084296713 0.071722352532014 0.10697917549789597
0 0.5058808757860142 0.5735640518062494 0.07293624203690499 0.07427580290255768
0 0.5632978046122699 0.7026538402808367 0.07706229991529537 0.09157243030721922
0 0.583890296649175 0.7751017591553108 0.08174979991529555 0.09173612141421188
0 0.6033830202702285 0.8420536461786192 0.07008425782192056 0.07885417549789579
0 0.7165879465362355 0.8982441371929447 0.07008425782192056 0.07885417549789579
0 0.6590554385731405 0.9679638709508758 0.05300317363517095 0.05330853847458741
0 0.7098744859281872 0.9716592675080132 0.08423776308359229 0.05668146498397349
0 0.5861184675123357 0.967914219414779 0.08708974729857691 0.06417156117044201
0 0.5202982335091128 0.7541692110620766 0.05805469468185844 0.059722229581580064
0 0.4291958203972855 0.7026488618803831 0.0754242052052021 0.0634474303072194
0 0.4936663860270093 0.8725273414619631 0.07037268415851479 0.05703373920022692
0 0.46009575185437707 0.8315923174153459 0.07515118942018653 0.058759930307219224
0 0.342880346846819 0.5592956767638404 0.11554794724210718 0.136577395460829
0 0.7045480760118931 0.34348471532324576 0.09443181043863902 0.09529763103285874
0 0.6798889812312127 0.38862360053245576 0.05805469468185844 0.05972222958157998
0 0.5167552755319005 0.8405878606992567 0.07762374203690499 0.07443949400955034
0 0.40760081243419044 0.773623560791924 0.06503273677523325 0.07244048439090349
0 0.36052839135926823 0.7953695860196675 0.05080363680346807 0.04231647477225664
0 0.543877344568919 0.19519600434598727 0.07669827886860787 0.0853224303072194
0 0.4589100813441521 0.26239837331312843 0.06319722099021767 0.06769842068857254
0 0.4940222867611158 0.10223468882955786 0.07008425782192056 0.07885417549789597
0 0.6422286284874372 0.5050372850160263 0.06788472099021767 0.06786211179556503
0 0.7662176782615584 0.7463840260303517 0.07008425782192056 0.07885417549789597
0 0.7492962177946844 0.6834202345605395 0.06283319994353036 0.06144842068857237
0 0.4625690334949953 0.7669668222246694 0.07201077886860788 0.08515873920022692
0 0.49022213858725794 0.9472545229503087 0.05529371572854593 0.06586310217691818
0 0.44722329650800063 0.918464834838541 0.06752069994353019 0.06161211179556503
0 0.4381781653191402 0.5088269400106842 0.07669827886860806 0.0853224303072194
0 0.3023709259836583 0.3590674982707195 0.059981215728545846 0.06602679328391084
0 0.35473008653523685 0.33438744600113396 0.08652830517696727 0.09346231252120454
0 0.4737923577230985 0.19664688774109876 0.06539675782192056 0.07869048439090336
0 0.564772944470097 0.29962060951813035 0.06319722099021767 0.06769842068857254
0 0.5027320309347466 0.6935218877410987 0.06503273677523325 0.07244048439090349
0 0.5747028253766086 0.996039219414779 0.05770608418674961 0.007921561170442005
0 0.48364112571542706 0.6468552188666248 0.059981215728545756 0.06602679328391084