0 0.44784983830746816 0.4235708728491959 0.0624048247398008 0.058157933645025396
0 0.3895017497728574 0.4279174843837102 0.055827276119281774 0.05187157220870695
0 0.5128895036180446 0.09982936670087576 0.07366987336031983 0.06447156615858281
0 0.49345675090451113 0.027082213110079585 0.05344590456798422 0.036237481849627384
0 0.5388920816372058 0.029689583523388498 0.059034163274411536 0.05345225292686624
0 0.5834642752147706 0.030729908757157604 0.024249727498762752 0.04543976502711465
0 0.6137725729307786 0.012942965938749957 0.027545145861557076 0.018904536104353505
0 0.6262659288782437 0.042694098452307275 0.04127345318850324 0.042414758976990444
0 0.7348840123244719 0.11830315251064168 0.06174308344622794 0.07533634328594588
0 0.43229783864615234 0.6484117915653025 0.034614017412854636 0.034565897540672096
0 0.4332362189038772 0.6812197463857628 0.06347600180902227 0.048792024004105095
0 0.4746325028250752 0.7259782553627531 0.04217421189493074 0.05960225897699054
0 0.5396909367917015 0.6857441408031767 0.058781857756487456 0.07844316256778665
0 0.5883740982570907 0.6907134419346448 0.04670458163720568 0.026826120413308986
0 0.6034978092475102 0.7259469599868217 0.0448078889641522 0.05024543969514959
0 0.6602867198083884 0.7067520532727675 0.06207063206674714 0.08158634328594587
0 0.7078334271807631 0.645328739942855 0.06323034034363299 0.0441045240041051
0 0.7730323812737776 0.7120940591264999 0.07613313206674696 0.08166815651766246
0 0.6810220279283041 0.10393158030193468 0.05952548620519007 0.06282725292686626
0 0.678981493102595 0.035190670661014285 0.07358798620519007 0.0629090661585828