0 0.04201883049255383 0.30199624011416826 0.08403766098510766 0.05538251977166349
0 0.08525293140352772 0.32886514623594776 0.06183036660488852 0.0727318458553869
0 0.05590519338442725 0.4767269846769608 0.07896330290255764 0.07186968281352524
0 0.1153074752355927 0.4735263888215739 0.06430060217691827 0.054109179847775656
0 0.1096452630772079 0.5463099728139627 0.05914187622353535 0.08510451186299797
0 0.025912664296818644 0.5258475755894318 0.05182532859363729 0.04329901384016459
0 0.1310539824071688 0.6257918843729496 0.04160714664195542 0.029780341901054184
0 0.26035953649085286 0.631445023688815 0.05212798439090331 0.06297484387822046
0 0.2852305617185963 0.6788001847535104 0.06575397477225646 0.051047846843970034
0 0.19485853286265575 0.7199292035365907 0.057197430307219396 0.07410334486680377
0 0.1299701428441223 0.7015094673767552 0.08702877404661713 0.0347516847906915
0 0.35756689710529155 0.4839386709133461 0.06268353847458741 0.05248301285158128
0 0.5251065719702153 0.5340620518262545 0.0630654843909035 0.06342051285158128
0 0.4552206579050647 0.547051483156905 0.07076885698624161 0.060613847832553344
0 0.3917484349469068 0.5550987465027779 0.07556548439090331 0.06392984882113631
0 0.509833746835139 0.5916344712939068 0.07847222958158007 0.05780718281352506
0 0.4912003087233714 0.6337410582520452 0.0896279843909035 0.06450285178688589
0 0.6007216416629959 0.602753702016535 0.04705853847458741 0.05184634288963732
0 0.3364210394860777 0.6650122573771927 0.08068949400955017 0.07662084980971962
0 0.40591508395111486 0.6855847425484451 0.048075401451278844 0.0362850098858317
0 0.44813730028585097 0.7275520666550022 0.04193452885594055 0.039155341901054186
0 0.34842747696487325 0.7456574209133461 0.06698909255827132 0.04173651384016441
0 0.43348203404378205 0.7897801526245573 0.043333337748947896 0.03453150889724874
0 0.3534026644436687 0.826589085932374 0.10229167549789597 0.0696996877564409
0 0.5092930550951744 0.7188190538034209 0.06262897477225664 0.05092051285158128
0 0.659821333951115 0.6752388556668565 0.09269842068857237 0.06306768577927464
0 0.7384646891232579 0.6572117558571369 0.058740082939624474 0.028918178859192522
0 0.7922543772350258 0.6136726614846248 0.0542708377489479 0.03497717787060921
0 0.8421204571794252 0.5484495681006958 0.0732936562606021 0.043553681824942105
0 0.7775321675237116 0.5214360819408603 0.06838790145127902 0.03711268083635879
0 0.7973015197006299 0.4691414114846248 0.05432540145127884 0.03653967787060921
0 0.7862201759612322 0.42902574745418 0.08019842068857255 0.06255834980971961
0 0.7197047985565704 0.4348565947924416 0.08154266587924912 0.05637201680591399
0 0.6359473574495779 0.44295027908884155 0.06575397477225664 0.051047846843970034
0 0.30423107677953876 0.536820931787761 0.0801438569862416 0.060995849809719616
0 0.5129662144358195 0.39023113878439286 0.09135417549789579 0.06925401878308027
0 0.6562375208817561 0.5544634406478285 0.1033085384745874 0.05413835475263547
0 0.2477529314035277 0.32224377863173104 0.05292659255827141 0.04116351087441492
0 0.04597214347709449 0.5824504026617384 0.06317461179556508 0.06654551285158128
0 0.029600642928940324 0.38106165760465427 0.04555060217691824 0.05334517589344294
0 0.0040996790412750036 0.36599241452473646 0.008199358082550007 0.03989017095052709
0 0.0019369783156355889 0.40121233152093083 0.0038739566312711777 0.04132533695813834
0 0.22936997523559272 0.46887869809938343 0.07383929328391084 0.059178681824942105
0 0.2386407931142748 0.583181278631731 0.06904266587924912 0.05586268083635879
0 0.59053067532826 0.5594812044879929 0.07830853847458741 0.053119682813525235
0 0.8819344361280331 0.6146993092034473 0.05594246515360979 0.038165844866803765
0 0.8444964343139345 0.6591324001159183 0.05621528366526398 0.045978344866803765
0 0.7282067462021669 0.705218174336206 0.06057540145127867 0.0367943458553869
0 0.7296650971979588 0.5740955083285948 0.06575397477225646 0.051047846843970034
0 0.8270658868536724 0.5997719875683483 0.06128472958157971 0.057106845855386903
0 0.39424346316987513 0.6400321620160975 0.056324411069925695 0.04910334486680377
0 0.641101105002507 0.6081296101154808 0.05643353847458741 0.052228344866803764
0 0.5509746128070555 0.6422273788985612 0.05637897477225664 0.05066584486680377
0 0.4146427540067153 0.7484203235750844 0.05481647477225664 0.05060217787060921